Plugs (frame top bottom top bottom ...)
6 1033 1050 763 786 
7 1045 1052 
5 1422 1487 1405 1469 1389 1453 1374 1439 1355 1421 1333 1402 1309 1392 1290 1381 
8 460 469 
1 821 957 797 930 772 904 747 885 721 867 697 849 675 804 658 740 636 706 612 682 590 647 565 622 537 599 513 567 492 544 473 504 482 493 
9 467 475 463 466 
12 1008 1028 1001 1052 987 1030 975 1008 957 982 939 966 921 948 904 932 892 919 887 909 882 903 877 898 
17 672 696 665 682 
16 721 754 715 744 712 736 
3 1296 1359 1291 1344 1286 1333 1277 1321 1263 1311 1252 1302 1246 1291 1236 1287 1231 1282 1229 1277 1221 1271 1218 1269 1209 1271 1204 1371 1192 1364 1186 1361 1183 1357 1179 1351 1167 1345 1162 1340 1150 1337 1144 1335 1139 1332 1134 1329 1118 1327 1113 1326 1106 1325 1104 1321 1102 1317 1088 1314 1089 1311 1084 1308 1076 1306 1074 1303 1069 1300 1062 1296 1053 1287 1046 1275 1039 1270 1036 1266 1028 1262 1025 1255 1016 1248 1004 1234 988 1218 968 1203 947 1188 923 1137 895 1123 867 1003 838 974 811 944 793 914 768 889 743 864 719 838 697 813 676 791 656 769 632 713 610 658 589 634 567 608 545 587 523 561 505 536 488 520 475 506 471 488 
15 1342 1485 1329 1479 1324 1476 1309 1465 1292 1455 1280 1448 1274 1420 1263 1416 1258 1410 1253 1393 1241 1384 1231 1374 1225 1368 1216 1363 1204 1352 1194 1347 1186 1344 1174 1341 1158 1339 1152 1336 1145 1332 1142 1331 1132 1328 1126 1322 1124 1317 1117 1314 1107 1311 1102 1309 1094 1308 1091 1306 1085 1303 1075 1302 1069 1300 1066 1298 1063 1291 1055 1285 1042 1275 1027 1262 1007 1236 986 1228 964 1185 940 1134 915 1108 
23 1146 1170 1141 1158 
22 1199 1221 1195 1215 1194 1213 
21 1435 1486 1425 1469 1415 1461 1407 1453 1393 1437 1386 1435 
