59 1342 1485
60 1329 1479
61 1324 1476
62 1309 1465
63 1292 1455
64 1280 1448
65 1274 1420
66 1263 1416
67 1258 1410
68 1253 1393
69 1241 1384
70 1231 1374
71 1225 1368
72 1216 1363
73 1204 1352
74 1194 1347
75 1186 1344
76 1174 1341
77 1158 1339
78 1152 1336
79 1145 1332
80 1142 1331
81 1132 1328
82 1126 1322
83 1124 1317
84 1117 1314
85 1107 1311
86 1102 1309
87 1094 1308
88 1091 1306
89 1085 1303
90 1075 1302
91 1069 1300
92 1066 1298
93 1063 1291
94 1055 1285
95 1042 1275
96 1027 1262
97 1007 1236
98 986 1228
99 964 1185
100 940 1134
101 915 1108
