124 1007 1024
125 1004 1017
126 1001 1052
127 996 1043
128 990 1034
129 985 1026
130 980 1018
131 975 1008
132 969 997
133 962 987
134 953 979
135 945 972
136 939 966
137 932 959
138 924 952
139 919 944
140 914 938
141 904 932
142 899 926
143 895 921
144 891 916
144 1351 1495
145 888 913
145 1345 1489
146 887 909
146 1342 1485
147 885 907
147 1334 1482
148 882 904
148 1331 1480
149 881 901
149 1327 1478
150 880 900
150 1326 1476
151 877 898
151 1324 1476
152 876 896
152 1318 1475
153 878 891
153 1312 1469
154 1305 1462
155 1300 1456
156 1292 1455
157 1287 1452
158 1285 1450
159 1279 1448
160 1275 1424
160 1434 1447
161 1274 1420
161 1440 1447
162 1273 1417
163 1266 1416
164 1261 1414
165 1259 1412
166 1258 1410
167 1257 1411
168 1254 1395
168 1408 1412
169 1251 1391
170 1245 1388
171 1241 1384
172 1239 1380
173 1234 1376
174 1230 1373
175 1226 1370
176 1225 1368
177 1220 1367
178 1218 1364
179 1213 1361
180 1206 1356
181 1204 1352
182 1196 1349
183 1197 1348
184 1193 1347
185 1189 1345
186 1186 1344
187 1186 1343
188 1182 1342
189 1153 1341
190 1161 1340
191 1158 1339
192 1154 1338
193 1153 1337
194 1148 1336
195 1147 1334
196 1145 1332
197 1144 1331
198 1140 1331
199 1140 1330
200 1137 1329
201 1132 1328
202 1128 1326
203 1126 1324
204 1126 1321
205 1126 1319
206 1124 1317
207 1121 1316
208 1117 1315
209 1116 1314
210 1112 1313
211 1107 1311
212 1106 1311
213 1102 1310
214 1100 1309
215 1097 1309
216 1094 1308
217 1095 1307
218 1093 1306
219 1090 1305
220 1087 1305
221 1085 1303
222 1078 1303
223 1076 1302
224 1073 1301
225 1070 1300
226 1069 1300
227 1069 1300
228 1067 1298
229 1066 1296
230 1064 1294
231 1063 1291
232 1060 1288
233 1057 1286
234 1052 1285
235 1047 1282
236 1042 1275
237 1036 1270
237 1439 1493
238 1030 1266
238 1436 1488
239 1023 1252
239 1434 1482
240 1015 1241
240 1430 1476
241 1007 1236
241 1425 1469
242 999 1233
242 1420 1464
243 991 1230
243 1417 1462
244 982 1226
244 1414 1459
245 973 1192
245 1409 1454
246 964 1185
246 1407 1453
247 955 1178
247 1396 1442
248 945 1173
248 1394 1438
249 935 1128
249 1390 1436
250 925 1118
250 1388 1438
251 915 1108
251 1386 1435
