1 1296 1359
2 1291 1344
3 1286 1333
4 1277 1321
5 1263 1311
6 1252 1302
7 1246 1291
8 1236 1287
9 1231 1282
10 1229 1277
11 1221 1271
12 1218 1269
13 1209 1271
14 1204 1371
15 1192 1364
16 1186 1361
17 1183 1357
18 1179 1351
19 1167 1345
20 1162 1340
21 1150 1337
22 1144 1335
23 1139 1332
24 1134 1329
25 1118 1327
26 1113 1326
27 1106 1325
28 1104 1321
29 1102 1317
30 1088 1314
31 1089 1311
32 1084 1308
33 1076 1306
34 1074 1303
35 1069 1300
36 1062 1296
37 1053 1287
38 1046 1275
39 1039 1270
40 1036 1266
41 1028 1262
42 1025 1255
43 1016 1248
44 1004 1234
45 988 1218
46 968 1203
47 947 1188
48 923 1137
49 895 1123
50 867 1003
51 838 974
52 811 944
53 793 914
54 768 889
55 743 864
56 719 838
57 697 813
58 676 791
59 656 769
60 632 713
61 610 658
62 589 634
63 567 608
64 545 587
65 523 561
66 505 536
67 488 520
68 475 506
69 471 488
