Celerities (plug_length top_celerity bottom_celerity center_celerity) unit of Diameters and Diameters/s
6.3913 0.0023913 0.000869565 0.00163043
6.71739 0.0025 0.000869565 0.00173913
6.34783 0.00271739 0.00456522 0.00358696
6.86957 0.00293478 0.000326087 0.00163043
6.82609 0.00304348 0.00326087 0.00315217
5.3913 0.00315217 0.0103261 0.00673913
5.45652 0.00347826 0.00315217 0.00336957
4.36957 0.00402174 0.00945652 0.00673913
4.06522 0.00423913 0.00576087 0.005
4.17391 0.00391304 0.00336957 0.00358696
3.86957 0.0025 0.00402174 0.00326087
3.32609 0.00369565 0.00641304 0.0051087
3.45652 0.00347826 0.00282609 0.00315217
3.63043 0.00347826 0.0026087 0.00304348
3.76087 0.00347826 0.00282609 0.00315217
3.86957 0.00423913 0.00369565 0.00391304
3.69565 0.00141304 0.00228261 0.00184783
3.91304 0.00358696 0.0025 0.00304348
4 0.0025 0.00206522 0.00228261
3.78261 0.00163043 0.00271739 0.00217391
3.86957 0.00163043 0.00119565 0.00141304
0.586957 0.00108696 0.0175 0.00934783
0.152174 0.000217391 0.0023913 0.00130435
5.17391 0.00173913 0.00108696 0.00141304
5.08696 0.000434783 0.000869565 0.000652174
4.65217 0.000978261 0.00315217 0.00206522
4.6087 0 0.000217391 0.000108696
5 0.00217391 0.000217391 0.00119565
5.26087 0.00130435 0 0.000652174
5.58696 0.00141304 -0.000217391 0.000652174
5.52174 -0.000217391 0.000108696 -0.000108696
2.69565 0.000978261 0.0151087 0.00804348
3.08696 0.00173913 -0.000217391 0.00076087
3.02174 -0.000326087 0 -0.000108696
2.54348 0.000217391 0.0026087 0.00141304
2.06522 -0.00076087 -0.000652174 -0.000652174
2.15217 -0.000108696 -0.000543478 -0.000326087
2.3913 0.000652174 -0.000543478 0
1.54348 -0.000326087 0.00391304 0.00184783
2.67391 -0.000434783 -0.00608696 -0.00326087
2.76087 -0.000543478 -0.000978261 -0.00076087
2.67391 -0.000869565 -0.000434783 -0.000652174
2.67391 0.0025 0.00271739 0.0026087
2.91304 0.00293478 0.00173913 0.00228261
2.6087 0.00315217 0.00467391 0.00391304
2.69565 0.00271739 0.00228261 0.0025
2.71739 0.0023913 0.00228261 0.0023913
2.6087 0.00228261 0.00282609 0.0025
2.15217 -0.00076087 0.00152174 0.000434783
2.06522 0.000434783 0.000869565 0.000652174
0.804348 0.000108696 0.00641304 0.00326087
0.0652174 -0.000326087 0.00336957 0.00152174
