Celerities (plug_length top_celerity bottom_celerity center_celerity) unit of Diameters and Diameters/s
10.9762 0.00119048 0.0027381 0.00202381
10.6905 0.00154762 0.00297619 0.0022619
10.6429 0.00178571 0.00202381 0.00190476
10.8095 0.00202381 0.00119048 0.00154762
10.6429 0.00202381 0.00285714 0.0025
10.4524 0.0022619 0.00321429 0.0027381
10.4762 0.00214286 0.00202381 0.00202381
10.5476 0.0022619 0.00190476 0.00214286
10.0952 0.0025 0.0047619 0.00357143
9.71429 0.00261905 0.00452381 0.00357143
9.78571 0.0027381 0.00238095 0.00261905
8.92857 0.0025 0.00678571 0.00464286
9.02381 0.00261905 0.00214286 0.00238095
9.14286 0.0027381 0.00214286 0.00238095
9.2619 0.00333333 0.0027381 0.00309524
9.47619 0.00369048 0.00261905 0.00309524
9.92857 0.00380952 0.00154762 0.0027381
8.54762 0.00380952 0.0107143 0.0072619
8.64286 0.00392857 0.00345238 0.00369048
7.7381 0.00404762 0.00857143 0.00630952
6.92857 0.00369048 0.0077381 0.00571429
7.07143 0.00380952 0.00309524 0.00345238
7.07143 0.00321429 0.00321429 0.00321429
7 0.0027381 0.00309524 0.00285714
7.19048 0.00380952 0.00285714 0.00333333
7.42857 0.00333333 0.00214286 0.0027381
7.14286 0.00404762 0.00547619 0.0047619
7.07143 0.00369048 0.00404762 0.00392857
7.16667 0.00357143 0.00309524 0.00333333
7.5 0.00321429 0.00154762 0.00238095
7.47619 0.00333333 0.00345238 0.00333333
7.66667 0.00285714 0.00190476 0.00238095
8.2381 0.00428571 0.00142857 0.00285714
8.2619 0.00297619 0.00285714 0.00297619
8.59524 0.0027381 0.00107143 0.00190476
5.07143 0.00238095 0.02 0.0111905
4.66667 -0.000833333 0.00119048 0.000119048
0.309524 0.00154762 0.0233333 0.0125
0.214286 0.00166667 0.00214286 0.00190476
0.857143 -0.000119048 0.000119048 0
0.904762 0 -0.000238095 -0.000119048
0.666667 -0.000595238 0.000595238 0
0.214286 -0.00107143 0.00119048 0.000119048
0.285714 -0.000357143 -0.000714286 -0.000595238
0.190476 -0.000952381 -0.00047619 -0.000714286
0.309524 -0.00047619 -0.00107143 -0.000714286
0.261905 -0.000952381 -0.000714286 -0.000833333
0.214286 -0.00119048 -0.000952381 -0.00107143
1.38095 0 0.00357143 0.00178571
1.14286 -0.000357143 0.000833333 0.000238095
0.666667 -0.000595238 0.00178571 0.000595238
0.785714 0.000952381 0.000357143 0.000714286
0.285714 -0.000238095 0.0022619 0.000952381
0.119048 -0.000595238 0.000238095 -0.000119048
0.142857 -0.000357143 -0.00047619 -0.00047619
0.47619 -0.000238095 -0.000238095 -0.000238095
0.380952 -0.000238095 0.000238095 0
0.452381 0 -0.000357143 -0.000119048
0.261905 -0.00047619 0.00047619 0
0.333333 -0.00047619 -0.000833333 -0.000714286
0.380952 -0.000714286 -0.000952381 -0.000833333
2.33333 -0.000119048 0.000357143 0.000119048
2.40476 0.000119048 -0.000238095 0
2.33333 -0.000357143 0 -0.000238095
2.2381 -0.000357143 0.000119048 -0.000119048
1.45238 0 0.00392857 0.00202381
1.35714 -0.00047619 0 -0.000238095
1.38095 -0.00047619 -0.000595238 -0.000595238
1.28571 -0.000833333 -0.000357143 -0.000595238
1.2381 -0.000595238 -0.000357143 -0.00047619
1.14286 -0.000952381 -0.00047619 -0.000714286
1 -0.00107143 -0.000357143 -0.000714286
1.04762 -0.000714286 -0.000952381 -0.000833333
1.07143 -0.000952381 -0.00107143 -0.000952381
