Celerities (plug_length top_celerity bottom_celerity center_celerity) unit of Diameters and Diameters/s
1.10345 0.000344828 0.0131034 0.00672414
0.775862 -0.000603448 0.00103448 0.000258621
0.586207 0.000172414 0.00112069 0.000603448
0.344828 0.00353448 0.00474138 0.00413793
0.344828 0 0 0
0.327586 0 8.62069e-05 8.62069e-05
0.603448 0.000431034 0.000431034 0.000431034
0.586207 -8.62069e-05 0 -8.62069e-05
0.258621 0.000775862 0.00241379 0.00163793
0.206897 0.000948276 0.0012069 0.00103448
0.275862 0.000689655 0.000344828 0.000517241
0.293103 0.000172414 8.62069e-05 0.000172414
0.448276 -0.000172414 -0.000948276 -0.000603448
6.43103 0.00155172 0.0012931 0.00146552
6.60345 0.00181034 0.000948276 0.00137931
6.91379 0.0012069 -0.000344828 0.000431034
6.74138 0.00189655 0.00275862 0.00232759
4.24138 0.00224138 0.0147414 0.00844828
4.56897 0.00267241 0.00103448 0.00189655
4.94828 0.00284483 0.000948276 0.00189655
5.08621 0.00293103 0.00224138 0.00258621
4.32759 0.00284483 0.00663793 0.00474138
3.24138 0.00275862 0.00818966 0.00543103
3.34483 0.00232759 0.00181034 0.00206897
1.68966 -0.000862069 0.00741379 0.00327586
2.31034 0.00189655 -0.0012069 0.000344828
1.7931 0.000431034 -0.00172414 -0.000689655
0.913793 0.000258621 0.00465517 0.0025
0.948276 0.000517241 0.000344828 0.000431034
0.396552 0 0.00275862 0.00137931
0.327586 8.62069e-05 0.000431034 0.000258621
0.310345 0.000517241 0.000603448 0.000517241
0.189655 -0.000517241 8.62069e-05 -0.000172414
0.37931 0.00146552 0.000517241 0.000948276
0.0344828 0.00887931 0.0106034 0.00974138
0.637931 8.62069e-05 -0.0012069 -0.000517241
0.827586 8.62069e-05 -0.000862069 -0.000431034
0.913793 0 -0.000431034 -0.000172414
0.672414 0.000603448 0.00181034 0.0012069
0.258621 0.00232759 0.00439655 0.00336207
6.96552 0.00275862 -0.0307759 -0.0140517
6.2069 8.62069e-05 0.00387931 0.00198276
6.03448 0.000603448 0.00146552 0.00103448
5.94828 0.00327586 0.0037069 0.00353448
5.86441 0.000847458 0.000762712 0.000762712
5.94915 0.00364407 0.00322034 0.00347458
5.77966 0.00118644 0.0020339 0.00161017
5.91525 0.00118644 0.000508475 0.000847458
6.37288 0.0029661 0.000677966 0.00177966
5.69492 0.00169492 0.00508475 0.00338983
5.71186 0.00135593 0.00127119 0.00135593
6.32203 0.00440678 0.00135593 0.00288136
6.27119 0 0.000254237 8.47458e-05
5.91525 0.00220339 0.00398305 0.00313559
6.01695 0.00228814 0.00177966 0.0020339
5.86441 0.00177966 0.00254237 0.00211864
5.71186 0 0.000762712 0.000423729
0.186441 -0.000338983 0.00805085 0.00389831
0.288136 0 -0.000508475 -0.000254237
1.13559 -0.000254237 -0.00449153 -0.00237288
0.966102 -0.000677966 0.000169492 -0.000254237
1 -8.47458e-05 -0.000254237 -0.000169492
1.10169 -0.000169492 -0.000677966 -0.000423729
5.91525 0.00118644 -0.0282203 -0.0134746
5.38983 0.00101695 0.00364407 0.00228814
5.50847 0.00161017 0.00101695 0.00135593
5.52542 0.00059322 0.000508475 0.000508475
5.38983 0.00152542 0.00220339 0.00186441
5.62712 0.00144068 0.000254237 0.000847458
5.86441 0.00118644 0 0.00059322
4.94915 0.00186441 0.00644068 0.00415254
4.77966 0.0020339 0.00288136 0.00245763
4.94915 0.00194915 0.00110169 0.00152542
5.05085 0.00194915 0.00144068 0.00169492
5.27119 0.00228814 0.00118644 0.00177966
5.49153 0.0020339 0.000932203 0.00144068
3.52542 0.0020339 0.0118644 0.00694915
4.89831 0.00194915 -0.00491525 -0.00144068
5.18644 0.00194915 0.000508475 0.00118644
5.50847 0.00177966 0.000169492 0.00101695
1.42373 0.00118644 0.0216102 0.0113559
1.54237 0.00161017 0.00101695 0.00135593
1.50847 0.000423729 0.00059322 0.000508475
0.830508 0.000847458 0.00423729 0.00254237
0.864407 8.47458e-05 -8.47458e-05 0
0.474576 0.000254237 0.00220339 0.00118644
0.644068 0.00101695 0.000169492 0.00059322
0.0508475 0.000847458 0.00381356 0.00237288
1.57627 0.000932203 0.000508475 0.000762712
1.76271 0.000508475 -0.000423729 0
1.64407 -8.47458e-05 0.000508475 0.000254237
0.966102 0.000423729 0.00381356 0.00211864
0.830508 -0.000677966 0 -0.000338983
1.0678 0.000254237 -0.000932203 -0.000338983
1.11864 -0.000508475 -0.000762712 -0.000677966
0.152542 -8.47458e-05 -0.00059322 -0.000338983
0.322034 -0.000677966 -0.00152542 -0.00110169
0.694915 0.00161017 -0.000254237 0.000677966
0.644068 -0.000847458 -0.00059322 -0.000762712
0.559322 -0.000677966 -0.000254237 -0.000423729
5.32203 -0.000423729 -0.0242373 -0.0123729
1.91525 -0.00059322 0.0164407 0.0079661
1.94915 -0.000847458 -0.00101695 -0.000932203
2.0678 8.47458e-05 -0.000508475 -0.000254237
2.18644 -0.000423729 -0.00101695 -0.000677966
1.76271 0 0.00211864 0.00101695
1.66102 -0.000423729 8.47458e-05 -0.000169492
1.77966 0.00059322 0 0.000338983
1.81356 0.000169492 0 8.47458e-05
1.72881 -0.000762712 -0.000338983 -0.00059322
1.86441 0.000338983 -0.000338983 0
1.81356 -0.000508475 -0.000254237 -0.000338983
1.98305 0.000932203 8.47458e-05 0.000508475
2.01695 0.000254237 8.47458e-05 0.000169492
2.10169 0.000254237 -0.000169492 0
2.52542 0.00186441 -0.000254237 0.000847458
2.47458 -0.000338983 -8.47458e-05 -0.000254237
2.77966 0.00135593 -0.000169492 0.00059322
2.98305 0.000677966 -0.000338983 0.000169492
2.30508 0.00101695 0.00440678 0.00271186
2.54237 0.00152542 0.000338983 0.000932203
2.76271 0.000847458 -0.000254237 0.000338983
3.18644 0.00152542 -0.00059322 0.000423729
2.11864 0.00177966 0.00711864 0.00449153
2 0.000762712 0.00135593 0.00101695
2.20339 0.00186441 0.000847458 0.00135593
2.25424 0.00059322 0.000338983 0.000508475
2.59322 0.00144068 -0.000254237 0.00059322
2.0678 0.000932203 0.00355932 0.00220339
1.94915 0.00101695 0.00161017 0.00135593
2.10169 0.00161017 0.000847458 0.00118644
2.40678 0.00220339 0.000677966 0.00144068
2.28814 0.000169492 0.000762712 0.000508475
2.47458 0.00135593 0.000423729 0.000847458
2.64407 0.00110169 0.000254237 0.000677966
2.98305 0.00169492 0 0.000847458
2.37288 0.000677966 0.00372881 0.00220339
2.49153 0.00127119 0.000677966 0.00101695
2.54237 0.00118644 0.000932203 0.00101695
2.59322 0.00127119 0.00101695 0.00118644
2.71186 0.00177966 0.00118644 0.00144068
2.69492 0.000254237 0.000338983 0.000338983
3.11864 0.00237288 0.000254237 0.00127119
3.42373 0.00169492 0.000169492 0.000932203
3.10169 0.00144068 0.00305085 0.00228814
3.35593 0.00152542 0.000254237 0.000847458
3.54237 0.000762712 -0.000169492 0.000338983
3.72881 0.00161017 0.000677966 0.00110169
3.94915 0.00177966 0.000677966 0.00127119
4.61017 0.00338983 8.47458e-05 0.00169492
5.44068 0.00559322 0.00144068 0.00355932
0.508475 -0.000847458 -0.000847458 -0.000847458
2.05085 -0.000677966 -0.00838983 -0.00449153
2.10169 -0.000169492 -0.000423729 -0.000338983
2 -0.00059322 -8.47458e-05 -0.000338983
2.08475 -0.000677966 -0.00110169 -0.000847458
1.66102 -0.000847458 0.00127119 0.000169492
1.74576 0 -0.000423729 -0.000169492
1.79661 -0.000762712 -0.00101695 -0.000932203
1.49153 -0.000254237 0.00127119 0.000508475
4.88136 -8.47458e-05 8.47458e-05 0
4.88136 -0.000169492 -0.000169492 -0.000169492
4.88136 0.00059322 0.00059322 0.00059322
4.88136 0.000338983 0.000338983 0.000338983
4.98305 0.000423729 -8.47458e-05 0.000169492
4.9322 -0.000254237 0 -8.47458e-05
5.0678 0.000423729 -0.000254237 8.47458e-05
4.49153 0.000254237 0.00313559 0.00169492
4.55932 0.000677966 0.000338983 0.000508475
4.67797 0.00059322 0 0.000254237
4.69492 0.000677966 0.00059322 0.000677966
4.52542 0.000762712 0.00161017 0.00118644
4.55932 0.000847458 0.000677966 0.000762712
4.08475 0.000932203 0.00330508 0.00211864
3.67797 0.00101695 0.00305085 0.0020339
3.83051 0.00101695 0.000254237 0.00059322
4.01695 0.00110169 0.000169492 0.000677966
4 0.000932203 0.00101695 0.000932203
3.89831 0.000677966 0.00118644 0.000932203
3.15254 0.000847458 0.00457627 0.00271186
3.32203 0.000932203 8.47458e-05 0.000508475
2.52542 0.000932203 0.00491525 0.0029661
2.57627 0.000677966 0.000423729 0.000508475
2.45763 -8.47458e-05 0.000508475 0.000254237
1.55932 8.47458e-05 0.00457627 0.00228814
1.52542 0.000508475 0.000677966 0.00059322
1.55932 0.000508475 0.000338983 0.000423729
1.64407 0.00059322 0.000169492 0.000423729
3.0678 0.000847458 0.000762712 0.000847458
3 8.47458e-05 0.000423729 0.000254237
3.22034 0.00135593 0.000254237 0.000762712
3.66102 0.00152542 -0.000677966 0.000423729
3.28814 0.00110169 0.0029661 0.0020339
3.32203 0.00059322 0.000423729 0.000508475
4.12069 0.000948276 -8.62069e-05 0.000431034
4.18966 0.000517241 0.000172414 0.000344828
4.06897 0.000258621 0.000862069 0.000517241
3.74138 0.000431034 0.00206897 0.0012931
3.81034 0.000603448 0.000258621 0.000431034
3.96552 0.000775862 0 0.000344828
4.06897 0.000775862 0.000258621 0.000517241
2.91379 0.00112069 0.00689655 0.00405172
2.13793 0.00112069 0.005 0.00301724
2.13793 0.00146552 0.00146552 0.00146552
2.2069 0.0012931 0.000948276 0.00112069
2.25862 0.0012069 0.000948276 0.00112069
2.48276 0.0012931 0.000172414 0.000689655
2.01724 0.000948276 0.00327586 0.00215517
2.10345 0.000689655 0.000258621 0.000431034
1.93103 0.000172414 0.00103448 0.000603448
0.689655 0.000517241 0.00672414 0.00362069
3.96552 0 0.00767241 0.0037931
3.96552 0.00163793 0.00163793 0.00163793
3.91379 0.000603448 0.000862069 0.000775862
3.98276 0.000603448 0.000258621 0.000431034
3.51724 0.000344828 0.00267241 0.00146552
3.63793 0.00112069 0.000517241 0.000862069
3.63793 0.00103448 0.00103448 0.00103448
3.48276 0.0012931 0.00206897 0.00163793
3.62069 0.00172414 0.00103448 0.00137931
3.7069 0.00137931 0.000948276 0.0012069
4.03448 0.00189655 0.000258621 0.00103448
2.91379 0.00172414 0.00732759 0.00456897
3.05172 0.00155172 0.000862069 0.0012069
3.22414 0.00146552 0.000603448 0.00103448
2.41379 0.0012931 0.00534483 0.00327586
2.43103 0.0012931 0.0012069 0.0012931
0.741379 0.000948276 0.00939655 0.00517241
2.53448 0.000344828 0.000689655 0.000517241
2.7069 0.000948276 8.62069e-05 0.000517241
2.48276 0.000948276 0.00206897 0.00146552
2.67241 0.0012931 0.000344828 0.000862069
2.93103 0.0012069 -8.62069e-05 0.000517241
3.41379 0.00181034 -0.000603448 0.000603448
1.51724 -0.000172414 0.000517241 0.000172414
1.55172 0.000431034 0.000258621 0.000344828
0.672414 -0.000258621 0.00413793 0.00198276
0.689655 -8.62069e-05 -0.000172414 -0.000172414
0.275862 -0.000172414 0.00189655 0.000862069
0.206897 0 0.000344828 0.000172414
0.310345 -0.000517241 -0.00103448 -0.000775862
2.18966 0.000431034 0.00241379 0.00146552
2.27586 0.000517241 8.62069e-05 0.000258621
2.43103 0.000689655 -8.62069e-05 0.000344828
2.60345 0.000775862 -8.62069e-05 0.000344828
1.94828 0.000862069 0.00413793 0.0025
1.39655 0.000862069 0.00362069 0.00224138
0.965517 0.000517241 0.00267241 0.00155172
0.362069 0.000689655 0.0037069 0.00224138
0.258621 0.000603448 0.00112069 0.000862069
0.103448 -8.62069e-05 0.000689655 0.000258621
12.6552 0.000258621 8.62069e-05 0.000172414
12.6207 -0.000172414 0 -8.62069e-05
12.5862 -0.000258621 -8.62069e-05 -0.000172414
12.6379 0 -0.000258621 -8.62069e-05
12.6897 0.000344828 8.62069e-05 0.000172414
12.8103 0.000517241 -8.62069e-05 0.000258621
2.67241 0.000948276 8.62069e-05 0.000517241
2.32759 0.000775862 0.0025 0.00163793
2.62069 0.000862069 -0.000603448 8.62069e-05
2.75862 0.000862069 0.000172414 0.000517241
3.01724 0.000603448 -0.000689655 0
1.53448 0.000689655 0.00810345 0.00439655
0.0862069 0.000258621 0.0075 0.00387931
2.7931 0.00103448 8.62069e-05 0.000517241
2.39655 0.00103448 0.00301724 0.00206897
2.05172 0.00103448 0.00275862 0.00189655
2.08621 0.000689655 0.000517241 0.000603448
2.2069 0.00103448 0.000431034 0.000689655
2.24138 0.000517241 0.000344828 0.000431034
0.103448 -0.000775862 0.00991379 0.00456897
0.103448 0.000431034 0.000431034 0.000431034
3.43103 0.000775862 -0.000258621 0.000258621
2.7069 0.00103448 0.00465517 0.00284483
2.96552 0.000948276 -0.000344828 0.000258621
2.68966 0.000948276 0.00232759 0.00163793
2.7931 0.000948276 0.000431034 0.000689655
1.87931 0.000948276 0.00551724 0.00327586
1.98276 0.000775862 0.000258621 0.000517241
1.41379 0.00137931 0.00422414 0.00275862
1.76271 0.000932203 0.000677966 0.000762712
1.88136 0.00118644 0.00059322 0.000932203
1.57627 0.00110169 0.00262712 0.00186441
1.25424 -0.00059322 0.00101695 0.000169492
1.20339 0.000508475 0.000762712 0.000677966
0.830508 0.000508475 0.00237288 0.00144068
1.08475 0.00059322 -0.000677966 -8.47458e-05
0.355932 8.47458e-05 0.00372881 0.00194915
0.440678 0 -0.000423729 -0.000254237
3.05085 0.00127119 0.000338983 0.000762712
2.62712 0.00101695 0.00313559 0.00211864
2.81356 0.000932203 0 0.000423729
3.0339 0.000847458 -0.000254237 0.000338983
2.45763 0.000932203 0.00381356 0.00237288
2.64407 0.000762712 -0.000169492 0.000254237
1.83051 0.000677966 0.00474576 0.00271186
0.135593 -0.000254237 0.00822034 0.00398305
2.43103 0.000948276 0.000517241 0.000775862
2.63793 0.000948276 -8.62069e-05 0.000431034
3.03448 0.00103448 -0.000948276 0
1.82759 0.000862069 0.00689655 0.00387931
1.18966 0.000689655 0.00387931 0.00232759
1.27586 0.000948276 0.000517241 0.000689655
1.39655 0.00112069 0.000517241 0.000862069
0.551724 0.000948276 0.00517241 0.00301724
0.37931 0.000603448 0.00146552 0.00103448
0.310345 0.000862069 0.0012069 0.00103448
12.7069 -0.000344828 8.62069e-05 -8.62069e-05
12.6379 -0.000344828 0 -0.000172414
12.6379 -8.62069e-05 -8.62069e-05 -8.62069e-05
12.6897 0.000172414 -8.62069e-05 0
12.8793 0.000603448 -0.000344828 0.000172414
12.8448 0.000258621 0.000431034 0.000344828
12.7414 -0.000603448 -8.62069e-05 -0.000344828
12.7241 -8.62069e-05 0.000258621 8.62069e-05
12.6552 -0.000258621 8.62069e-05 -8.62069e-05
12.6552 0 0 0
12.6897 0.000172414 0 8.62069e-05
12.6897 -8.62069e-05 -8.62069e-05 -8.62069e-05
12.7931 0.000431034 -8.62069e-05 0.000172414
