Celerities (plug_length top_celerity bottom_celerity center_celerity) unit of Diameters and Diameters/s
2.16216 0.000675676 0.00121622 0.000945946
0.540541 0 0.00810811 0.00405405
0.459459 0.000810811 0.00121622 0.00108108
0.297297 0.0259459 0.0267568 0.0263514
0.567568 0.00689189 0.00554054 0.00621622
1.64865 0.00878378 0.00337838 0.00608108
15.7027 0.00243243 0.00297297 0.0027027
15.5676 0.00256757 0.00324324 0.00283784
15.8108 0.00310811 0.00189189 0.00256757
15.7297 0.00324324 0.00364865 0.00337838
16.2432 0.00378378 0.00121622 0.00256757
16.4865 0.00364865 0.00243243 0.00297297
16.8378 0.00391892 0.00216216 0.00310811
16.7838 0.00405405 0.00432432 0.00418919
15.3243 0.00418919 0.0114865 0.00783784
15.3784 0.00418919 0.00391892 0.00405405
15.9459 0.00445946 0.00162162 0.00297297
16.2703 0.00472973 0.00310811 0.00391892
16.973 0.00513514 0.00162162 0.00337838
17.4595 0.00513514 0.0027027 0.00391892
12.9459 0.00540541 0.027973 0.0167568
11.7838 0.00567568 0.0114865 0.00851351
12.4054 0.00581081 0.0027027 0.00432432
13.3784 0.00608108 0.00121622 0.00364865
13.5405 0.00594595 0.00513514 0.00554054
12.8108 0.00621622 0.00986486 0.00797297
13.027 0.00608108 0.005 0.00554054
12.7027 0.0022973 0.00391892 0.00310811
5.45946 0 0.0362162 0.0181081
4.59459 0 0.00432432 0.00216216
3.48649 0 0.00554054 0.00283784
2.86486 0 0.00310811 0.00148649
2.24324 0 0.00310811 0.00162162
1.16216 0 0.00540541 0.0027027
0.486486 0.00256757 0.00256757 0.00256757
0.243243 -0.000135135 0.00108108 0.000540541
1.40541 0.0217568 0.0159459 0.0187838
1.13514 0.00202703 0.00337838 0.0027027
0.648649 -0.000405405 0.00202703 0.000810811
0.486486 0.00108108 0.00189189 0.00148649
4.51351 0.0027027 0.00175676 0.0022973
4.51351 0.00243243 0.00243243 0.00243243
4.54054 0.00297297 0.00283784 0.00283784
4.48649 0.00310811 0.00337838 0.00324324
4.54054 0.00378378 0.00351351 0.00364865
4.62162 0.00445946 0.00405405 0.00432432
4.62162 0.00405405 0.00405405 0.00405405
4.89189 0.00391892 0.00256757 0.00324324
5.10811 0.00364865 0.00256757 0.00310811
4.91892 0.00391892 0.00486486 0.00432432
5.10811 0.00405405 0.00310811 0.00364865
5.16216 0.00337838 0.00310811 0.00324324
5.59459 0.00581081 0.00364865 0.00472973
5.81081 0.00364865 0.00256757 0.00310811
5.86486 0.00378378 0.00351351 0.00364865
6.10811 0.00418919 0.00297297 0.00351351
6.18919 0.00364865 0.00324324 0.00351351
6.27027 0.00405405 0.00364865 0.00378378
6.08108 0.0022973 0.00324324 0.00283784
6.32432 0.00418919 0.00297297 0.00351351
6.45946 0.00283784 0.00216216 0.00256757
6.72973 0.00364865 0.0022973 0.00297297
6.67568 0.00310811 0.00337838 0.00324324
6.72973 0.00297297 0.0027027 0.00283784
6.83784 0.00283784 0.0022973 0.00256757
7.02703 0.00310811 0.00216216 0.00256757
7 0.00256757 0.0027027 0.0027027
7.21622 0.00337838 0.0022973 0.00283784
7.40541 0.0027027 0.00175676 0.00216216
7.54054 0.00310811 0.00243243 0.00283784
7.43243 0.00310811 0.00364865 0.00337838
7.67568 0.00351351 0.0022973 0.00283784
7.59459 0.00324324 0.00364865 0.00351351
7.54054 0.00148649 0.00175676 0.00162162
7.59459 0.00243243 0.00216216 0.0022973
7.81081 0.00297297 0.00189189 0.00243243
7.86486 0.00202703 0.00175676 0.00189189
8 0.0022973 0.00162162 0.00189189
8.21622 0.00256757 0.00148649 0.00202703
8.40541 0.00202703 0.00108108 0.00162162
8.45946 0.00189189 0.00162162 0.00175676
8.18919 0.00324324 0.00459459 0.00391892
8.24324 0.00202703 0.00175676 0.00189189
8.32432 0.0022973 0.00189189 0.00202703
8.24324 0.00108108 0.00148649 0.00135135
8.32432 0.00189189 0.00148649 0.00162162
8.27027 0.00243243 0.0027027 0.00256757
8.48649 0.00216216 0.00108108 0.00162162
8.48649 0.00121622 0.00121622 0.00121622
8.48649 0.00162162 0.00162162 0.00162162
8.32432 0.00189189 0.0027027 0.0022973
8.45946 0.00256757 0.00189189 0.0022973
8.43243 0.00175676 0.00189189 0.00175676
8.37838 0.00175676 0.00202703 0.00189189
8.62162 0.00256757 0.00135135 0.00202703
8.21622 0.00189189 0.00391892 0.00283784
8.21622 0.00108108 0.00108108 0.00108108
8.37838 0.00175676 0.000945946 0.00135135
8.59459 0.0022973 0.00121622 0.00175676
8.18919 0.00108108 0.00310811 0.00216216
7.97297 0.00148649 0.00256757 0.00202703
8.18919 0.00216216 0.00108108 0.00162162
8.13514 0.00121622 0.00148649 0.00135135
7.97297 0.00162162 0.00243243 0.00202703
8.05405 0.00148649 0.00108108 0.00121622
8.18919 0.00148649 0.000810811 0.00121622
8.40541 0.00189189 0.000810811 0.00135135
8.27027 0 0.000675676 0.00027027
7.91892 0 0.00175676 0.000945946
7 0 0.00459459 0.0022973
6.75676 0 0.00121622 0.000540541
6.54054 0 0.00108108 0.000540541
6.13514 0 0.00202703 0.00108108
5.78378 0 0.00175676 0.000810811
5.72973 0 0.00027027 0.000135135
4.91892 0 0.00405405 0.00202703
4.2973 0 0.00310811 0.00162162
3.72973 0 0.00283784 0.00135135
3.40541 0 0.00162162 0.000810811
2.81081 0 0.00297297 0.00148649
2.2973 0 0.00256757 0.00135135
1.91892 0 0.00189189 0.000945946
1.16216 0 0.00378378 0.00189189
0.513514 -0.00135135 0.00189189 0.00027027
3.37838 0.00175676 0.00432432 0.00310811
3.51351 0.00148649 0.000810811 0.00108108
3.62162 0.00216216 0.00162162 0.00189189
3.75676 0.00216216 0.00148649 0.00189189
4.05405 0.00378378 0.0022973 0.00297297
3.67568 0.000135135 0.00202703 0.00108108
3.75676 0.00256757 0.00216216 0.00243243
3.7027 0.00175676 0.00202703 0.00189189
4.02703 0.0027027 0.00108108 0.00189189
3.94595 0.000945946 0.00135135 0.00108108
4.32432 0.00216216 0.00027027 0.00121622
3.67568 0.00135135 0.00459459 0.00297297
3.89189 0.00202703 0.000945946 0.00148649
3.89189 0.00108108 0.00108108 0.00108108
3.7027 0.00121622 0.00216216 0.00175676
3.81081 0.00175676 0.00121622 0.00148649
3.97297 0.00202703 0.00121622 0.00162162
3.78378 0.000810811 0.00175676 0.00121622
4.02703 0.00216216 0.000945946 0.00162162
4.21622 0.00162162 0.000675676 0.00108108
4.2973 0.00162162 0.00121622 0.00148649
4.24324 0.000810811 0.00108108 0.000945946
4.62162 0.0027027 0.000810811 0.00175676
4.67568 0.000945946 0.000675676 0.000810811
4.75676 0.00121622 0.000810811 0.000945946
5.18919 0.0027027 0.000540541 0.00162162
5.16216 0.00027027 0.000405405 0.000405405
5.45946 0.00162162 0.000135135 0.000810811
5.24324 0.00148649 0.00256757 0.00202703
4.75676 0.00202703 0.00445946 0.00324324
4.86486 0.00121622 0.000675676 0.000945946
5.13514 0.00135135 0 0.000675676
5.67568 0.0027027 0 0.00135135
5.81081 0.000945946 0.00027027 0.000675676
5.37838 0.00202703 0.00418919 0.00310811
5.2973 0.00121622 0.00162162 0.00135135
4.56757 0.00121622 0.00486486 0.00310811
4.37838 0.00121622 0.00216216 0.00162162
4.48649 0.00162162 0.00108108 0.00135135
4.48649 0.00108108 0.00108108 0.00108108
4.67568 0.00202703 0.00108108 0.00162162
4.72973 0.00135135 0.00108108 0.00121622
4.94595 0.00175676 0.000675676 0.00121622
5.05405 0.000810811 0.00027027 0.000540541
5.35135 0.00175676 0.00027027 0.000945946
5.27027 0.00175676 0.00216216 0.00202703
5.24324 0.00108108 0.00121622 0.00108108
5.35135 0.00121622 0.000675676 0.000945946
5.59459 0.00135135 0.000135135 0.000810811
5.64865 0.00189189 0.00162162 0.00175676
5.81081 0.00243243 0.00162162 0.00202703
5.78378 0.000540541 0.000675676 0.000540541
4.51351 0.00175676 0.00810811 0.005
4.67568 0.00148649 0.000675676 0.00108108
4.78378 0.00135135 0.000810811 0.00108108
4.45946 0.00148649 0.00310811 0.0022973
4.45946 0.00108108 0.00108108 0.00108108
4.45946 0.00108108 0.00108108 0.00108108
4.64865 0.00148649 0.000540541 0.000945946
4.62162 0.00108108 0.00121622 0.00121622
4.7027 0.00162162 0.00121622 0.00135135
4.86486 0.0022973 0.00148649 0.00189189
4.78378 0.00148649 0.00189189 0.00175676
4.81081 0.000810811 0.000675676 0.000675676
4.89189 0.00135135 0.000945946 0.00121622
5.02703 0.00162162 0.000945946 0.00121622
5.27027 0.0022973 0.00108108 0.00175676
4.86486 0.00108108 0.00310811 0.00202703
4.86486 0.000810811 0.000810811 0.000810811
4.89189 0.000540541 0.000405405 0.000540541
4.59459 0.00135135 0.00283784 0.00202703
4.78378 0.00121622 0.00027027 0.000810811
4.40541 0.00148649 0.00337838 0.00243243
4.35135 0.00121622 0.00148649 0.00135135
4.45946 0.00162162 0.00108108 0.00135135
4.72973 0.00283784 0.00148649 0.00216216
4.64865 0.00121622 0.00162162 0.00135135
3.89189 0.000945946 0.00472973 0.00283784
4.10811 0.00256757 0.00148649 0.00202703
4 0.00189189 0.00243243 0.00216216
4.10811 0.00324324 0.0027027 0.00297297
4.02703 0.00216216 0.00256757 0.00243243
3.18919 0.00243243 0.00662162 0.00445946
3.54054 0.00351351 0.00175676 0.0027027
2.64865 0.00256757 0.00702703 0.00472973
2.56757 0.00310811 0.00351351 0.00337838
2.59459 0.00256757 0.00243243 0.00243243
2.24324 0.0022973 0.00405405 0.00324324
2.21622 0.0022973 0.00243243 0.0022973
2.13514 0.0022973 0.0027027 0.00256757
1.64865 0.000810811 0.00324324 0.00202703
1.16216 0.00243243 0.00486486 0.00364865
6.42105 0.00131579 0.00144737 0.00131579
5.76316 0.00263158 0.00592105 0.00434211
5.76316 0.00184211 0.00184211 0.00184211
5.81579 0.00157895 0.00131579 0.00144737
5.60526 0.000921053 0.00197368 0.00144737
5.97368 0.00236842 0.000526316 0.00144737
4.84211 0.00236842 0.00802632 0.00513158
5.07895 0.00263158 0.00144737 0.00210526
5.13158 0.00144737 0.00118421 0.00131579
5.18421 0.00184211 0.00157895 0.00171053
4.97368 0.00144737 0.0025 0.00197368
5.13158 0.00236842 0.00157895 0.00197368
5.21053 0.00171053 0.00131579 0.00144737
5.07895 0.00157895 0.00223684 0.00197368
5.28947 0.00236842 0.00131579 0.00184211
5.42105 0.00144737 0.000789474 0.00105263
5.05263 0.00105263 0.00289474 0.00197368
5.02632 0.00118421 0.00131579 0.00131579
5.13158 0.00157895 0.00105263 0.00131579
5.05263 0.000921053 0.00131579 0.00105263
5 0.00157895 0.00184211 0.00171053
4.76316 0.00210526 0.00328947 0.00276316
4.89474 0.0025 0.00184211 0.00210526
5.05263 0.00197368 0.00118421 0.00157895
4.60526 0.00223684 0.00447368 0.00342105
4.44737 0.00276316 0.00355263 0.00315789
4.5 0.0025 0.00223684 0.00236842
4.21053 0.00302632 0.00447368 0.00368421
4.55263 0.00342105 0.00171053 0.00263158
4.97368 0.00342105 0.00131579 0.00236842
5.36842 0.00328947 0.00131579 0.00223684
4.47368 0.00328947 0.00776316 0.00552632
4.76316 0.00355263 0.00210526 0.00289474
2.89474 0.00328947 0.0126316 0.00789474
3.44737 0.00315789 0.000394737 0.00184211
1.78947 0 0.00828947 0.00407895
3.42105 0.00171053 0.00105263 0.00131579
3.65789 0.00184211 0.000657895 0.00131579
3.73684 0.00105263 0.000657895 0.000789474
4.21053 0.00157895 -0.000789474 0.000394737
3.31579 0.000921053 0.00539474 0.00315789
3.07895 0.00197368 0.00315789 0.00263158
3.26316 0.000394737 -0.000526316 -0.000131579
3.28947 0.000789474 0.000657895 0.000789474
3.71053 0.00223684 0.000131579 0.00118421
3.63158 -0.00105263 -0.000657895 -0.000921053
4 0.000789474 -0.00105263 -0.000131579
4.02632 0.000394737 0.000263158 0.000394737
4.07895 -0.000263158 -0.000526316 -0.000394737
4.34211 0.000131579 -0.00118421 -0.000526316
3.88889 0.000972222 0.000972222 0.000972222
3.75 0.00138889 0.00208333 0.00180556
4.05556 0.00194444 0.000416667 0.00111111
3.80556 0.00277778 0.00402778 0.00347222
3.30556 0.000833333 0.00333333 0.00208333
3.27778 0.00208333 0.00222222 0.00208333
2.83333 0.0025 0.00472222 0.00361111
2.86111 0.00236111 0.00222222 0.00236111
2.63889 0.00180556 0.00291667 0.00236111
2.41667 0.00180556 0.00291667 0.00236111
2.33333 0.00194444 0.00236111 0.00208333
2.30556 0.00138889 0.00152778 0.00152778
1.27778 -0.000416667 0.00472222 0.00208333
