Celerities (plug_length top_celerity bottom_celerity center_celerity) unit of Diameters and Diameters/s
14.1525 -8.47458e-05 0.000254237 8.47458e-05
14.0508 -0.000169492 0.000338983 8.47458e-05
14.0169 8.47458e-05 0.000254237 0.000169492
13.9831 0 0.000169492 8.47458e-05
13.9661 -8.47458e-05 0 -8.47458e-05
13.9492 -8.47458e-05 0 0
13.8983 -0.000508475 -0.000254237 -0.000423729
14 0 0.000338983 0.000169492
14.0339 0 -0.000169492 -8.47458e-05
14.0678 -8.47458e-05 -0.000254237 -0.000169492
14.0678 -8.47458e-05 -8.47458e-05 -8.47458e-05
14.0169 0 0.000254237 0.000169492
13.9831 0 0.000169492 8.47458e-05
14 -8.47458e-05 -0.000169492 -0.000169492
14.0847 -8.47458e-05 -0.000508475 -0.000254237
14.0339 0 0.000254237 8.47458e-05
13.9661 0 0.000338983 0.000169492
13.9492 -8.47458e-05 0 0
13.9831 8.47458e-05 -8.47458e-05 0
13.9831 0 0 0
14 0 -8.47458e-05 -8.47458e-05
14.0339 0 -0.000169492 -8.47458e-05
14 0 0.000169492 8.47458e-05
14 0 0 0
14 0 0 0
14.0169 0 -8.47458e-05 0
14.0169 0 0 0
13.9661 0 0.000254237 8.47458e-05
13.9661 0 0 0
13.9661 0 0 0
14 0 -0.000169492 -8.47458e-05
14.0508 0 -0.000254237 -8.47458e-05
14.0339 0 8.47458e-05 0
14.0847 0 -0.000254237 -8.47458e-05
14.0339 0 0.000254237 8.47458e-05
14 0 0.000169492 8.47458e-05
14 8.47458e-05 8.47458e-05 8.47458e-05
14 0 0 0
14.0339 8.47458e-05 -8.47458e-05 0
14.0169 -8.47458e-05 0 0
14.0508 8.47458e-05 -8.47458e-05 0
14.0847 0.000169492 0 8.47458e-05
14.1017 0.000169492 8.47458e-05 8.47458e-05
14.1525 8.47458e-05 -0.000169492 0
14.2034 0.000338983 8.47458e-05 0.000169492
14.2034 8.47458e-05 8.47458e-05 8.47458e-05
14.2373 8.47458e-05 -8.47458e-05 0
14.2542 0.000338983 0.000254237 0.000338983
14.2712 0 -8.47458e-05 -8.47458e-05
14.2712 -8.47458e-05 -8.47458e-05 -8.47458e-05
14.2373 -0.000169492 0 -8.47458e-05
14.1525 -0.000338983 8.47458e-05 -8.47458e-05
14.1356 0 8.47458e-05 0
14.1695 8.47458e-05 -8.47458e-05 0
14.0678 -0.000338983 0.000169492 -8.47458e-05
13.9831 -0.000508475 -8.47458e-05 -0.000254237
14.0508 0 -0.000338983 -0.000169492
14.0678 0 -8.47458e-05 -8.47458e-05
14.0508 -0.000338983 -0.000254237 -0.000254237
13.9153 8.47458e-05 0.000762712 0.000423729
13.9322 0.000169492 8.47458e-05 8.47458e-05
13.9153 -8.47458e-05 0 0
13.9492 0 -0.000169492 -8.47458e-05
13.9492 0 0 0
13.9153 -8.47458e-05 8.47458e-05 0
13.9322 8.47458e-05 0 0
13.9322 -8.47458e-05 -8.47458e-05 -8.47458e-05
13.9153 0 8.47458e-05 8.47458e-05
13.8983 0 8.47458e-05 0
13.8983 -8.47458e-05 -8.47458e-05 -8.47458e-05
13.9492 0 -0.000254237 -8.47458e-05
13.9322 -8.47458e-05 0 -8.47458e-05
13.9492 8.47458e-05 0 8.47458e-05
13.9661 0 -8.47458e-05 -8.47458e-05
14.1186 0.000508475 -0.000254237 0.000169492
14.1525 0.000423729 0.000254237 0.000338983
14.0169 -0.000762712 -8.47458e-05 -0.000423729
14.1525 0.000254237 -0.000423729 -8.47458e-05
13.9492 0 8.47458e-05 8.47458e-05
13.9153 -0.000169492 0 -8.47458e-05
13.8983 -0.000169492 -8.47458e-05 -0.000169492
13.8983 0 0 0
13.8983 0 0 0
13.8983 0 0 0
13.8814 0 8.47458e-05 8.47458e-05
13.8983 0 -8.47458e-05 -8.47458e-05
13.8814 0 8.47458e-05 8.47458e-05
13.8983 0 -8.47458e-05 -8.47458e-05
13.8983 0 0 0
13.8983 0 0 0
13.9153 0 -8.47458e-05 0
13.8814 0 0.000169492 8.47458e-05
13.8644 0 8.47458e-05 0
13.8644 0 0 0
13.8983 0 -0.000169492 -8.47458e-05
13.8983 0 0 0
13.8814 0 8.47458e-05 8.47458e-05
13.8983 0 -8.47458e-05 -8.47458e-05
13.9153 0 -8.47458e-05 0
13.8983 0 8.47458e-05 0
13.9153 8.47458e-05 0 8.47458e-05
13.8814 -8.47458e-05 8.47458e-05 0
13.9322 8.47458e-05 -0.000169492 -8.47458e-05
13.9661 0 -0.000169492 -8.47458e-05
13.9153 0 0.000254237 0.000169492
13.9492 0.000338983 0.000169492 0.000254237
13.9831 0.000254237 8.47458e-05 0.000169492
14.0169 8.47458e-05 -8.47458e-05 0
14.1525 0.00059322 -8.47458e-05 0.000254237
14.1864 0.000254237 8.47458e-05 0.000169492
14.2542 0.000254237 -8.47458e-05 8.47458e-05
14.322 0.000254237 -8.47458e-05 8.47458e-05
14.4237 0.000338983 -0.000169492 8.47458e-05
14.5932 0.000508475 -0.000338983 8.47458e-05
13.8475 0 0.000338983 0.000169492
13.7797 -0.000169492 0.000169492 0
13.7627 -8.47458e-05 0 -8.47458e-05
13.8305 0 -0.000338983 -0.000169492
13.8475 -8.47458e-05 -0.000169492 -8.47458e-05
13.8305 0 8.47458e-05 0
13.7966 0 0.000169492 8.47458e-05
13.7627 0 0.000169492 8.47458e-05
13.7627 0 0 0
13.7797 8.47458e-05 0 8.47458e-05
13.8305 0 -0.000254237 -0.000169492
13.8305 0 0 0
13.8136 0 8.47458e-05 8.47458e-05
13.9322 0.000254237 -0.000338983 -8.47458e-05
13.9153 0.000508475 0.00059322 0.00059322
13.9661 0.000338983 8.47458e-05 0.000169492
13.9661 0 0 0
14.0508 0.000423729 0 0.000254237
14.0678 8.47458e-05 0 0
14.1356 0.000254237 -8.47458e-05 8.47458e-05
14.0847 -0.000169492 8.47458e-05 0
14.0339 -0.000338983 -8.47458e-05 -0.000254237
14.0169 -0.000254237 -0.000169492 -0.000169492
13.9492 -0.000338983 0 -0.000169492
13.8983 -0.000169492 8.47458e-05 -8.47458e-05
13.8644 -8.47458e-05 8.47458e-05 0
13.8475 -8.47458e-05 0 0
13.8136 -0.000169492 0 -8.47458e-05
13.8814 0 -0.000338983 -0.000169492
13.8983 0 -8.47458e-05 -8.47458e-05
13.8983 0 0 0
13.9831 0.000169492 0 8.47458e-05
13.9831 0 0 0
13.9661 -8.47458e-05 0 -8.47458e-05
14.0508 0.000338983 -8.47458e-05 0.000169492
14.0847 8.47458e-05 -8.47458e-05 0
14.1017 0 -8.47458e-05 -8.47458e-05
14.0847 0 8.47458e-05 8.47458e-05
14.0508 -8.47458e-05 8.47458e-05 0
14.0678 0 -8.47458e-05 -8.47458e-05
14.0847 0 -8.47458e-05 0
14.0847 0 0 0
14.0678 0 8.47458e-05 0
14.1186 0 -0.000254237 -8.47458e-05
14.0847 0 0.000169492 8.47458e-05
14.0678 0 8.47458e-05 0
14.0847 0 -8.47458e-05 0
14.0847 0 0 0
14.1017 -8.47458e-05 -0.000169492 -0.000169492
14.0847 8.47458e-05 8.47458e-05 8.47458e-05
14.0169 -0.000169492 0.000169492 0
14.0169 0 0 0
14.0169 0 0 0
14.0169 0 0 0
14.0339 0 -8.47458e-05 -8.47458e-05
14.0508 0 -8.47458e-05 0
14.1017 0 -0.000254237 -0.000169492
14.0678 0 0.000169492 8.47458e-05
14.0847 -8.47458e-05 -0.000169492 -8.47458e-05
14.0508 0 0.000254237 0.000169492
14.0508 0 0 0
14.1017 0 -0.000254237 -0.000169492
14.1186 0 -8.47458e-05 0
14.1186 0 0 0
14.0339 -8.47458e-05 0.000338983 8.47458e-05
14.0169 0 8.47458e-05 8.47458e-05
14.0847 0 -0.000338983 -0.000169492
14 -8.47458e-05 0.000338983 8.47458e-05
14.0169 8.47458e-05 0 8.47458e-05
14.0678 0.000169492 -8.47458e-05 0
14.1356 0.000338983 0 0.000169492
14.2203 0.000508475 8.47458e-05 0.000338983
14.3729 0.000847458 8.47458e-05 0.000423729
14.5593 0.000847458 -8.47458e-05 0.000423729
14.7458 0.000847458 -8.47458e-05 0.000338983
14.9322 0.000847458 -8.47458e-05 0.000423729
15.1186 0.000932203 0 0.000423729
0.491525 0.000932203 0.0740678 0.0375424
1.18644 0.000847458 -0.00262712 -0.000932203
0.152542 -0.00059322 0.00457627 0.0020339
14.1017 -8.47458e-05 -0.000169492 -0.000169492
13.9831 -0.000508475 8.47458e-05 -0.000169492
13.8644 -0.000508475 8.47458e-05 -0.000254237
13.7627 -0.000423729 8.47458e-05 -0.000169492
13.6949 -0.000254237 8.47458e-05 -8.47458e-05
13.6949 0 0 0
13.661 -8.47458e-05 8.47458e-05 0
13.6949 0 -0.000169492 -8.47458e-05
13.661 0 0.000169492 8.47458e-05
13.6441 -8.47458e-05 0 0
13.661 8.47458e-05 0 0
13.661 -8.47458e-05 -8.47458e-05 -8.47458e-05
13.678 8.47458e-05 0 8.47458e-05
13.661 0 8.47458e-05 0
13.6441 -8.47458e-05 0 0
13.6949 8.47458e-05 -0.000169492 -8.47458e-05
13.678 0 8.47458e-05 8.47458e-05
13.7288 0 -0.000254237 -0.000169492
13.7966 0 0.000338983 0.000169492
13.8305 -8.47458e-05 -0.000254237 -0.000169492
13.8136 8.47458e-05 0.000169492 0.000169492
13.8136 0 0 0
13.9322 0.000254237 -0.000338983 -8.47458e-05
14.0169 0.000338983 -8.47458e-05 0.000169492
14.0847 0.000423729 8.47458e-05 0.000254237
0.0847458 -0.000847458 0.0708475 0.035
14.0169 -0.00059322 -0.0702542 -0.0354237
14.0847 0.000338983 0 0.000169492
14.0847 8.47458e-05 8.47458e-05 8.47458e-05
14 -0.000508475 -8.47458e-05 -0.000338983
13.9492 -0.000423729 -0.000169492 -0.000254237
13.8475 -0.000508475 0 -0.000254237
13.8644 0.000169492 8.47458e-05 8.47458e-05
14.0847 0.00118644 8.47458e-05 0.000677966
14.1017 0 -8.47458e-05 -8.47458e-05
14.0169 0 0 0
14.0339 0 -8.47458e-05 -8.47458e-05
13.9831 0 0.000254237 0.000169492
13.9661 -8.47458e-05 0 -8.47458e-05
13.9322 0 0.000169492 8.47458e-05
13.8983 -8.47458e-05 8.47458e-05 0
13.8983 0 0 0
13.9153 0 -8.47458e-05 0
13.9831 0 -0.000338983 -0.000169492
13.9831 -8.47458e-05 -8.47458e-05 -8.47458e-05
13.8983 0 0.000169492 8.47458e-05
13.8644 0 0.000169492 8.47458e-05
13.8475 0 8.47458e-05 8.47458e-05
13.8644 0 -8.47458e-05 -8.47458e-05
13.8814 0 -8.47458e-05 0
13.9153 8.47458e-05 -8.47458e-05 0
13.9492 0.000254237 8.47458e-05 0.000169492
13.9492 0 0 0
13.8644 -0.000423729 0 -0.000254237
13.9153 0 -0.000254237 -8.47458e-05
13.9153 0 0 0
13.8983 0 8.47458e-05 0
13.8983 0 0 0
13.8814 0 8.47458e-05 8.47458e-05
13.8814 0 0 0
13.9831 8.47458e-05 -0.000423729 -0.000169492
13.9153 0 0.000338983 0.000169492
13.8814 -8.47458e-05 8.47458e-05 0
13.8475 -0.000169492 0 -8.47458e-05
13.8644 0 -8.47458e-05 -8.47458e-05
13.8814 -8.47458e-05 -0.000169492 -8.47458e-05
13.8814 0 0 0
13.8644 0 8.47458e-05 0
13.8644 0 0 0
13.8644 0 0 0
13.8814 0 -8.47458e-05 0
13.8814 0 0 0
13.9492 0 -0.000338983 -0.000169492
13.7458 0 0.000254237 0.000169492
13.7458 0 0 0
13.7458 0 0 0
13.7458 0 0 0
13.7797 0 -0.000169492 -8.47458e-05
13.7627 0 8.47458e-05 0
13.7627 0 0 0
13.7627 0 0 0
13.7627 0 0 0
13.7797 0 -8.47458e-05 0
13.7797 0 0 0
13.7797 0 0 0
13.7797 0 0 0
13.7966 0 -8.47458e-05 -8.47458e-05
13.8644 0 -0.000338983 -0.000169492
13.7966 -0.000169492 0.000169492 0
13.7627 -8.47458e-05 8.47458e-05 0
13.7797 0 -8.47458e-05 0
13.8305 0 -0.000254237 -0.000169492
13.7966 0 0.000169492 8.47458e-05
13.7797 0 8.47458e-05 8.47458e-05
13.7797 0 0 0
13.7966 0 -8.47458e-05 -8.47458e-05
13.8305 0 -0.000169492 -8.47458e-05
13.8644 8.47458e-05 -8.47458e-05 0
13.8136 -8.47458e-05 0.000169492 8.47458e-05
13.8305 0 -8.47458e-05 -8.47458e-05
13.9831 0.000169492 0.000254237 0.000254237
13.9322 -0.000338983 -8.47458e-05 -0.000254237
13.9153 -8.47458e-05 0 0
13.8814 -0.000254237 -8.47458e-05 -0.000169492
13.9322 8.47458e-05 -0.000169492 -8.47458e-05
13.9661 8.47458e-05 -8.47458e-05 0
14.0339 0.000169492 -0.000169492 0
14.0169 0.000338983 0.000423729 0.000423729
13.9492 -0.00059322 -0.000254237 -0.000423729
13.8475 0 0 0
13.8644 0.000169492 8.47458e-05 8.47458e-05
13.9322 0.000254237 -8.47458e-05 8.47458e-05
13.8814 -0.000169492 8.47458e-05 0
13.9322 0.000254237 0 8.47458e-05
13.8983 -0.000338983 -0.000169492 -0.000254237
13.8136 0 0.000169492 8.47458e-05
13.8305 0 -8.47458e-05 -8.47458e-05
13.8475 0 -8.47458e-05 0
13.8814 0 -0.000169492 -8.47458e-05
13.9153 8.47458e-05 -8.47458e-05 0
13.9322 8.47458e-05 0 0
13.9661 0 0.000338983 0.000169492
13.9492 0 8.47458e-05 8.47458e-05
13.9492 8.47458e-05 8.47458e-05 8.47458e-05
13.9322 -0.000169492 -8.47458e-05 -0.000169492
13.9831 0.000169492 -8.47458e-05 8.47458e-05
13.9831 -0.000169492 -0.000169492 -0.000169492
13.8644 8.47458e-05 -8.47458e-05 0
13.8475 -8.47458e-05 0 0
13.8814 8.47458e-05 -8.47458e-05 0
13.9322 0.000169492 -8.47458e-05 0
13.8983 -8.47458e-05 8.47458e-05 0
13.9661 0 -0.000338983 -0.000169492
13.8644 0 0.000254237 8.47458e-05
13.8475 -8.47458e-05 0 0
13.9153 8.47458e-05 -0.000254237 -8.47458e-05
13.9492 0 -0.000169492 -8.47458e-05
13.8814 0 0.000338983 0.000169492
13.8814 0 0 0
13.8644 -8.47458e-05 0 -8.47458e-05
13.8814 8.47458e-05 0 8.47458e-05
13.8814 0 0 0
13.9153 0 -0.000169492 -8.47458e-05
13.9492 0.000169492 0 8.47458e-05
13.9661 0.000338983 0.000254237 0.000254237
13.9153 -8.47458e-05 0.000169492 8.47458e-05
13.9661 0.000254237 0 8.47458e-05
13.9492 0 8.47458e-05 8.47458e-05
13.9661 -0.000169492 -0.000254237 -0.000254237
14 0.000169492 0 8.47458e-05
14.1186 0.000762712 0.000169492 0.000508475
14.3051 0.00059322 -0.000338983 8.47458e-05
14.1695 -0.00059322 8.47458e-05 -0.000254237
14.0508 -0.000762712 -0.000169492 -0.000423729
13.9153 -0.000508475 0.000169492 -0.000169492
13.8475 -0.000169492 0.000169492 0
13.9322 0.000338983 -8.47458e-05 8.47458e-05
13.9831 0.000338983 8.47458e-05 0.000254237
13.9492 -0.000169492 0 -8.47458e-05
13.9322 -8.47458e-05 0 -8.47458e-05
13.8983 -0.000169492 0 -8.47458e-05
13.9322 8.47458e-05 -8.47458e-05 0
13.9492 0.000169492 8.47458e-05 0.000169492
13.9322 0 8.47458e-05 0
13.8305 -0.000508475 0 -0.000254237
13.8475 8.47458e-05 0 8.47458e-05
13.9322 8.47458e-05 -0.000338983 -0.000169492
13.8983 -8.47458e-05 8.47458e-05 0
13.9831 8.47458e-05 -0.000338983 -8.47458e-05
13.9322 0 0.000169492 8.47458e-05
13.9153 0 8.47458e-05 8.47458e-05
13.9153 0 0 0
13.8983 0 8.47458e-05 0
13.8983 0 0 0
13.9153 0 -8.47458e-05 0
13.9153 0 0 0
13.9661 8.47458e-05 -0.000169492 -8.47458e-05
14 0.000169492 0 8.47458e-05
14.0678 0.000169492 -0.000169492 0
13.9153 0 0.000169492 8.47458e-05
13.9153 0 0 0
13.9153 8.47458e-05 8.47458e-05 8.47458e-05
13.9153 8.47458e-05 8.47458e-05 8.47458e-05
14 0.000169492 -0.000254237 -8.47458e-05
14.0508 0 -0.000254237 -8.47458e-05
14.0847 0.000254237 8.47458e-05 0.000169492
13.9831 -0.000677966 -0.000169492 -0.000423729
13.7966 0 0.000169492 8.47458e-05
13.7966 0 0 0
13.8136 0 -8.47458e-05 0
13.7966 0 8.47458e-05 0
13.7966 0 0 0
13.7966 0 0 0
13.7966 0 0 0
13.8136 0 -8.47458e-05 0
13.8136 0 0 0
13.8305 0 -8.47458e-05 -8.47458e-05
13.8475 0 -8.47458e-05 0
13.8305 0 8.47458e-05 0
13.8136 0 8.47458e-05 8.47458e-05
13.7966 0 8.47458e-05 0
13.7966 -8.47458e-05 -8.47458e-05 -8.47458e-05
13.9322 0.00059322 -8.47458e-05 0.000254237
13.8814 -0.000423729 -0.000169492 -0.000254237
13.8475 -0.000169492 0 -8.47458e-05
13.8136 -0.000169492 0 -8.47458e-05
13.8305 0.000254237 8.47458e-05 0.000169492
13.8644 -0.000338983 -0.000508475 -0.000423729
13.8475 0.000169492 0.000254237 0.000254237
13.7966 0 0.000254237 8.47458e-05
13.7797 0 8.47458e-05 8.47458e-05
13.7797 -8.47458e-05 -8.47458e-05 -8.47458e-05
13.7966 8.47458e-05 0 0
13.7797 0 8.47458e-05 8.47458e-05
13.8136 0 -0.000169492 -8.47458e-05
13.7966 0 8.47458e-05 0
13.7797 0 8.47458e-05 8.47458e-05
13.8136 8.47458e-05 -8.47458e-05 0
13.8475 0 -0.000169492 -8.47458e-05
13.7627 -0.000254237 -8.47458e-05 -0.000169492
13.7797 0 -8.47458e-05 0
13.7797 0 0 0
13.8814 8.47458e-05 -0.000423729 -0.000169492
13.8136 8.47458e-05 0.000423729 0.000254237
13.7966 0 8.47458e-05 0
13.7966 -8.47458e-05 -8.47458e-05 -8.47458e-05
13.7797 -8.47458e-05 0 0
13.7797 0 0.000338983 0.000169492
13.7627 0 8.47458e-05 0
13.7797 8.47458e-05 0 8.47458e-05
13.7797 0 0 0
13.7119 -8.47458e-05 0.000254237 8.47458e-05
13.7119 0 0 0
13.7288 0 -8.47458e-05 -8.47458e-05
13.7288 0 0 0
13.7288 0 0 0
13.7288 0 0 0
13.7288 0 0 0
13.7627 8.47458e-05 -8.47458e-05 0
13.7627 8.47458e-05 8.47458e-05 8.47458e-05
13.8814 0.000423729 -0.000169492 0.000169492
13.7458 0 8.47458e-05 8.47458e-05
13.7288 0 8.47458e-05 0
13.7119 0 8.47458e-05 8.47458e-05
13.6949 -8.47458e-05 0 -8.47458e-05
13.7288 8.47458e-05 -8.47458e-05 0
13.8136 8.47458e-05 -0.000338983 -8.47458e-05
13.8136 0.000254237 0.000254237 0.000254237
13.7966 -0.000169492 -8.47458e-05 -0.000169492
13.6441 0 -8.47458e-05 0
13.6441 0 0 0
13.6271 0 8.47458e-05 0
13.6441 0 -8.47458e-05 0
13.6441 0 0 0
13.6441 0 0 0
13.7288 0.000423729 0 0.000169492
13.8305 0.00059322 8.47458e-05 0.000338983
13.8475 0 -8.47458e-05 0
13.7288 -0.000508475 8.47458e-05 -0.000254237
13.7288 -8.47458e-05 -8.47458e-05 -8.47458e-05
13.7288 0 0 0
13.7288 0 0 0
13.7797 8.47458e-05 -0.000169492 0
13.7797 0 8.47458e-05 8.47458e-05
13.7458 0 0.000169492 8.47458e-05
13.6949 -0.000169492 8.47458e-05 -8.47458e-05
13.6949 -8.47458e-05 -8.47458e-05 -8.47458e-05
13.661 -8.47458e-05 8.47458e-05 0
13.661 0 0 0
13.6441 -8.47458e-05 0 0
13.6441 -8.47458e-05 -8.47458e-05 -8.47458e-05
13.661 0 -8.47458e-05 -8.47458e-05
13.6441 -8.47458e-05 0 0
13.661 0 0.000423729 0.000169492
13.7627 0.000423729 -8.47458e-05 0.000169492
13.7119 -0.000169492 8.47458e-05 0
13.7119 8.47458e-05 8.47458e-05 8.47458e-05
13.7119 -8.47458e-05 -8.47458e-05 -8.47458e-05
13.7458 0.000169492 0 8.47458e-05
13.8814 0.000508475 -0.000169492 0.000169492
13.8136 -0.000169492 0.000169492 0
13.7966 8.47458e-05 0.000169492 8.47458e-05
13.7797 0 8.47458e-05 8.47458e-05
13.8475 0.000254237 -8.47458e-05 8.47458e-05
13.8814 8.47458e-05 -8.47458e-05 0
13.8814 -0.000169492 -0.000169492 -0.000169492
14.2034 0.000338983 0.000169492 0.000254237
14.4407 0.00110169 -8.47458e-05 0.000508475
14.4237 -8.47458e-05 0 0
14.4576 0.000254237 8.47458e-05 0.000169492
14.4746 0.000169492 8.47458e-05 8.47458e-05
14.4746 -8.47458e-05 -8.47458e-05 -8.47458e-05
14.3051 -0.000847458 0 -0.000423729
14.3559 0.000254237 0 0.000169492
14.339 -0.000169492 -8.47458e-05 -0.000169492
14.2881 -0.000254237 0 -8.47458e-05
14.2542 -0.000423729 -0.000254237 -0.000338983
13.8814 0 0.000169492 8.47458e-05
13.9492 0.000254237 -8.47458e-05 8.47458e-05
14 0.000254237 0 8.47458e-05
13.9831 -8.47458e-05 0 0
13.9661 -8.47458e-05 0 -8.47458e-05
13.9492 -8.47458e-05 0 0
13.8814 -0.000169492 0.000169492 0
13.8644 -0.000169492 -8.47458e-05 -0.000169492
13.8475 -0.000169492 -8.47458e-05 -8.47458e-05
13.8305 -8.47458e-05 0 -8.47458e-05
13.8305 -8.47458e-05 -8.47458e-05 -8.47458e-05
13.8136 -0.000169492 -8.47458e-05 -8.47458e-05
13.6441 0 8.47458e-05 8.47458e-05
13.6271 0 8.47458e-05 0
13.5932 0 0.000169492 8.47458e-05
13.6271 0 -0.000169492 -8.47458e-05
13.6271 0 0 0
13.7627 0.00059322 -8.47458e-05 0.000254237
13.661 -0.000677966 -0.000169492 -0.000423729
13.6441 0 8.47458e-05 8.47458e-05
14.1186 0.000254237 0 0.000169492
14.2712 0.00059322 -0.000169492 0.000169492
14.322 0.000423729 0.000169492 0.000338983
14.4237 0.000508475 0 0.000254237
14.3559 -0.000423729 -8.47458e-05 -0.000254237
14.4068 0.000169492 -8.47458e-05 0
14.3898 0 8.47458e-05 8.47458e-05
13.7119 0 8.47458e-05 8.47458e-05
13.661 -0.000254237 0 -0.000169492
13.6271 -0.000169492 0 -8.47458e-05
13.6271 0 0 0
13.661 8.47458e-05 -8.47458e-05 0
13.661 8.47458e-05 8.47458e-05 8.47458e-05
13.7288 0.000254237 -8.47458e-05 8.47458e-05
13.7627 0.000169492 0 8.47458e-05
13.8305 0.000423729 8.47458e-05 0.000254237
13.9153 0.000338983 -8.47458e-05 0.000169492
13.9322 0.000169492 8.47458e-05 8.47458e-05
14.0678 0.000508475 -0.000169492 0.000169492
14.1695 0.000423729 -8.47458e-05 0.000169492
14.1356 0 0.000169492 8.47458e-05
14.2034 -8.47458e-05 -0.000423729 -0.000254237
14.0678 -0.000338983 0.000338983 0
14.2373 0.000338983 8.47458e-05 0.000169492
14.2542 0.000254237 0.000169492 0.000254237
14.1186 -0.00059322 8.47458e-05 -0.000254237
14.1017 -0.000169492 -8.47458e-05 -0.000169492
14 -0.000423729 8.47458e-05 -0.000169492
13.8983 -0.000423729 8.47458e-05 -0.000169492
13.9831 0.000338983 -8.47458e-05 0.000169492
13.9661 0 0 0
13.9831 8.47458e-05 0 8.47458e-05
13.9661 -8.47458e-05 0 -8.47458e-05
13.9661 -8.47458e-05 -8.47458e-05 -8.47458e-05
13.9492 -8.47458e-05 0 0
13.9492 0 0 0
13.9322 -8.47458e-05 0 -8.47458e-05
13.9661 0 -0.000169492 -8.47458e-05
14 0 -0.000169492 -8.47458e-05
13.8814 0 0.000508475 0.000254237
13.8814 0 0 0
13.9153 0 -0.000169492 -8.47458e-05
13.9153 0 0 0
13.9153 0 0 0
13.9153 0 0 0
13.9492 0 -0.000169492 -8.47458e-05
13.9153 0 0.000169492 8.47458e-05
13.9153 0 0 0
13.9492 0 -0.000169492 -8.47458e-05
14.0169 0 -0.000338983 -0.000169492
13.8983 0 0.000169492 8.47458e-05
13.8983 0 0 0
13.8983 0 0 0
13.8983 0 0 0
13.8814 0 8.47458e-05 8.47458e-05
13.8983 0 -8.47458e-05 -8.47458e-05
13.8983 0 0 0
13.8814 0 8.47458e-05 8.47458e-05
13.8983 0 -8.47458e-05 -8.47458e-05
13.8814 -8.47458e-05 0 0
13.8644 0 8.47458e-05 0
13.8983 8.47458e-05 -8.47458e-05 0
13.9322 -8.47458e-05 -0.000254237 -0.000169492
13.9492 0 -8.47458e-05 0
13.9153 0 0.000169492 8.47458e-05
13.9831 -0.000169492 0.000254237 8.47458e-05
14.1017 0.000508475 -8.47458e-05 0.000169492
14.1695 0.000338983 0 0.000169492
14.2373 0.000338983 0 0.000169492
14.2542 0 -8.47458e-05 0
14.1356 -0.000847458 -0.000254237 -0.00059322
13.7119 0 0.000169492 8.47458e-05
13.6949 0 8.47458e-05 0
13.7119 0 -8.47458e-05 0
13.7627 0 -0.000254237 -0.000169492
13.7288 0 0.000169492 8.47458e-05
13.7966 0 -0.000338983 -0.000169492
13.7627 0 0.000169492 8.47458e-05
13.5763 0 0.000338983 0.000169492
13.5932 0 -8.47458e-05 -8.47458e-05
13.6271 0 -0.000169492 -8.47458e-05
13.7119 8.47458e-05 -0.000338983 -8.47458e-05
13.6441 8.47458e-05 0.000423729 0.000254237
13.6441 0 0 0
13.8983 8.47458e-05 0.000169492 8.47458e-05
14 0.000338983 -0.000169492 8.47458e-05
13.9831 -0.000169492 -8.47458e-05 -8.47458e-05
13.9661 -0.000169492 -8.47458e-05 -0.000169492
13.9322 -8.47458e-05 8.47458e-05 0
13.8983 -8.47458e-05 8.47458e-05 0
13.7966 -0.000254237 8.47458e-05 -8.47458e-05
13.7119 -0.000338983 8.47458e-05 -8.47458e-05
13.678 -8.47458e-05 8.47458e-05 0
13.678 0 0 0
13.661 0 8.47458e-05 0
13.7119 8.47458e-05 -0.000169492 0
13.7288 -8.47458e-05 -0.000169492 -0.000169492
13.7119 0 8.47458e-05 8.47458e-05
13.7288 8.47458e-05 0 0
13.7966 -8.47458e-05 -0.000423729 -0.000254237
13.7458 0.000338983 0.000762712 0.00059322
13.8475 0.000338983 -0.000169492 8.47458e-05
13.8814 0 -0.000169492 -8.47458e-05
13.8305 -0.000254237 0 -0.000169492
13.7119 -0.000677966 -8.47458e-05 -0.000338983
13.7458 8.47458e-05 -8.47458e-05 0
14.1017 0 0 0
13.9661 -0.000762712 -8.47458e-05 -0.000423729
14.0169 0.000423729 0.000169492 0.000338983
14.0847 0.000169492 -0.000169492 0
13.8983 -0.000677966 0.000254237 -0.000254237
14.1186 0.000932203 -0.000169492 0.000423729
14.0169 -0.000508475 0 -0.000254237
13.9322 -0.000254237 0.000169492 -8.47458e-05
13.9492 0 -8.47458e-05 0
13.8475 -0.000338983 0.000169492 -8.47458e-05
13.8644 8.47458e-05 0 0
14.2931 -8.62069e-05 0.000517241 0.000258621
14.2241 -8.62069e-05 0.000258621 8.62069e-05
14.1552 -0.000344828 0 -0.000172414
14.1207 -0.000172414 0 -8.62069e-05
14.3966 0.0012931 -8.62069e-05 0.000603448
14.2414 -0.000775862 0 -0.000431034
14.2586 0 -8.62069e-05 0
14.1897 -0.000431034 -8.62069e-05 -0.000258621
14.069 -0.000775862 -0.000172414 -0.000517241
14.2414 0.000258621 0.000344828 0.000258621
14.2931 0.000258621 0 0.000172414
14.3966 0.000431034 -8.62069e-05 0.000172414
14.4138 0 -8.62069e-05 -8.62069e-05
14.3621 -8.62069e-05 0.000172414 8.62069e-05
14.3276 -0.000172414 0 -8.62069e-05
14.1897 -0.000689655 0 -0.000344828
14.1207 -0.000172414 0.000172414 0
14.0862 -0.000258621 -8.62069e-05 -0.000172414
14.069 0 8.62069e-05 0
14.0862 0 -8.62069e-05 0
14.0862 -8.62069e-05 -8.62069e-05 -8.62069e-05
14.1724 0.000344828 -8.62069e-05 8.62069e-05
14.1207 -0.000431034 -0.000172414 -0.000258621
14.1207 0 0 0
14.1552 0.000172414 0 8.62069e-05
14.1897 0 -0.000172414 -8.62069e-05
14.1724 -0.000172414 -8.62069e-05 -0.000172414
13.6949 0 0.000508475 0.000254237
13.7288 0 -0.000169492 -8.47458e-05
13.6949 -8.47458e-05 8.47458e-05 0
13.6441 -8.47458e-05 0.000169492 8.47458e-05
13.6271 0 8.47458e-05 0
13.6102 -8.47458e-05 0 0
13.6441 0 -0.000169492 -8.47458e-05
13.6441 0 0 0
13.6441 0 0 0
13.7119 0 -0.000338983 -0.000169492
13.678 0 0.000169492 8.47458e-05
13.678 0 0 0
13.6441 0 0.000254237 0.000169492
13.6441 0 0 0
13.678 0 -0.000169492 -8.47458e-05
13.678 0 0 0
13.661 0 8.47458e-05 0
13.6271 0 0.000169492 8.47458e-05
13.6441 0 -8.47458e-05 0
13.7119 0 -0.000338983 -0.000169492
13.7797 0 -0.000338983 -0.000169492
13.7288 0 0.000254237 8.47458e-05
13.661 0 0.000338983 0.000169492
13.6102 -8.47458e-05 0.000169492 8.47458e-05
13.6271 0 -8.47458e-05 -8.47458e-05
13.6102 0 8.47458e-05 8.47458e-05
13.6271 8.47458e-05 0 0
13.6271 0 0 0
13.6102 -8.47458e-05 0 0
13.6102 0 0 0
13.6102 8.47458e-05 8.47458e-05 8.47458e-05
13.6441 0 -0.000169492 -8.47458e-05
13.6102 -8.47458e-05 8.47458e-05 0
13.6271 8.47458e-05 0 0
13.6441 0 -8.47458e-05 0
13.6271 -8.47458e-05 0 -8.47458e-05
13.6441 8.47458e-05 0 8.47458e-05
13.661 0 -8.47458e-05 -8.47458e-05
13.6441 0 8.47458e-05 8.47458e-05
13.6949 0.000254237 0 8.47458e-05
13.661 -0.000169492 0 -8.47458e-05
13.7966 0.000423729 -0.000254237 8.47458e-05
13.8305 0.000254237 8.47458e-05 0.000169492
13.7966 0 0.000169492 8.47458e-05
13.7966 -8.47458e-05 -8.47458e-05 -8.47458e-05
13.7966 -8.47458e-05 -8.47458e-05 -8.47458e-05
13.7627 8.47458e-05 0 0
13.7288 -8.47458e-05 8.47458e-05 0
13.678 0 0.000254237 0.000169492
13.661 -8.47458e-05 0 -8.47458e-05
13.6271 -8.47458e-05 8.47458e-05 0
13.6102 0 8.47458e-05 8.47458e-05
13.6102 0 0 0
13.6102 0 0 0
13.6102 0 0 0
13.6102 0 0 0
13.6271 0 -8.47458e-05 -8.47458e-05
13.678 0 -0.000254237 -8.47458e-05
13.678 0 0 0
13.6441 0 0.000169492 8.47458e-05
13.5932 0 0.000254237 8.47458e-05
13.6102 -8.47458e-05 -0.000169492 -8.47458e-05
13.6271 0 -8.47458e-05 -8.47458e-05
13.5932 0 0.000169492 8.47458e-05
13.6102 0 -8.47458e-05 0
13.6102 0 0 0
13.6271 0 -8.47458e-05 -8.47458e-05
13.6102 -8.47458e-05 0 0
13.6441 0 -0.000169492 -8.47458e-05
13.931 8.62069e-05 0.000344828 0.000172414
13.9483 0 -8.62069e-05 0
13.931 0.000172414 0.000258621 0.000172414
13.9655 0.000258621 8.62069e-05 0.000172414
14.0345 0.000431034 8.62069e-05 0.000258621
14.0172 0 8.62069e-05 8.62069e-05
14.0345 0.000172414 8.62069e-05 8.62069e-05
14.1207 0.000344828 -8.62069e-05 0.000172414
14.2069 0.000344828 -8.62069e-05 8.62069e-05
14.2414 0.000258621 0.000431034 0.000344828
14.1034 -0.000775862 -8.62069e-05 -0.000431034
14.1724 0 -0.000344828 -0.000172414
14.0517 -0.000344828 0.000258621 0
14.0172 -0.000172414 0 -8.62069e-05
13.9655 -0.000258621 0 -0.000172414
13.9828 8.62069e-05 0 8.62069e-05
13.9138 -8.62069e-05 0.000258621 8.62069e-05
13.9138 -8.62069e-05 -8.62069e-05 -8.62069e-05
13.9828 0.000172414 -0.000172414 0
14 -8.62069e-05 -0.000172414 -0.000172414
13.9138 -0.000258621 0.000172414 0
13.8621 -0.000172414 8.62069e-05 -8.62069e-05
13.9138 0.000172414 -8.62069e-05 8.62069e-05
13.9483 0.000172414 0 8.62069e-05
14.1034 0.000775862 0 0.000344828
14.1552 0.000603448 0.000344828 0.000517241
14.2069 0.000431034 0.000172414 0.000258621
14.3103 8.62069e-05 -0.000431034 -0.000172414
14.3103 0.000431034 0.000431034 0.000431034
14.4655 0.000603448 -0.000172414 0.000258621
14.3793 -0.000344828 8.62069e-05 -0.000172414
13.7931 -0.000344828 0.000172414 -8.62069e-05
13.8103 -0.000172414 -0.000258621 -0.000172414
13.8448 0 -0.000172414 -8.62069e-05
13.8793 0 -0.000172414 -8.62069e-05
13.931 0.000344828 8.62069e-05 0.000172414
13.8276 -0.000344828 0.000172414 -8.62069e-05
14.2069 -0.000344828 -8.62069e-05 -0.000258621
14.2069 8.62069e-05 8.62069e-05 8.62069e-05
14.1897 -8.62069e-05 0 0
14.2414 0 -0.000258621 -0.000172414
14.2069 0 0.000172414 8.62069e-05
14.2759 0 -0.000344828 -0.000172414
14.2414 0 0.000172414 8.62069e-05
14.2069 0 0.000172414 8.62069e-05
14.2414 8.62069e-05 -8.62069e-05 0
14.3103 8.62069e-05 -0.000258621 -8.62069e-05
14.2241 0 8.62069e-05 8.62069e-05
14.1724 -0.000172414 8.62069e-05 -8.62069e-05
14.1552 -8.62069e-05 0 0
14.2069 8.62069e-05 -0.000172414 -8.62069e-05
14.2069 0 0 0
14.2241 8.62069e-05 0 8.62069e-05
14.2586 8.62069e-05 -8.62069e-05 0
14.2241 0.000258621 8.62069e-05 0.000172414
14.1552 -0.000344828 0 -0.000172414
13.9828 -0.000603448 0.000258621 -0.000172414
14 -0.000172414 -0.000258621 -0.000258621
14.1034 0.000172414 -0.000344828 -8.62069e-05
14.1379 0 -0.000172414 -8.62069e-05
14.1724 -0.000172414 -0.000344828 -0.000258621
14.0862 -0.000517241 -8.62069e-05 -0.000258621
14.0862 -0.000172414 -0.000172414 -0.000172414
13.9831 0 0.000254237 0.000169492
13.9661 0 8.47458e-05 0
13.9831 0 -8.47458e-05 0
13.9661 0 8.47458e-05 0
13.9831 0 -8.47458e-05 0
13.9831 0 0 0
14 0 -8.47458e-05 -8.47458e-05
14 0 0 0
14 0 0 0
14.0508 0 -0.000254237 -8.47458e-05
14.0169 0 0.000169492 8.47458e-05
14.0678 0 -0.000254237 -0.000169492
13.9492 0 0 0
13.9322 -8.47458e-05 0 -8.47458e-05
13.9153 8.47458e-05 0.000169492 0.000169492
13.9322 0 -8.47458e-05 -8.47458e-05
13.9322 0 0 0
13.9831 0.000254237 0 0.000169492
13.9661 -0.000169492 -8.47458e-05 -0.000169492
14.0169 -8.47458e-05 -0.000338983 -0.000169492
13.9831 0 0.000169492 8.47458e-05
14 8.47458e-05 0 0
13.9831 0 8.47458e-05 8.47458e-05
13.9492 -8.47458e-05 8.47458e-05 0
13.9831 0 -0.000169492 -8.47458e-05
14.0169 0 -0.000169492 -8.47458e-05
13.8814 0 0.000338983 0.000169492
13.8305 -0.000169492 8.47458e-05 -8.47458e-05
13.7288 -0.000423729 8.47458e-05 -0.000169492
13.8983 0.000677966 -0.000169492 0.000254237
13.7119 -0.000847458 8.47458e-05 -0.000338983
13.7288 0 -8.47458e-05 -8.47458e-05
13.7458 8.47458e-05 0 8.47458e-05
13.7797 0 -0.000169492 -8.47458e-05
13.6271 0 0.000169492 8.47458e-05
13.661 -8.47458e-05 -0.000254237 -0.000169492
13.5763 0 0.000423729 0.000254237
13.661 8.47458e-05 -0.000338983 -0.000169492
13.6441 0 8.47458e-05 8.47458e-05
13.6271 0 8.47458e-05 0
13.6271 -8.47458e-05 -8.47458e-05 -8.47458e-05
13.6102 8.47458e-05 0.000169492 0.000169492
13.6441 -8.47458e-05 -0.000254237 -0.000169492
13.7627 0.000677966 8.47458e-05 0.000338983
13.7288 -0.000169492 0 -8.47458e-05
13.6441 -0.000423729 0 -0.000169492
13.6271 -8.47458e-05 0 -8.47458e-05
13.7119 0.000169492 -0.000254237 0
13.678 -0.000508475 -8.47458e-05 -0.000254237
13.6271 -0.000169492 8.47458e-05 -8.47458e-05
13.6102 0 8.47458e-05 8.47458e-05
13.6102 0 0 0
13.6271 0 -8.47458e-05 -8.47458e-05
13.661 0 -0.000169492 -8.47458e-05
13.661 0 0 0
13.6441 -8.47458e-05 0 0
13.9483 0 0.000258621 0.000172414
13.9483 0 0 0
13.931 0 8.62069e-05 0
14.0172 8.62069e-05 -0.000344828 -8.62069e-05
13.9828 0 0.000172414 8.62069e-05
14.069 0.000172414 -0.000258621 -8.62069e-05
13.7627 -8.47458e-05 0.000254237 8.47458e-05
13.7627 0 0 0
13.7797 0 -8.47458e-05 0
13.7797 0 0 0
13.7966 0 -8.47458e-05 -8.47458e-05
13.7458 -8.47458e-05 0.000169492 8.47458e-05
13.7458 0 0 0
13.7458 0 0 0
13.7627 0 -8.47458e-05 -8.47458e-05
13.7966 0 -0.000169492 -8.47458e-05
13.8136 0 -8.47458e-05 0
13.8136 0 0 0
