Celerities (plug_length top_celerity bottom_celerity center_celerity) unit of Diameters and Diameters/s
4.94444 0.000925926 0.00157407 0.0012963
4.75926 0.00101852 0.00194444 0.00148148
4.7963 0.0012037 0.00101852 0.00111111
4.85185 0.00157407 0.0012963 0.00138889
4.31481 0.00185185 0.00453704 0.00324074
4.2963 0.00203704 0.00212963 0.00203704
4.27778 0.00231481 0.00240741 0.00240741
4.37037 0.0025 0.00203704 0.00222222
4.51852 0.0025 0.00175926 0.00212963
4.5 0.00240741 0.0025 0.0025
4.27778 0.00175926 0.00287037 0.00231481
4.2037 0.00194444 0.00231481 0.00212963
4.31481 0.00231481 0.00175926 0.00203704
4.53704 0.00231481 0.0012037 0.00175926
4.7963 0.00231481 0.00101852 0.00166667
3.33333 0.00231481 0.00962963 0.00592593
3.22222 0.000648148 0.0012037 0.000925926
3.25926 0.00111111 0.000925926 0.00101852
3.37037 0.00148148 0.000925926 0.0012037
0.425926 0.000185185 -0.000185185 0
0.481481 0.000740741 0.000462963 0.000555556
2.05556 9.25926e-05 -0.00777778 -0.0037963
1.66667 0.0378704 0.0398148 0.0387963
1.66667 -0.000740741 -0.000740741 -0.000740741
1.61111 -0.000833333 -0.000555556 -0.000648148
3.46296 0.00138889 0.00111111 0.0012963
3.72222 0.00157407 0.000277778 0.000925926
2.94444 0.00166667 0.00555556 0.00361111
2.7963 0.00194444 0.00268519 0.00231481
2.75926 0.00157407 0.00175926 0.00166667
2.37037 0.00166667 0.00361111 0.00259259
2.46296 0.00148148 0.00101852 0.0012963
2.16667 0.00166667 0.00314815 0.00240741
1.85185 0.0012963 0.00287037 0.00203704
1.85185 0.0012963 0.0012963 0.0012963
1.35185 0.0012037 0.0037037 0.0025
1.12963 0.00037037 0.00148148 0.000925926
3.7037 0.00240741 0.000740741 0.00157407
3.48148 0.0012037 0.00231481 0.00175926
3.64815 0.00175926 0.000925926 0.00138889
3.53704 0.00194444 0.0025 0.00222222
3.64815 0.0012037 0.000648148 0.000925926
4.05556 0.0025 0.000462963 0.00148148
4.09259 0.000462963 0.000277778 0.00037037
4.42593 0.00175926 9.25926e-05 0.000925926
4.27778 0.000648148 0.00138889 0.00101852
4.37037 0.00148148 0.00101852 0.0012037
3.75926 0.00101852 0.00407407 0.00259259
3.22222 0.0012963 0.00398148 0.00259259
3.31481 0.000925926 0.000462963 0.000740741
3.40741 0.000833333 0.00037037 0.000555556
2.92593 0.000925926 0.00333333 0.00212963
2.74074 0.000925926 0.00185185 0.00138889
2.72222 0.0012963 0.00138889 0.00138889
2.75926 0.00148148 0.0012963 0.00138889
2.72222 0.00148148 0.00166667 0.00157407
2.42593 0.00166667 0.00314815 0.00240741
2.59259 0.00166667 0.000833333 0.0012037
2.7037 0.000555556 0 0.000277778
1.35185 0.00111111 0.00787037 0.00453704
1 0.00138889 0.00314815 0.00222222
0.703704 0.00037037 0.00185185 0.00111111
1.90196 0.00156863 0.0109804 0.00627451
1.84314 0.000980392 0.00127451 0.00107843
0.960784 -9.80392e-05 0.00431373 0.00215686
0.666667 0.000980392 0.00245098 0.00166667
0.470588 0.000196078 0.00117647 0.000686275
0.215686 -0.000196078 0.00107843 0.000490196
5.17778 0.00111111 -0.000222222 0.000444444
3.73333 0.00266667 0.00988889 0.00622222
2.46667 0.000666667 0.007 0.00388889
2.33333 0.000555556 0.00122222 0.000888889
0.911111 0.000777778 0.00788889 0.00433333
0.8 0.000111111 0.000666667 0.000333333
0.444444 -0.000444444 0.00133333 0.000444444
0.466667 0.00466667 0.00533333 0.005
0.222222 -0.00111111 0.000111111 -0.000555556
1.4 0.0195556 0.0136667 0.0166667
1.28889 -0.000333333 0.000222222 -0.000111111
0.755556 -0.000555556 0.00211111 0.000777778
0.622222 -0.001 -0.000333333 -0.000666667
0.6 -0.001 -0.000888889 -0.000888889
4.95652 0.00119565 -0.000108696 0.000543478
4.06522 0.00108696 0.00554348 0.00336957
4.19565 0.00130435 0.000652174 0.000978261
3.73913 0.00141304 0.00369565 0.0025
3.91304 0.00108696 0.000217391 0.000652174
2.52174 0.00119565 0.00815217 0.00467391
0.369565 -0.000434783 0.0103261 0.005
3.54348 0.00163043 0.000543478 0.00108696
3.52174 0.00173913 0.00184783 0.00173913
3.76087 0.00163043 0.000434783 0.00108696
3.86957 0.00152174 0.000978261 0.00119565
3.91304 0.000978261 0.00076087 0.000869565
3.65217 -0.00076087 0.000543478 -0.000108696
3.03922 0.000490196 0.000882353 0.000686275
2.78431 -0.000588235 0.000686275 0
2.7451 0.000490196 0.000686275 0.000588235
2.78431 0.000686275 0.000490196 0.000588235
2.92157 0.00117647 0.000490196 0.000882353
2.80392 0.00147059 0.00205882 0.00176471
2.37255 0.00117647 0.00333333 0.0022549
2.23529 0.000294118 0.000980392 0.000588235
2.03922 0.000490196 0.00147059 0.000980392
2.11765 0.000882353 0.000490196 0.000686275
1.94118 -0.000784314 9.80392e-05 -0.000294118
3.14583 0.000729167 0 0.000416667
3.33333 0.00104167 0.000104167 0.000520833
3.0625 0.00114583 0.0025 0.001875
3.20833 0.00145833 0.000729167 0.00104167
3.5625 0.00114583 -0.000625 0.0003125
3.79167 0.0003125 -0.000833333 -0.0003125
4 0.000208333 -0.000833333 -0.0003125
0.729167 0.000729167 0.0170833 0.00895833
3.65385 0.00153846 0.00384615 0.00269231
3.46154 0.000769231 0.00173077 0.00125
3.36538 0.00115385 0.00163462 0.00144231
3.48077 0.00125 0.000673077 0.000961538
3.75 0.00144231 9.61538e-05 0.000769231
4.03846 0.00144231 0 0.000673077
2.71154 0.00153846 0.00817308 0.00490385
2.92308 0.00221154 0.00115385 0.00163462
4.69048 0.00190476 0.00202381 0.00202381
3.40476 0.0025 0.00892857 0.00571429
3.59524 0.00202381 0.00107143 0.00154762
3.80952 0.00130952 0.000238095 0.000714286
4 0.000714286 -0.000238095 0.000238095
4.21429 0.00142857 0.000357143 0.000952381
4.02381 -0.00047619 0.00047619 0
1.02381 -0.000952381 -0.00535714 -0.00309524
2.21429 0.022381 0.0164286 0.0194048
2.21429 -0.000714286 -0.000714286 -0.000714286
2.2619 -0.000714286 -0.000952381 -0.000833333
2.42857 -0.000952381 -0.00178571 -0.00142857
0.404762 -0.000952381 0.00916667 0.00416667
3.48077 0.00105769 0.000288462 0.000673077
3.84615 0.00144231 -0.000384615 0.000480769
4.05769 0.00173077 0.000673077 0.00125
3.73077 0.00201923 0.00365385 0.00278846
2.61538 -0.000480769 0.00509615 0.00230769
2.78846 0.000961538 9.61538e-05 0.000576923
1.30769 0.00105769 0.00846154 0.00471154
0.769231 0.000769231 0.00346154 0.00211538
5.15556 0.00177778 0 0.000888889
2.22222 0.00166667 0.0163333 0.009
2.11111 0.00177778 0.00233333 0.00211111
2 0.00144444 0.002 0.00166667
2.02222 0.000666667 0.000555556 0.000666667
0.822222 -0.000111111 0.00588889 0.00288889
3.5 0.0012037 0.00268519 0.00194444
3.61111 0.00111111 0.000555556 0.000833333
3.72222 0.000925926 0.00037037 0.000648148
3.33333 0.0012963 0.00324074 0.00222222
3.40741 0.00148148 0.00111111 0.0012963
3.12963 0.00166667 0.00305556 0.00240741
3.38889 0.00157407 0.000277778 0.000925926
3.22222 0.00101852 0.00185185 0.00138889
2.59259 0.00037037 0.00351852 0.00194444
2.48148 -0.00037037 0.000185185 -9.25926e-05
0.296296 0.00342593 0.00324074 0.00333333
0.037037 -0.000833333 0.000462963 -0.000185185
1.87037 0.0111111 0.00194444 0.00657407
0.481481 -0.000185185 0.00675926 0.00324074
0.462963 -0.000185185 -9.25926e-05 -9.25926e-05
0.407407 -0.000648148 -0.00037037 -0.000555556
4.35185 -0.000925926 -0.0175926 -0.00925926
4.01852 -0.000925926 0.000740741 -9.25926e-05
4.07407 0.00101852 0.000740741 0.000833333
3.7963 -0.000648148 0.000740741 9.25926e-05
3.85185 0.000462963 0.000185185 0.000277778
3.46296 0.000555556 0.0025 0.00157407
3.51852 0.000277778 0 9.25926e-05
3.46296 0.00037037 0.000648148 0.000555556
3.40741 0.000462963 0.000740741 0.000555556
3.12963 0.000648148 0.00203704 0.00138889
3.12963 0.000648148 0.000648148 0.000648148
3 0.0012037 0.00185185 0.00148148
3.11111 0.000925926 0.00037037 0.000648148
3.18519 0.000833333 0.000462963 0.000648148
2.98148 0.00037037 0.00138889 0.000925926
3.01852 0.000277778 9.25926e-05 0.000185185
2.57407 9.25926e-05 0.000648148 0.00037037
2.59259 -0.000185185 -0.000277778 -0.000277778
2.59259 -0.000277778 -0.000277778 -0.000277778
2.14815 -0.000462963 0.00175926 0.000648148
1.96296 -0.000833333 9.25926e-05 -0.00037037
1.94444 -0.000462963 -0.00037037 -0.00037037
2 -0.000462963 -0.000740741 -0.000648148
2.05556 -0.000555556 -0.000833333 -0.000648148
2.38889 -0.000648148 -0.00231481 -0.00148148
1.61111 -0.000833333 0.00305556 0.00111111
2.77778 0.00157407 0.0012037 0.00138889
2.72222 0.000833333 0.00111111 0.00101852
1.98148 0.0012037 0.00490741 0.00305556
1.81481 0.0012963 0.00212963 0.00166667
1.53704 0.00175926 0.00314815 0.0025
1.64815 0.00138889 0.000833333 0.00111111
1.81481 0.00111111 0.000277778 0.000648148
1.42593 0.00111111 0.00305556 0.00212963
0.277778 0.000925926 0.00666667 0.0037963
3.2037 0.00111111 0.000555556 0.000833333
2.77778 0.0012963 0.00342593 0.00231481
2.98148 0.00148148 0.000462963 0.00101852
2.64815 0.00166667 0.00333333 0.0025
2.55556 0.00185185 0.00231481 0.00203704
2.74074 0.00194444 0.00101852 0.00148148
2.51852 0.000925926 0.00203704 0.00148148
5.06818 0.00113636 0 0.000568182
4.81818 0.00136364 0.00261364 0.00193182
4.47727 0.00159091 0.00329545 0.0025
4.02273 0.00170455 0.00397727 0.00284091
4.29545 0.00204545 0.000681818 0.00136364
4.56818 0.00215909 0.000795455 0.00147727
4.90909 0.00227273 0.000568182 0.00136364
4.54545 0.00238636 0.00420455 0.00329545
4.72727 0.00102273 0.000113636 0.000568182
