Celerities (plug_length top_celerity bottom_celerity center_celerity) unit of Diameters and Diameters/s
3.85185 0.000185185 0.000277778 0.000185185
3.87037 0.000277778 0.000185185 0.000277778
3.75926 0.000462963 0.00101852 0.000740741
3.81481 0.000555556 0.000277778 0.00037037
3.16667 0.000740741 0.00398148 0.00240741
3.14815 0.000648148 0.000740741 0.000648148
3.2963 0.000833333 9.25926e-05 0.000462963
3.55556 0.00101852 -0.000277778 0.00037037
3.92593 0.00111111 -0.000740741 0.000185185
2.90741 0.000925926 0.00601852 0.00351852
2.12963 0.000833333 0.00472222 0.00277778
2.09259 0.000555556 0.000740741 0.000648148
2.14815 0.000555556 0.000277778 0.00037037
1.92593 0.000555556 0.00166667 0.00111111
1.96296 0.000555556 0.00037037 0.000462963
0.759259 0.000555556 0.00657407 0.00361111
0.592593 -9.25926e-05 0.000740741 0.000277778
3.37736 -0.000283019 -9.43396e-05 -0.000188679
3.11321 -0.000283019 0.00103774 0.000377358
3.0566 -0.000188679 9.43396e-05 -9.43396e-05
2.98113 -9.43396e-05 0.000283019 9.43396e-05
2.92453 0 0.000283019 0.000188679
3.01887 0.000283019 -0.000188679 0
3.18868 0.000188679 -0.000660377 -0.000188679
