Celerities (plug_length top_celerity bottom_celerity center_celerity) unit of Diameters and Diameters/s
1.19565 0.000108696 0.00076087 0.000434783
1.13043 0 0.000326087 0.000108696
0.978261 0 0.00076087 0.000434783
0.913043 0 0.000326087 0.000108696
0.826087 -0.000108696 0.000326087 0.000108696
0.826087 0 0 0
0.913043 0.000326087 0.000869565 0.000543478
0.891304 0.000434783 0.000543478 0.000543478
0.869565 0.000434783 0.000543478 0.000434783
0.782609 0.000434783 0.000869565 0.000652174
0.73913 0.000108696 0.000326087 0.000217391
0.76087 -0.000108696 -0.000217391 -0.000108696
0.76087 0.000434783 0.00076087 0.000652174
0.717391 0.000326087 0.000543478 0.000434783
0.608696 0.000217391 0.00076087 0.000434783
0.521739 0 0.000434783 0.000217391
0.456522 -0.000108696 0.000217391 0.000108696
0.347826 -0.000652174 -0.000108696 -0.000434783
0.782609 0.000326087 0.000869565 0.000543478
0.717391 0.000217391 0.000543478 0.000434783
0.652174 0.000326087 0.000652174 0.000434783
0.565217 0.000217391 0.000652174 0.000434783
0.478261 0.000217391 0.000652174 0.000434783
0.434783 0.000108696 0.000326087 0.000217391
0.456522 0.000217391 0.000108696 0.000217391
0.434783 0 0.000108696 0
0.478261 -0.000217391 -0.000434783 -0.000326087
1.26087 0 0.00076087 0.000326087
1.15217 0.000217391 0.00076087 0.000543478
1.1087 0.000217391 0.000434783 0.000326087
1.13043 0.000217391 0.000108696 0.000108696
1.06522 0.000326087 0.000652174 0.000543478
0.978261 0.000217391 0.000652174 0.000434783
1.06522 0.000326087 -0.000108696 0.000108696
1.06522 0.000217391 0.000217391 0.000217391
1.86957 0.000326087 0.000434783 0.000326087
1.93478 0.000217391 -0.000108696 0.000108696
0.717391 0.000217391 0.00630435 0.00326087
0.673913 -0.000108696 0.000108696 0
0.673913 -0.000217391 -0.000217391 -0.000217391
0.652174 -0.000326087 -0.000217391 -0.000326087
0.586957 0.000326087 0.000434783 0.000434783
0.521739 0.000217391 0.000543478 0.000326087
0.478261 0.000108696 0.000326087 0.000217391
0.456522 0.000108696 0.000217391 0.000217391
0.413043 -0.000108696 0.000108696 0
0.434783 -0.000326087 -0.000434783 -0.000434783
0.956522 0.000434783 0.00076087 0.000543478
0.826087 0.000326087 0.000978261 0.000652174
0.804348 0.000543478 0.000652174 0.000652174
0.782609 0.000434783 0.000543478 0.000434783
0.782609 0.000217391 0.000217391 0.000217391
0.847826 0.000217391 -0.000108696 0.000108696
0.869565 -0.000217391 -0.000326087 -0.000326087
1 -0.000434783 -0.00108696 -0.00076087
2.62222 -0.000111111 0.000444444 0.000111111
2.51111 -0.000111111 0.000444444 0.000222222
2.48889 0 0.000111111 0
1.22222 0.000222222 0.00655556 0.00344444
1.13333 0.000333333 0.000777778 0.000555556
1.15556 0.000222222 0.000111111 0.000111111
1.11111 0.000111111 0.000333333 0.000222222
0.911111 0.000222222 0.00122222 0.000777778
0.911111 0.000333333 0.000333333 0.000333333
0.911111 0.000222222 0.000222222 0.000222222
0.933333 0.000333333 0.000555556 0.000444444
0.955556 0.000444444 0.000333333 0.000444444
1 0.000222222 0 0.000111111
0.977778 0 0.000111111 0
1.02222 -0.000111111 -0.000333333 -0.000222222
1.13333 -0.000222222 -0.000777778 -0.000444444
0.444444 -0.000333333 0.00311111 0.00133333
3.48889 -0.000888889 -0.0161111 -0.00844444
2.34783 0.000108696 0.000217391 0.000108696
2.67391 0.00173913 0.000108696 0.000978261
2.58696 -0.000217391 0.000217391 0
2.56522 -0.000217391 -0.000108696 -0.000217391
2.47826 -0.000326087 0.000108696 -0.000108696
2.45652 0.000108696 0.000217391 0.000217391
2.43478 0 0.000108696 0
2.43478 0.000108696 0.000108696 0.000108696
2.52174 0.000217391 -0.000217391 0
2.1087 0.000217391 0.000326087 0.000326087
2.08696 0 0.000108696 0
2.02174 0.000108696 0.000434783 0.000326087
1.80435 -0.000108696 0.000978261 0.000434783
1.65217 -0.000108696 0.000652174 0.000217391
1.65217 0.000108696 0.000108696 0.000108696
1.69565 0.000217391 0 0.000108696
1.76087 0.000108696 -0.000217391 0
1.1087 -0.000108696 0.000869565 0.000434783
1.02174 0 0.000434783 0.000217391
0.891304 0.000108696 0.00076087 0.000434783
0.76087 -0.000108696 0.000543478 0.000217391
0.695652 0 0.000326087 0.000108696
0.608696 0.000108696 0.000543478 0.000326087
0.478261 0.000108696 0.00076087 0.000434783
0.369565 0 0.000543478 0.000326087
0.282609 -0.000108696 0.000326087 0.000108696
0.282609 -0.000108696 -0.000108696 -0.000108696
0.23913 -0.000326087 -0.000108696 -0.000217391
0.26087 -0.000434783 -0.000543478 -0.000543478
2.17391 0.000326087 0.000543478 0.000434783
2.17391 0.000434783 0.000434783 0.000434783
2.19565 0.000326087 0.000217391 0.000326087
2.23913 0.000217391 0 0.000108696
1.58696 0.000217391 0.00347826 0.00184783
1.54348 0.000108696 0.000326087 0.000217391
1.52174 0 0.000108696 0
1.45652 0 0.000326087 0.000217391
1.41304 0 0.000217391 0.000108696
1.41304 0.000217391 0.000217391 0.000217391
1.56522 0.000217391 -0.000543478 -0.000217391
0.826087 0.000108696 0.00380435 0.00195652
0.673913 0.000108696 0.000869565 0.000543478
0.652174 0 0.000108696 0
0.652174 0 0 0
0.608696 -0.000326087 -0.000108696 -0.000217391
0.543478 -0.000326087 0 -0.000108696
0.5 -0.000543478 -0.000326087 -0.000434783
2.56522 0.000217391 0.000108696 0.000108696
2.45652 0 0.000543478 0.000326087
2.3913 0 0.000326087 0.000108696
2.28261 -0.000217391 0.000326087 0.000108696
2.21739 -0.000108696 0.000217391 0
2.17391 0 0.000217391 0.000108696
2.04348 0 0.000652174 0.000326087
2.04348 0.000217391 0.000217391 0.000217391
2.08696 0.000108696 -0.000108696 0
2.06522 0.000217391 0.000326087 0.000326087
2.32609 0.000326087 0.00076087 0.000543478
2.28261 0.000217391 0.000434783 0.000326087
2.32609 0.000434783 0.000217391 0.000326087
2.30435 0.000326087 0.000434783 0.000326087
2.21739 0.000326087 0.00076087 0.000543478
2.21739 0.000434783 0.000434783 0.000434783
2.19565 0.000326087 0.000434783 0.000434783
2.08696 0.000108696 0.000652174 0.000326087
1.95652 0 0.000652174 0.000326087
1.91304 -0.000108696 0.000108696 0
1.84783 -0.000326087 0 -0.000108696
1.91304 -0.000326087 -0.000652174 -0.000543478
1.40426 0 0.000106383 0
1.10638 0 0.00148936 0.000744681
1.02128 0 0.000425532 0.000212766
1 0.000106383 0.000212766 0.000212766
0.957447 0.000106383 0.000319149 0.000212766
0.957447 0.000212766 0.000212766 0.000212766
0.93617 0 0.000106383 0
0.891304 0.000326087 0.000543478 0.000434783
0.608696 0.000326087 0.00173913 0.000978261
0.413043 0.000217391 0.00119565 0.00076087
0.347826 0.000108696 0.000434783 0.000217391
0.282609 0 0.000326087 0.000217391
0.195652 -0.000326087 0.000108696 -0.000108696
0.913043 0.000326087 0.000543478 0.000434783
0.826087 0.000217391 0.000652174 0.000434783
0.804348 0.000326087 0.000434783 0.000434783
0.673913 0.000217391 0.000869565 0.000543478
0.5 0.000108696 0.000978261 0.000543478
0.478261 0 0.000108696 0
0.521739 0 -0.000217391 -0.000108696
1.52174 0.000108696 0.000326087 0.000217391
1.45652 0.000108696 0.000434783 0.000326087
1.36957 0.000108696 0.000543478 0.000326087
1.32609 0.000108696 0.000326087 0.000217391
1.32609 0.000217391 0.000217391 0.000217391
1.30435 0.000217391 0.000326087 0.000217391
1.30435 0.000108696 0.000108696 0.000108696
0.956522 0.000217391 0.00195652 0.00108696
0.891304 0.000217391 0.000543478 0.000434783
0.869565 0.000217391 0.000326087 0.000217391
0.913043 0.000217391 0 0.000108696
0.934783 0.000217391 0.000108696 0.000217391
0.891304 -0.000217391 0 -0.000108696
0.869565 -0.000434783 -0.000326087 -0.000434783
0.913043 -0.000543478 -0.00076087 -0.000652174
1.26087 0.000217391 0.00108696 0.000652174
1.17391 0.000217391 0.000652174 0.000434783
1.08696 0.000326087 0.00076087 0.000543478
1.04348 0.000217391 0.000434783 0.000326087
1.02174 0.000217391 0.000326087 0.000326087
0.934783 0 0.000434783 0.000217391
0.891304 -0.000108696 0.000108696 0
0.608696 0.000217391 0.000652174 0.000434783
0.543478 0.000217391 0.000543478 0.000434783
0.543478 0.000217391 0.000217391 0.000217391
0.565217 0.000108696 0 0
0.543478 -0.000108696 0 0
0.543478 -0.000217391 -0.000217391 -0.000217391
0.565217 -0.000434783 -0.000543478 -0.000543478
1.17391 0.000108696 0.000652174 0.000326087
1.06522 0.000108696 0.000652174 0.000434783
1 0 0.000326087 0.000108696
0.978261 0 0.000108696 0.000108696
0.934783 0 0.000217391 0.000108696
0.847826 0 0.000434783 0.000217391
0.804348 0.000108696 0.000326087 0.000217391
0.73913 -0.000108696 0.000217391 0
0.76087 0 -0.000108696 0
0.826087 -0.000217391 -0.000543478 -0.000434783
1.23913 0.000108696 0.000434783 0.000326087
1.19565 0.000217391 0.000434783 0.000326087
1.15217 0.000217391 0.000434783 0.000326087
1.17391 0.000326087 0.000217391 0.000217391
1.06522 0.000217391 0.00076087 0.000543478
1.1087 0.000326087 0.000108696 0.000217391
1.47826 0.000326087 0.000434783 0.000326087
1.52174 0.000434783 0.000217391 0.000326087
1.47826 0.000217391 0.000434783 0.000326087
0.521739 0.000217391 0.005 0.0026087
0.434783 0.000108696 0.000543478 0.000326087
0.347826 -0.000217391 0.000217391 0
0.304348 -0.000434783 -0.000217391 -0.000326087
0.413043 -0.000326087 -0.000869565 -0.000543478
1.02174 0.000326087 0.00119565 0.00076087
0.913043 0.000326087 0.000869565 0.000543478
0.869565 0.000326087 0.000543478 0.000434783
0.76087 0.000326087 0.000869565 0.000652174
0.673913 0.000217391 0.000652174 0.000434783
0.608696 0.000108696 0.000434783 0.000217391
0.543478 -0.000108696 0.000217391 0.000108696
0.521739 -0.000326087 -0.000217391 -0.000326087
0.478261 -0.000652174 -0.000434783 -0.000543478
1.21739 0.000217391 0.000543478 0.000326087
1.13043 0.000326087 0.00076087 0.000543478
1.04348 0.000217391 0.000652174 0.000434783
1.04348 0.000217391 0.000217391 0.000217391
1.06522 0.000217391 0.000108696 0.000217391
1.15217 0.000217391 -0.000217391 0
1.47826 0.000217391 0.000543478 0.000326087
1.3913 0.000217391 0.000652174 0.000434783
1.32609 0.000217391 0.000543478 0.000434783
1.23913 0.000108696 0.000543478 0.000326087
1.19565 0.000108696 0.000326087 0.000217391
1.1087 0 0.000434783 0.000217391
0.978261 0 0.000652174 0.000326087
0.956522 0 0.000108696 0
0.891304 -0.000108696 0.000217391 0.000108696
0.847826 0 0.000217391 0.000108696
0.913043 -0.000108696 -0.000434783 -0.000326087
1.34783 0.000326087 0.000434783 0.000326087
1.32609 0.000217391 0.000326087 0.000326087
1.34783 0.000326087 0.000217391 0.000217391
1.23913 0.000326087 0.000869565 0.000652174
1.21739 0.000326087 0.000434783 0.000326087
1.34783 0.000434783 -0.000217391 0.000108696
