Celerities (plug_length top_celerity bottom_celerity center_celerity) unit of Diameters and Diameters/s
3.88889 0.000972222 0.000972222 0.000972222
3.75 0.00138889 0.00208333 0.00180556
4.05556 0.00194444 0.000416667 0.00111111
3.80556 0.00277778 0.00402778 0.00347222
3.30556 0.000833333 0.00333333 0.00208333
3.27778 0.00208333 0.00222222 0.00208333
2.83333 0.0025 0.00472222 0.00361111
2.86111 0.00236111 0.00222222 0.00236111
2.63889 0.00180556 0.00291667 0.00236111
2.41667 0.00180556 0.00291667 0.00236111
2.33333 0.00194444 0.00236111 0.00208333
2.30556 0.00138889 0.00152778 0.00152778
1.27778 -0.000416667 0.00472222 0.00208333
0.921053 0.000131579 0.00105263 0.000657895
0.842105 0.000131579 0.000526316 0.000263158
0.763158 0.000131579 0.000526316 0.000394737
0.710526 0 0.000263158 0.000131579
0.736842 0.000131579 0 0
0.763158 -0.000131579 -0.000263158 -0.000131579
1.21053 0.000263158 0.000394737 0.000263158
1.13158 0 0.000394737 0.000263158
1.07895 0.000131579 0.000394737 0.000263158
1.07895 0.000131579 0.000131579 0.000131579
1.05263 0.000131579 0.000263158 0.000131579
1.15789 0.000131579 -0.000394737 -0.000131579
