Celerities (plug_length top_celerity bottom_celerity center_celerity) unit of Diameters and Diameters/s
0.553191 -0.000744681 0.000851064 0
0.659574 0.000744681 0.000212766 0.000531915
0.765957 -0.000106383 -0.000638298 -0.000425532
0.808511 -0.000106383 -0.000319149 -0.000212766
1.74468 0.0191489 0.0144681 0.0168085
2.40426 0.00265957 -0.000638298 0.00106383
2.53191 -0.000106383 -0.00159574 -0.000851064
0.0851064 0.00989362 0.0221277 0.0159574
0.319149 -0.000531915 -0.00170213 -0.00106383
0.638298 0.00446809 0.00287234 0.00361702
0.212766 0.00212766 0.00425532 0.00319149
0.234043 0.00117021 0.00106383 0.00117021
0.191489 -0.000851064 -0.000638298 -0.000744681
11.0213 0.00329787 0.00244681 0.00287234
11.5319 0.00319149 0.000638298 0.00191489
11.8511 0.00308511 0.00148936 0.00234043
10.1064 0.00361702 0.0123404 0.00797872
10.2553 0.00265957 0.00191489 0.00223404
10.5319 0.00191489 0.000531915 0.0012766
9.57447 0.00159574 0.00638298 0.00393617
10.1489 0.00287234 0 0.00148936
10.5745 0.00159574 -0.000531915 0.000531915
11.1064 0.00297872 0.000319149 0.00159574
9.91489 0.00212766 0.00808511 0.00510638
8.42553 0.000957447 0.00840426 0.00468085
10.6809 0.00265957 -0.00861702 -0.00297872
9.59574 0.00265957 0.00808511 0.00542553
0.702128 0.000319149 0.0447872 0.0225532
0.765957 0.00180851 0.00148936 0.00159574
0.212766 -0.000106383 0.00265957 0.0012766
0.787234 0.005 0.00468085 0.00489362
0.93617 -0.000106383 -0.000851064 -0.000531915
1.2766 -0.00106383 -0.00276596 -0.00191489
1.12766 -0.000319149 0.000425532 0.000106383
1.3617 -0.000319149 -0.00148936 -0.000957447
0.510638 0.00691489 0.0111702 0.00904255
1.46809 -0.000957447 -0.00712766 -0.00404255
1.42553 -0.00106383 -0.000851064 -0.000957447
1.23404 -0.000319149 0.000638298 0.000106383
1.76596 0.00265957 0 0.00138298
0.87234 -0.000638298 0.00382979 0.00159574
0.808511 -0.000957447 -0.000638298 -0.000851064
1.19149 0.000851064 -0.00106383 -0.000106383
1.82979 0.00180851 -0.00138298 0.000212766
0.234043 0.000638298 0.00861702 0.00468085
1.42553 0.00819149 0.00223404 0.00521277
0.446809 0.00670213 0.0115957 0.00914894
0.914894 -0.000744681 -0.00234043 -0.00148936
0.404255 -0.000638298 0.00191489 0.000638298
2.51064 0.00861702 -0.00191489 0.00329787
3.23404 0.00117021 -0.00244681 -0.000638298
9.55319 0.00861702 -0.0229787 -0.00712766
0.170213 0.00595745 0.0528723 0.0293617
0.468085 -0.000851064 -0.00234043 -0.00159574
0.808511 -0.000106383 -0.00180851 -0.000957447
5.46809 0 -0.000425532 -0.000212766
4.93617 0.000212766 0.00287234 0.00148936
4.97872 0.000425532 0.000212766 0.000319149
5.14894 0.00106383 0.000212766 0.000638298
4.59574 -0.000425532 0.00234043 0.000957447
4.6383 0.000531915 0.000319149 0.000425532
4.70213 0.000638298 0.000319149 0.000531915
4.65957 -0.000106383 0.000106383 0
4.57447 0.000744681 0.00117021 0.000957447
4.59574 0.000638298 0.000531915 0.000531915
4.74468 0.000638298 -0.000106383 0.000319149
4.87234 0.000212766 -0.000425532 -0.000106383
5.04255 0.000638298 -0.000212766 0.000212766
4.85106 0 0.000957447 0.000425532
4.93617 0.000531915 0.000106383 0.000319149
4.91489 0.000212766 0.000319149 0.000319149
4.80851 0.000212766 0.000744681 0.000425532
4.80851 0 0 0
4.87234 0.000106383 -0.000212766 0
0.319149 0.000744681 0.0235106 0.0121277
