Celerities (plug_length top_celerity bottom_celerity center_celerity) unit of Diameters and Diameters/s
11.093 0.00104651 0.000930233 0.00104651
11.1628 0.00139535 0.00104651 0.00116279
11.0233 0.00139535 0.00209302 0.00174419
10.8605 0.00139535 0.0022093 0.00186047
11.093 0.00174419 0.000581395 0.00116279
9.62791 0.00151163 0.00883721 0.00511628
9.46512 0.00162791 0.00244186 0.00209302
9.34884 0.00151163 0.00209302 0.00174419
9.16279 0.00139535 0.00232558 0.00186047
9.04651 0.00139535 0.00197674 0.00174419
8.95349 0.00116279 0.00162791 0.00139535
8.7907 0.00151163 0.00232558 0.00186047
8.72093 0.00162791 0.00197674 0.00186047
8.62791 0.00186047 0.00232558 0.00209302
8.74419 0.00232558 0.00174419 0.00197674
8.81395 0.00209302 0.00174419 0.00197674
8.95349 0.00209302 0.00139535 0.00174419
9.18605 0.00209302 0.000930233 0.00151163
8.5814 0.00186047 0.00488372 0.00337209
7.55814 0.00232558 0.00744186 0.00488372
7.23256 0.00197674 0.00360465 0.0027907
7.2093 0.00209302 0.0022093 0.00209302
6.46512 0.00244186 0.00616279 0.00430233
6.48837 0.00209302 0.00197674 0.00209302
6.48837 0.00209302 0.00209302 0.00209302
6.53488 0.00186047 0.00162791 0.00174419
6.60465 0.00139535 0.00104651 0.00116279
6.67442 0.00127907 0.000930233 0.00116279
6.67442 0.00116279 0.00116279 0.00116279
6.90698 0.00186047 0.000697674 0.00127907
7.7 0.0015 0.001125 0.00125
7.7 0.001625 0.001625 0.001625
7.975 0.001625 0.00025 0.001
8.625 0.002 -0.00125 0.000375
8.075 0.001375 0.004125 0.00275
8.375 0.00125 -0.00025 0.0005
8.625 0.0005 -0.00075 -0.000125
8.85 0.000625 -0.0005 0
9.05 0.000625 -0.000375 0.000125
8.725 -0.00075 -0.00075 -0.00075
8.8 -0.0005 -0.000875 -0.00075
7.05 -0.000875 0.007875 0.0035
7.125 -0.00125 -0.001625 -0.001375
7.175 -0.001125 -0.001375 -0.00125
5.2 -0.00075 0.009125 0.004125
6.825 -0.0005 -0.008625 -0.0045
7.725 -0.000875 -0.005375 -0.003125
5.35 -0.001125 0.01075 0.00475
7.125 -0.001125 -0.01 -0.0055
