Celerities (plug_length top_celerity bottom_celerity center_celerity) unit of Diameters and Diameters/s
9.725 0.001 0.002 0.0015
9.525 0.0005 0.0015 0.001
9.35 0.001125 0.002 0.0015
8.975 0.001375 0.00325 0.002375
8.925 0.001625 0.001875 0.00175
8.875 0.001375 0.001625 0.0015
8.85 0.0015 0.001625 0.0015
8.825 0.001375 0.0015 0.0015
8.725 0.001625 0.002125 0.001875
7.975 0.001625 0.005375 0.0035
7.9 0.00175 0.002125 0.001875
7.475 0.00175 0.003875 0.002875
7.35 0.001875 0.0025 0.002125
7.05 0.00175 0.00325 0.0025
6.9 0.002 0.00275 0.002375
6.775 0.002 0.002625 0.002375
6.4 0.001375 0.00325 0.00225
6.275 0.00175 0.002375 0.002125
6.125 0.00175 0.0025 0.002125
6 0.00175 0.002375 0.002
5.875 0.002 0.002625 0.002375
5.725 0.0015 0.00225 0.001875
5.475 0.001875 0.003125 0.0025
5.1 0.001625 0.0035 0.0025
5.1 0.00175 0.00175 0.00175
4.625 0.001875 0.00425 0.003125
4.25 0.001625 0.0035 0.0025
4.075 0.002125 0.003 0.002625
3.95 0.002 0.002625 0.00225
3.9 0.002 0.00225 0.002125
3.7 0.001875 0.002875 0.002375
3.55 0.002 0.00275 0.002375
3.475 0.00175 0.002125 0.002
3.225 0.001 0.00225 0.001625
1.925 0.002 0.0085 0.00525
1.925 0.00175 0.00175 0.00175
1.7 0.001 0.002125 0.0015
1.125 0.00175 0.004625 0.00325
0.7 0.00075 0.002875 0.00175
3.525 0.002 0.000125 0.001125
3.7 0.000875 0 0.000375
3.175 0.0015 0.004125 0.002875
3.175 0.000875 0.000875 0.000875
2.9 0.0005 0.001875 0.001125
2.875 0.000875 0.001 0.001
2.85 0.000625 0.00075 0.000625
3.125 0.002 0.000625 0.001375
3.325 0.00175 0.00075 0.00125
3.425 0.00075 0.00025 0.0005
3.325 0.000625 0.001125 0.000875
3.4 0.00075 0.000375 0.0005
3.45 0.000375 0.000125 0.00025
3.8 0.001125 -0.000625 0.00025
3.4 0.0015 0.0035 0.0025
2.325 0.000875 0.00625 0.003625
2.475 0.0015 0.00075 0.001125
2.375 0.000625 0.001125 0.000875
2.225 0.00075 0.0015 0.001125
2 0.000625 0.00175 0.001125
1.925 0.00025 0.000625 0.0005
2.1 0.000625 -0.00025 0.000125
1.275 0 0.004125 0.002125
1.375 0.000125 -0.000375 -0.000125
1.35 0.000375 0.0005 0.000375
1.15 -0.000875 0.000125 -0.000375
0.75 -0.00075 0.00125 0.00025
0.55 -0.00025 0.00075 0.00025
0.575 0.00025 0.000125 0.00025
0.325 -0.00075 0.0005 -0.000125
0.35 -0.00025 -0.000375 -0.000375
1.95 0.0005 0.00175 0.001125
1.8 0.000625 0.001375 0.001
1.475 0.0005 0.002125 0.001375
1.375 0.000375 0.000875 0.000625
1.25 0.000375 0.001 0.000625
1.1 0.000375 0.001125 0.00075
1.05 0.000625 0.000875 0.00075
0.525 0 0.002625 0.001375
0.3 0 0.001125 0.0005
4.2 0.00225 0.001875 0.002
4.15 0.002125 0.002375 0.00225
4.15 0.001375 0.001375 0.001375
4.275 0.0015 0.000875 0.00125
4.225 0.001625 0.001875 0.00175
4 0.002125 0.00325 0.002625
4.075 0.002125 0.00175 0.002
4.275 0.002 0.001 0.0015
4.5 0.001625 0.0005 0.001
4.775 0.002 0.000625 0.001375
5 0.00175 0.000625 0.001125
3.6 0.001625 0.008625 0.005125
3.725 0.001875 0.00125 0.001625
3.875 0.001375 0.000625 0.001
4.25 0.002 0.000125 0.001
3.275 0.001625 0.0065 0.004125
3.25 0.00175 0.001875 0.00175
3.15 0.00125 0.00175 0.0015
3.225 0.00175 0.001375 0.001625
3.225 0.001875 0.001875 0.001875
3.1 0.001375 0.002 0.001625
3.225 0.0015 0.000875 0.00125
3.125 0.001375 0.001875 0.001625
3.075 0.001125 0.001375 0.00125
3.125 0.00175 0.0015 0.001625
3.15 0.0015 0.001375 0.001375
3.25 0.001875 0.001375 0.001625
3.275 0.001375 0.00125 0.001375
3.275 0.001 0.001 0.001
3.3 0.00125 0.001125 0.001125
3.55 0.00225 0.001 0.001625
3.725 0.00175 0.000875 0.001375
3.6 0.00025 0.000875 0.0005
3.9 0.002 0.0005 0.00125
4.025 0.0015 0.000875 0.00125
4 0.000625 0.00075 0.000625
4.175 0.001 0.000125 0.000625
4.325 0.00125 0.0005 0.000875
4.475 0.00125 0.0005 0.000875
4.5 0.00075 0.000625 0.000625
4.575 0.00075 0.000375 0.000625
4.925 0.002 0.00025 0.001125
5.425 0.002875 0.000375 0.001625
5.725 0.001625 0.000125 0.000875
6.075 0.001875 0.000125 0.001
6.3 0.001375 0.00025 0.00075
6.475 0.001125 0.00025 0.00075
6.525 0.0005 0.00025 0.000375
6.5 0.000125 0.00025 0.000125
6.55 0.0005 0.00025 0.000375
6.525 0.00025 0.000375 0.000375
6.575 0.000375 0.000125 0.00025
6.55 0.00025 0.000375 0.00025
6.5 0.000125 0.000375 0.00025
6.475 0.00025 0.000375 0.000375
6.425 0.000625 0.000875 0.00075
6.3 0.000375 0.001 0.000625
6.225 0.0005 0.000875 0.00075
6.2 0.00075 0.000875 0.00075
6.15 0.000625 0.000875 0.00075
6.1 0.000625 0.000875 0.00075
5.975 0.0005 0.001125 0.000875
5.7 0.000125 0.0015 0.00075
5.55 0.000125 0.000875 0.0005
5.4 0.000625 0.001375 0.001
5.3 0.00025 0.00075 0.0005
5.25 0.000375 0.000625 0.0005
4.9 0.000375 0.002125 0.00125
4.825 0.00025 0.000625 0.0005
4.725 0.0005 0.001 0.00075
4.4 0.000375 0.002 0.001125
4.325 0.0005 0.000875 0.00075
4.05 0.000125 0.0015 0.00075
3.925 0 0.000625 0.000375
3.775 -0.000375 0.000375 0
3.6 -0.00025 0.000625 0.000125
3.475 -0.000125 0.0005 0.00025
3.225 -0.0005 0.00075 0.000125
2.95 0.000125 0.0015 0.00075
2.55 -0.00025 0.0015 0.000625
2.425 0.000125 0.00075 0.0005
2.425 0.000375 0.000375 0.000375
2.3 0.000125 0.00075 0.000375
2.1 0.000125 0.001125 0.000625
1.975 0.000125 0.00075 0.0005
1.925 0.000375 0.000625 0.0005
1.925 0.0005 0.0005 0.0005
1.9 0.0005 0.000625 0.0005
1.875 0.000625 0.00075 0.00075
1.75 0.0005 0.001125 0.00075
1.6 0 0.00075 0.000375
1.5 0.000125 0.000625 0.000375
1.075 -0.000125 0.002 0.001
0.775 -0.00075 0.00075 0
4.55 0.001375 0.001 0.001125
4.675 0.001 0.000375 0.00075
4.65 0.001 0.001125 0.001
4.7 0.000875 0.000625 0.00075
4.675 0.000625 0.00075 0.00075
4.55 0.000625 0.00125 0.000875
4.5 0.0005 0.00075 0.000625
4.5 0.000875 0.000875 0.000875
4.45 0.0005 0.00075 0.000625
4.6 0.00125 0.0005 0.000875
4.7 0.001125 0.000625 0.000875
4.85 0.001 0.00025 0.000625
4.875 0.000625 0.0005 0.000625
4.875 0.0005 0.0005 0.0005
4.95 0.00075 0.000375 0.0005
5 0.000875 0.000625 0.00075
4.95 0.001 0.00125 0.001125
4.775 0.0005 0.001375 0.001
4.85 0.00125 0.000875 0.001
5 0.001375 0.000625 0.001
4.975 0.0005 0.000625 0.000625
5.15 0.001125 0.00025 0.000625
5.275 0.001 0.000375 0.00075
5.525 0.00175 0.0005 0.001125
5.8 0.001875 0.0005 0.001125
6.025 0.001625 0.0005 0.001125
5.95 0.000125 0.0005 0.00025
5.95 0.000625 0.000625 0.000625
5.9 0.000375 0.000625 0.0005
5.85 0.00025 0.0005 0.000375
5.8 0.0005 0.00075 0.000625
5.825 0.0005 0.000375 0.0005
5.75 0.0005 0.000875 0.000625
5.675 0.00075 0.001125 0.001
5.725 0.000875 0.000625 0.00075
4.9 0.000875 0.005 0.002875
4.8 0.001 0.0015 0.00125
4.25 0.000875 0.003625 0.00225
3.125 0.001125 0.00675 0.004
3.025 0.000875 0.001375 0.001125
2.725 0.001125 0.002625 0.001875
2.625 0.001375 0.001875 0.001625
2.4 0.001 0.002125 0.0015
2.275 0.001125 0.00175 0.0015
2.25 0.001 0.001125 0.001
2.125 0.000875 0.0015 0.00125
1.75 0.000875 0.00275 0.00175
1.35 0.000375 0.002375 0.001375
0.175 0 0.005875 0.003
6.975 0.001375 0.0025 0.002
7.15 0.001875 0.001 0.001375
6.75 0.000625 0.002625 0.001625
6.85 0.001 0.0005 0.00075
6.975 0.000875 0.00025 0.000625
7.1 0.001125 0.0005 0.00075
7.25 0.0015 0.00075 0.001125
7.525 0.00225 0.000875 0.001625
7.75 0.001625 0.0005 0.001
7.9 0.001 0.00025 0.000625
8 0.001 0.0005 0.00075
8.025 0.00075 0.000625 0.00075
7.925 0.00025 0.00075 0.0005
7.75 0.00025 0.001125 0.000625
7.725 0.00025 0.000375 0.000375
7.675 0.00025 0.0005 0.000375
7.575 0 0.0005 0.00025
7.375 0.000125 0.001125 0.000625
7 0 0.001875 0.000875
6.925 0.00025 0.000625 0.0005
6.825 0.000125 0.000625 0.000375
6.775 0.00025 0.0005 0.000375
6.7 0.000375 0.00075 0.0005
6.525 0.00025 0.001125 0.00075
6.425 0.000375 0.000875 0.000625
6.25 0.000375 0.00125 0.00075
6.175 0.0005 0.000875 0.00075
5.9 0.0005 0.001875 0.001125
5.55 0.000625 0.002375 0.0015
5.35 0.00075 0.00175 0.00125
5.125 0.000625 0.00175 0.00125
4.75 0.00075 0.002625 0.001625
4.625 0.000625 0.00125 0.001
4.475 0.0005 0.00125 0.000875
4.45 0.000625 0.00075 0.000625
3.6 0 0.00425 0.002125
3.475 0.0005 0.001125 0.000875
3.3 0.0005 0.001375 0.000875
3.15 0.000375 0.001125 0.00075
3.1 0.00075 0.001 0.000875
3.025 0.00075 0.001125 0.001
3 0.000875 0.001 0.000875
2.5 0.000625 0.003125 0.001875
2.35 0.001 0.00175 0.001375
2.25 0.00075 0.00125 0.001
1.975 0.00075 0.002125 0.0015
1.8 0.0005 0.001375 0.000875
1.525 0 0.001375 0.00075
1.175 -0.0005 0.00125 0.000375
1.2 0.000375 0.00025 0.00025
1.025 -0.00025 0.000625 0.00025
0.675 -0.00075 0.001 0.000125
0.475 -0.001125 -0.000125 -0.000625
3 0.001 0.00125 0.001125
3 0.001375 0.001375 0.001375
3.125 0.00125 0.000625 0.001
3.025 0.000375 0.000875 0.000625
3.075 0.001 0.00075 0.000875
3.225 0.00125 0.0005 0.000875
3.15 0.000875 0.00125 0.001
3.075 0.000875 0.00125 0.001125
3.025 0.00075 0.001 0.000875
3.1 0.001125 0.00075 0.000875
3.35 0.00175 0.0005 0.001125
3.375 0.000875 0.00075 0.000875
3.675 0.001875 0.000375 0.001125
3.75 0.001125 0.00075 0.000875
3.75 0.000375 0.000375 0.000375
4 0.001625 0.000375 0.001
4.15 0.00125 0.0005 0.000875
4.45 0.001625 0.000125 0.000875
4.375 0.00025 0.000625 0.0005
4.575 0.0015 0.0005 0.001
5.125 0.00325 0.0005 0.001875
5 -0.000125 0.0005 0.000125
4.95 0.000125 0.000375 0.00025
4.825 0.00025 0.000875 0.000625
4.75 0.0005 0.000875 0.000625
4.6 0.000375 0.001125 0.00075
4.45 0.000375 0.001125 0.00075
4.375 0.000625 0.001 0.000875
4.225 0.000375 0.001125 0.00075
4.2 0.0005 0.000625 0.0005
4.175 0.000625 0.00075 0.00075
4.05 0.000375 0.001 0.000625
3.95 0.0005 0.001 0.00075
3.725 0.00025 0.001375 0.000875
3.65 0.000625 0.001 0.00075
3.45 0.0005 0.0015 0.001
3.4 0.000625 0.000875 0.00075
3.35 0.000625 0.000875 0.00075
2.55 0.0005 0.0045 0.0025
2.25 0.000625 0.002125 0.001375
1.8 0.000625 0.002875 0.00175
1.55 0.0005 0.00175 0.001125
1.525 0.000875 0.001 0.001
1.45 0.00075 0.001125 0.000875
3.825 0.000125 -0.01875 -0.00925
3.975 0.001 0.00025 0.000625
4.025 0.000625 0.000375 0.0005
4.15 0.000875 0.00025 0.0005
4.25 0.00075 0.00025 0.0005
4.45 0.001375 0.000375 0.000875
4.725 0.0015 0.000125 0.000875
4.65 0.000625 0.001 0.00075
5.275 0.003125 0 0.001625
5.175 0.000375 0.000875 0.000625
5.575 0.002375 0.000375 0.001375
5.6 0.000625 0.0005 0.0005
5.575 0.000375 0.0005 0.0005
5.45 0.000375 0.001 0.000625
5.275 0.000125 0.001 0.000625
5.225 0.000375 0.000625 0.0005
5.25 0.000375 0.00025 0.00025
5.225 0.000375 0.0005 0.0005
5.175 0.0005 0.00075 0.000625
4.75 0.0005 0.002625 0.0015
4.525 0.0005 0.001625 0.001125
4.45 0.0005 0.000875 0.000625
4.1 0.0005 0.00225 0.001375
3.875 0.000625 0.00175 0.00125
3.75 0.00075 0.001375 0.001
3.075 0.000375 0.00375 0.002125
2.775 0 0.0015 0.00075
2.475 0 0.0015 0.00075
2.375 0.000875 0.001375 0.001125
2.25 0.000625 0.00125 0.000875
2.15 0.0005 0.001 0.00075
2.175 0.000875 0.00075 0.000875
1.975 0.00025 0.00125 0.00075
1.775 0.000125 0.001125 0.000625
1.525 0 0.00125 0.000625
0.85 -0.001 0.002375 0.000625
0.8 0.00025 0.0005 0.000375
0.475 -0.0005 0.001125 0.000375
0.375 0.000125 0.000625 0.000375
2.925 0.00025 0.000625 0.0005
2.925 0.00025 0.00025 0.00025
3.5 0.00275 -0.000125 0.00125
3.4 -0.000125 0.000375 0.000125
3.6 0.001 0 0.0005
3.725 0.0005 -0.000125 0.00025
4.875 0.000875 0.00075 0.000875
4.85 0.000875 0.001 0.000875
3.9 0.001 0.00575 0.003375
4.275 0.002625 0.00075 0.00175
4.35 0.001 0.000625 0.00075
4.325 0.000625 0.00075 0.00075
4.5 0.000625 -0.00025 0.000125
3.925 0.000375 0.00325 0.001875
3.825 0.0015 0.002 0.00175
3.725 0.00175 0.00225 0.002
3.775 0.001375 0.001125 0.00125
4 0.00175 0.000625 0.001125
3.925 0.001 0.001375 0.00125
4.1 0.001875 0.001 0.001375
4.125 0.000625 0.0005 0.000625
4.475 0.002375 0.000625 0.0015
4.45 0.000625 0.00075 0.000625
4.225 -0.000125 0.001 0.0005
4.175 0.0005 0.00075 0.000625
4.2 0.000875 0.00075 0.00075
4.15 0.00025 0.0005 0.000375
4.2 0.00075 0.0005 0.000625
3.775 0.000375 0.0025 0.0015
3.675 0.000375 0.000875 0.000625
2.625 0.00075 0.0015 0.001125
2.775 0.001875 0.001125 0.0015
2.9 0.001125 0.0005 0.00075
2.75 0.000625 0.001375 0.001
2.75 0.000625 0.000625 0.000625
3.175 0.001875 -0.00025 0.000875
2.225 0.000125 0.004875 0.0025
2.125 0.0005 0.001 0.00075
3.625 0.000625 0.000875 0.00075
3.375 0.0005 0.00175 0.001125
3.125 0.000625 0.001875 0.00125
2.8 0.0005 0.002125 0.00125
2.675 0.000875 0.0015 0.00125
2.425 0.000875 0.002125 0.0015
2.15 0.000625 0.002 0.00125
2.05 0.000875 0.001375 0.001125
1.75 0.000625 0.002125 0.001375
1.6 0.00075 0.0015 0.001125
1.475 0.000375 0.001 0.00075
1.425 0.00075 0.000625 0.00075
1.55 0.001 0.000375 0.000625
1.55 0.00125 0.00125 0.00125
1.95 0.002375 0.000375 0.001375
1.55 0.000125 0.002125 0.001125
1.45 0.000125 0.000625 0.000375
1.75 0.000375 -0.001125 -0.000375
1.8 0.000375 0.000125 0.00025
2.125 0.0005 -0.001125 -0.00025
1.15 0.00075 0.005625 0.003125
1.15 0.000875 0.000875 0.000875
1.275 0.00125 0.000625 0.001
1.6 0.00275 0.001125 0.001875
2.725 0.00125 -0.01225 -0.0055
2.625 0.000375 0.000875 0.000625
2.725 0.000875 0.000375 0.000625
2.95 0.001625 0.0005 0.001
3.075 0.001375 0.00075 0.001125
2.975 0.0005 0.001 0.00075
2.925 0.00125 0.0015 0.001375
3.1 0.001375 0.0005 0.000875
3.15 0.000875 0.000625 0.00075
3.3 0.001 0.00025 0.000625
2.925 0.001375 0.00325 0.002375
3 0.001125 0.00075 0.000875
3.75 0.003875 0.000125 0.002
3.65 -0.000125 0.000375 0.000125
3.725 0.000625 0.00025 0.0005
3.65 0.00025 0.000625 0.000375
3.45 0 0.001 0.0005
3.4 0.0005 0.00075 0.000625
3.375 0.0005 0.000625 0.000625
2.675 0.00075 0.00425 0.0025
2.4 0.000625 0.002 0.00125
2.275 0.000625 0.00125 0.001
2.2 0.00075 0.001125 0.000875
1.95 0.000625 0.001875 0.00125
1.825 0.00075 0.001375 0.001125
1.725 0.00075 0.00125 0.001
1.35 0.00075 0.002625 0.001625
0.775 0.00075 0.003625 0.00225
0.525 0.00075 0.002 0.001375
0.3 0.000625 0.00175 0.001125
6.925 0.0005 0.000875 0.00075
7.05 0.001 0.000375 0.000625
7.2 0.0005 -0.00025 0.000125
6.175 0.0015 0.006625 0.004125
6.275 0.001375 0.000875 0.001125
6.6 0.0015 -0.000125 0.000625
6.65 0.001 0.00075 0.000875
6.825 0.000875 0 0.0005
6.35 0.0005 0.002875 0.001625
6 0 0.00175 0.000875
5.85 0.000375 0.001125 0.00075
5.625 0.000125 0.00125 0.00075
5.65 0.0005 0.000375 0.000375
4.3 0.000375 0.007125 0.00375
3.825 0.00025 0.002625 0.0015
3.775 0.0005 0.00075 0.000625
3.725 0.0005 0.00075 0.000625
3.55 0.000375 0.00125 0.00075
3.275 0.000125 0.0015 0.000875
3.025 -0.000125 0.001125 0.0005
2.9 0.000125 0.00075 0.000375
2.725 0 0.000875 0.0005
2.625 0.000375 0.000875 0.000625
2.5 0.000375 0.001 0.000625
2.35 0 0.00075 0.000375
2.225 0 0.000625 0.000375
1.45 -0.000125 0.00375 0.00175
1.7 0.000125 -0.001125 -0.0005
1.05 0 0.00325 0.001625
0.95 0.000125 0.000625 0.000375
0.875 0 0.000375 0.00025
0.6 -0.0005 0.000875 0.000125
0.3 -0.000625 0.000875 0.000125
4.75 0 -0.0225 -0.01125
4.625 0.000375 0.001 0.00075
4.475 0 0.00075 0.000375
4.375 0 0.0005 0.00025
4.4 0.000375 0.00025 0.00025
4.3 0.000125 0.000625 0.000375
4.25 0.00025 0.0005 0.000375
4.125 0.000375 0.001 0.00075
3.9 0.0005 0.001625 0.001
3.85 0.0005 0.00075 0.000625
3.775 0.000375 0.00075 0.000625
3.75 0.000375 0.0005 0.000375
3.7 0.000625 0.000875 0.00075
3.6 0.000375 0.000875 0.000625
3.525 0.000375 0.00075 0.000625
3.175 0.00025 0.002 0.001125
3.1 0.000625 0.001 0.00075
2.875 0.00025 0.001375 0.000875
2.575 0.000125 0.001625 0.000875
2.525 0.0005 0.00075 0.000625
2.3 0.000375 0.0015 0.000875
2.15 0.00075 0.0015 0.001125
2.425 0.000625 0.000125 0.000375
2.3 0.0005 0.001125 0.00075
2.275 0.00025 0.000375 0.000375
2.45 0.00075 -0.000125 0.00025
2.075 0.000625 0.0025 0.001625
2.2 0.00125 0.000625 0.000875
2.075 0.000875 0.0015 0.00125
2 0.000375 0.00075 0.0005
2.325 0.001625 0 0.000875
1.7 0.00075 0.003875 0.00225
2.675 0.00075 -0.004125 -0.001625
6.35 0.0005 0.001125 0.00075
7.025 0.003875 0.0005 0.00225
6.975 0.000125 0.000375 0.00025
7.325 0.001125 -0.000625 0.00025
7.5 0.000875 0 0.000375
7.525 0.000125 0 0.000125
6.05 0.00025 0.00075 0.0005
5.85 -0.000125 0.000875 0.000375
5.675 0.000125 0.001 0.000625
5.675 0.000375 0.000375 0.000375
5.575 0.000125 0.000625 0.000375
5.6 0.00025 0.000125 0.000125
5.575 0.00025 0.000375 0.000375
5.5 0.000375 0.00075 0.0005
5.35 0.00025 0.001 0.000625
5.225 0.000375 0.001 0.00075
5.15 0 0.000375 0.000125
4.95 0 0.001 0.0005
4.775 0.000125 0.001 0.000625
4.7 0.000125 0.0005 0.00025
4.225 0 0.002375 0.00125
4.225 0.00025 0.00025 0.00025
4.125 0.000125 0.000625 0.000375
4.025 0.000125 0.000625 0.000375
3.925 0.000375 0.000875 0.000625
2.975 -0.000125 0.004625 0.00225
2.8 0.000125 0.001 0.0005
2.575 0.000125 0.00125 0.00075
2.425 0.000125 0.000875 0.0005
2.35 0.000375 0.00075 0.0005
2.275 0.00025 0.000625 0.0005
2.325 0.000625 0.000375 0.0005
2.2 0.000125 0.00075 0.000375
2.05 -0.000125 0.000625 0.00025
1.9 0 0.00075 0.000375
1.7 -0.000125 0.000875 0.000375
1.675 0.00025 0.000375 0.000375
1.525 0.000125 0.000875 0.0005
1.175 0.00025 0.002 0.001125
1 0.00025 0.001125 0.000625
0.675 0.000125 0.00175 0.001
0.5 0.000125 0.001 0.0005
0.2 -0.00025 0.00125 0.0005
1.55 0.0005 0.0005 0.0005
1.525 0.000375 0.0005 0.0005
2.275 0.004 0.00025 0.002125
2.45 0.000875 0 0.000375
2.425 0 0.000125 0.000125
2.55 0.00025 -0.000375 -0.000125
3.05 0.002 -0.0005 0.00075
2.95 0.001 0.0015 0.00125
2.225 0.00075 0.023 0.011875
5.325 0.00525 -0.01025 -0.0025
3.15 -0.000125 0.01075 0.00525
5.275 0.000375 -0.01025 -0.004875
5.3 0.00025 0.000125 0.000125
5.4 0.00025 -0.00025 0
2.275 0.0005 0.016125 0.008375
2.125 0.000125 0.000875 0.0005
2.25 0.000625 0 0.00025
2.3 0.001125 0.000875 0.001
2.225 0.0005 0.000875 0.00075
2.225 0.001125 0.001125 0.001125
1.825 0.0015 0.0035 0.0025
1.925 0.001125 0.000625 0.000875
2.475 0.00325 0.0005 0.001875
2.3 -0.00025 0.000625 0.000125
2.75 0.002875 0.000625 0.00175
2.6 0 0.00075 0.000375
2.625 0.000375 0.00025 0.000375
2.55 0.00025 0.000625 0.000375
2.6 0.00075 0.0005 0.000625
2.9 0.002 0.0005 0.00125
2.875 0.001375 0.0015 0.0015
2.725 0.000125 0.000875 0.0005
2.475 -0.000125 0.001125 0.0005
2.35 0 0.000625 0.00025
2.25 0.000625 0.001125 0.000875
1.8 0.00025 0.0025 0.001375
1.8 0.0005 0.0005 0.0005
1.325 0.0005 0.002875 0.00175
1.05 0.00025 0.001625 0.000875
0.85 0.00025 0.00125 0.00075
2.55 0.000125 0.00075 0.000375
2.5 0.0005 0.00075 0.000625
2.925 0.002625 0.0005 0.001625
2.975 0.00025 0 0.000125
2.925 0.000125 0.000375 0.00025
3.05 0.00075 0.000125 0.000375
3.125 0.000375 0 0.00025
3.05 -0.000125 0.00025 0
3.225 0.00075 -0.000125 0.000375
3.275 0.00025 0 0.000125
6.825 0.000125 -0.017625 -0.00875
6.95 0.000375 -0.00025 0
6.975 0.00025 0.000125 0.00025
7.1 0.000375 -0.00025 0
5.9 0.000125 0.006125 0.003125
2.125 -0.000125 0.01875 0.009375
2.1 0 0.000125 0
1.45 -0.000875 0.002375 0.00075
5.15 0.0005 -0.018 -0.00875
5.05 -0.000125 0.000375 0.000125
0.925 0.0005 0.021125 0.010875
0.25 -0.000375 0.003 0.00125
4.25 -0.00025 0.0005 0.000125
7.075 0.001 -0.013125 -0.006
7.15 0.0005 0.000125 0.00025
3.925 -0.000125 0.016 0.008
3.45 0 0.002375 0.001125
3.3 0.000125 0.000875 0.0005
3.225 0 0.000375 0.00025
3.2 0.000125 0.00025 0.000125
3.15 0.00025 0.0005 0.000375
3.15 0.00025 0.00025 0.00025
3.1 0.00025 0.0005 0.000375
2.875 0.00025 0.001375 0.000875
2.775 0.000375 0.000875 0.000625
2.725 0.00025 0.0005 0.000375
2.75 0.000375 0.00025 0.00025
2.75 0.000375 0.000375 0.000375
2.7 0.000375 0.000625 0.0005
2.625 0.00025 0.000625 0.0005
2.45 0 0.000875 0.000375
0.25 0 0.011 0.0055
2.825 0.000625 0 0.000375
2.6 -0.000625 0.0005 -0.000125
2.825 0.0015 0.000375 0.001
2.925 0.000625 0.000125 0.000375
2.85 -0.000125 0.00025 0
2.775 -0.000125 0.00025 0.000125
2.75 0.000125 0.00025 0.000125
2.825 0.000625 0.00025 0.0005
2.925 0.000375 -0.000125 0.000125
3.075 0.00075 0 0.000375
3.375 0.000875 -0.000625 0.000125
3.4 0.0005 0.000375 0.000375
3.425 0.000625 0.0005 0.000625
3.325 0.000875 0.001375 0.001125
3.175 0 0.00075 0.000375
1.575 0.015125 0.023125 0.019125
1.325 -0.000375 0.000875 0.00025
1.225 -0.000125 0.000375 0.000125
1.275 0.00025 0 0.000125
1.275 0 0 0
1.475 0.00025 -0.00075 -0.00025
2.425 0.00025 0.00125 0.00075
2.375 0.00025 0.0005 0.000375
2.325 -0.000125 0.000125 0
2.175 -0.000125 0.000625 0.00025
2.15 0.000125 0.00025 0.000125
2.025 0 0.000625 0.000375
1.95 0.000125 0.0005 0.00025
1.925 0 0.000125 0.000125
1.925 0.000125 0.000125 0.000125
4.325 -0.000125 -0.012125 -0.006125
4.3 0 0.000125 0
6.65 0.000125 0.000625 0.000375
6.425 -0.000125 0.001 0.0005
6.425 0 0 0
6.2 0.00025 0.001375 0.00075
5.85 -0.000125 0.001625 0.00075
5.575 0.000125 0.0015 0.000875
5.25 0 0.001625 0.00075
5.05 0.000125 0.001125 0.000625
4.9 0 0.00075 0.000375
0.325 0.000125 0.023 0.011625
4.825 0.00025 -0.02225 -0.011
4.425 -0.000125 0.00175 0.000875
4.175 -0.000125 0.001125 0.0005
4.075 -0.000125 0.000375 0.000125
3.975 0.000125 0.000625 0.000375
3.9 0 0.000375 0.000125
3.775 0 0.000625 0.000375
3.725 0.000125 0.000375 0.00025
3.725 0.00025 0.00025 0.00025
3.675 0.00025 0.0005 0.000375
3.475 0.000375 0.001375 0.000875
3.325 0.000375 0.001125 0.00075
3.3 0.00025 0.000375 0.00025
3.325 0.00025 0.000125 0.00025
0.45 0.00025 0.014625 0.007375
0.325 0.000625 0.00125 0.001
1.875 0 0.000625 0.000375
1.95 0.00075 0.000375 0.0005
1.975 0.00075 0.000625 0.00075
4.1 0.010375 -0.00025 0.005
0.525 -0.00075 0.017125 0.00825
2.875 -0.00025 -0.012 -0.006125
2.85 0.00025 0.000375 0.00025
0.925 0.00025 0 0.000125
0.625 -0.00025 0.00125 0.0005
0.525 0.000125 0.000625 0.000375
1.625 -0.0005 -0.006 -0.00325
1.625 -0.000125 -0.000125 -0.000125
1.75 0 -0.000625 -0.000375
4.575 0.000875 -0.01325 -0.006125
4.45 0.00025 0.000875 0.0005
4.4 0.000125 0.000375 0.00025
4.25 -0.00025 0.0005 0.000125
4.275 0.00025 0.000125 0.00025
4.2 0 0.000375 0.000125
4.125 0 0.000375 0.00025
4.125 0.000125 0.000125 0.000125
4.025 0 0.0005 0.00025
4.1 0.000375 0 0.000125
4.025 0.00025 0.000625 0.0005
3.875 0.000375 0.001125 0.00075
3.9 0.000125 0 0
3.525 0 0.001875 0.001
3.375 -0.000125 0.000625 0.00025
3.25 -0.000125 0.0005 0.000125
3.225 0.000125 0.00025 0.00025
3.275 0.000375 0.000125 0.00025
3.25 0.00025 0.000375 0.00025
3.325 0.0005 0.000125 0.000375
3.25 0 0.000375 0.000125
3.25 0.00025 0.00025 0.00025
3.175 0 0.000375 0.00025
3.175 0.00025 0.00025 0.00025
3.2 0.000125 0 0
3.075 0 0.000625 0.000375
2.6 -0.000125 0.00225 0.001
2.45 0 0.00075 0.000375
2.375 0 0.000375 0.00025
2.35 0.000125 0.00025 0.000125
2.325 0.000125 0.00025 0.00025
2.25 0.000125 0.0005 0.00025
2.225 0.000125 0.00025 0.00025
2.25 0 -0.000125 -0.000125
0.7 0 0.00775 0.003875
0.55 -0.000125 0.000625 0.00025
0.4 -0.0005 0.00025 -0.000125
0.45 -0.000125 -0.000375 -0.00025
3.5 -0.00025 -0.0155 -0.007875
3.4 -0.000125 0.000375 0.000125
3.25 -0.00025 0.0005 0.000125
3.025 -0.000375 0.00075 0.00025
3.025 0 0 0
2.95 -0.000125 0.00025 0
3.225 0.000375 -0.001 -0.00025
2.775 0 0.00225 0.001125
2.1 0 0.003375 0.001625
2.075 0.000375 0.0005 0.0005
2.05 0.000375 0.0005 0.000375
6.375 0.0005 -0.021125 -0.01025
1.2 0.000375 0.02625 0.01325
4.425 0.00025 0.00125 0.00075
4.55 0.001625 0.001 0.00125
4.375 0 0.000875 0.0005
4.4 0.0005 0.000375 0.000375
4.35 0.0005 0.00075 0.000625
4.425 0.002 0.001625 0.001875
4.675 0.002 0.00075 0.001375
4.525 -0.000125 0.000625 0.00025
4.5 0.00025 0.000375 0.00025
4.4 0.00025 0.00075 0.0005
4.325 0.00025 0.000625 0.0005
4.35 0.000625 0.0005 0.0005
4.225 0.0005 0.001125 0.000875
4.225 0.000625 0.000625 0.000625
4 0.000125 0.00125 0.000625
3.575 -0.000125 0.002 0.001
2.65 -0.0005 0.001 0.00025
2.7 0.00075 0.0005 0.000625
2.425 -0.0005 0.000875 0.00025
2.675 0.001875 0.000625 0.00125
2.6 0.000125 0.0005 0.00025
2.175 0 0.002125 0.001125
2.125 0.00025 0.0005 0.000375
2.025 0.000125 0.000625 0.000375
1.425 0.00025 0.00325 0.00175
1.3 0.00025 0.000875 0.0005
1.25 0.000375 0.000625 0.0005
1.2 0.000375 0.000625 0.0005
2.9 0 0.000875 0.000375
3.075 0.000875 0 0.0005
3.15 0.000375 0 0.000125
3.3 0.0005 -0.00025 0.000125
3.75 0.00125 -0.001 0.000125
2.425 0.0005 0.007125 0.003875
2.625 0.002 0.001 0.0015
2.2 0.0005 0.0025 0.0015
2.25 0.000625 0.000375 0.0005
2.925 0.00375 0.000375 0.002125
3 0.001 0.000625 0.00075
3.05 0.000625 0.000375 0.0005
2.95 0 0.0005 0.00025
2.975 0.0005 0.000375 0.0005
3.2 0.00125 0.000125 0.000625
3.25 0.000375 0.000125 0.00025
3.65 0.001875 -0.000125 0.000875
3.7 0.000625 0.000375 0.0005
3.65 0 0.00025 0.000125
3.725 0.0005 0.000125 0.000375
3.95 0.00125 0.000125 0.000625
3.95 0.000125 0.000125 0.000125
3.15 0.000125 0.004125 0.002125
3.05 0.000125 0.000625 0.000375
2.975 0.00025 0.000625 0.0005
2.75 0.0005 0.001625 0.001
2.65 0.000375 0.000875 0.000625
2.55 0.0005 0.001 0.00075
2.475 0.0005 0.000875 0.00075
2.45 0.000625 0.00075 0.000625
2.1 0.00025 0.002 0.001125
2.15 0.00025 0 0.000125
1.3 0.000375 0.004625 0.0025
0.9 0.000375 0.002375 0.001375
0.825 0.00025 0.000625 0.0005
0.5 -0.000125 0.0015 0.000625
0.4 0.000125 0.000625 0.000375
2.975 0.0005 0.0015 0.001
3.05 0.00075 0.000375 0.0005
3.05 0.00025 0.00025 0.00025
3.05 0.000125 0.000125 0.000125
3.175 0.0005 -0.000125 0.00025
3.2 0.00025 0.000125 0.000125
3.15 0.000375 0.000625 0.0005
3.275 0.0005 -0.000125 0.00025
3.325 0.000375 0.000125 0.00025
0.975 0.000125 0.011875 0.006
0.825 0 0.00075 0.000375
0.65 -0.00025 0.000625 0.000125
0.825 0.000375 -0.0005 0
4.6 0 0.000625 0.00025
4.725 0 -0.000625 -0.00025
4.75 0 -0.000125 -0.000125
4.275 0.00025 0.002625 0.0015
3.125 0.00025 0.006 0.003125
2.925 0.00025 0.00125 0.00075
2.85 0 0.000375 0.000125
2.425 0 0.002125 0.001125
2.225 0.00025 0.00125 0.00075
1.875 0.000125 0.001875 0.001
1.8 0.000125 0.0005 0.00025
1.725 0.000125 0.0005 0.000375
0.825 -0.00025 0.00425 0.002
0.775 0 0.00025 0.000125
0.4 -0.00025 0.001625 0.000625
0.275 -0.0005 0.000125 -0.000125
0.4 -0.001 -0.001625 -0.001375
0.275 -0.001125 -0.0005 -0.00075
0.375 -0.00075 -0.00125 -0.001
4.65 -0.000625 -0.022 -0.011375
4.625 0.000125 0.00025 0.00025
4.725 0.001 0.0005 0.00075
4.625 0.00025 0.00075 0.0005
4.625 0.000125 0.000125 0.000125
4.475 0 0.00075 0.000375
4.25 0.000125 0.00125 0.000625
4.1 0.00025 0.001 0.000625
4.025 0.000375 0.00075 0.000625
4.1 0.0005 0.000125 0.00025
3.9 0.0005 0.0015 0.001
3.75 0.000625 0.001375 0.001
3.775 0.000625 0.0005 0.000625
3.725 0.000375 0.000625 0.0005
3.775 0.0005 0.00025 0.000375
3.1 -0.000375 0.003 0.00125
2.85 -0.000125 0.001125 0.0005
2.8 0.0005 0.00075 0.000625
2.7 0.0005 0.001 0.00075
2.675 0.0005 0.000625 0.000625
6.425 0 0.00125 0.000625
6.575 0.000375 -0.000375 0
2.4 0.000125 0.021 0.0105
2.35 0.000125 0.000375 0.00025
2.45 0.000375 -0.000125 0.000125
2.475 0.000375 0.00025 0.000375
4.075 0.00025 -0.00775 -0.00375
3.95 0.000125 0.00075 0.000375
3.725 -0.00025 0.000875 0.000375
3.45 0 0.001375 0.000625
3.3 0.000125 0.000875 0.0005
3.325 0.000125 0 0.000125
3.25 0 0.000375 0.000125
0.975 0 0.011375 0.00575
3.175 0 -0.011 -0.0055
3.05 -0.0005 0.000125 -0.00025
3.075 -0.0005 -0.000625 -0.0005
2.925 -0.000375 0.000375 0
2.9 -0.000125 0 -0.000125
2.625 -0.000125 0.00125 0.000625
2.675 -0.0005 -0.00075 -0.000625
8.9 -0.0005 -0.031625 -0.016125
8.9 0.000375 0.000375 0.000375
8.775 -0.000125 0.0005 0.00025
8.75 -0.000125 0 -0.000125
8.825 0 -0.000375 -0.000125
1.4 0.000125 0.03725 0.018625
4.125 0.000375 0.000125 0.00025
3.8 -0.000125 0.0015 0.000625
3.725 0.000125 0.0005 0.000375
3.6 -0.00025 0.000375 0
3.525 -0.000125 0.00025 0.000125
3.575 0.000125 -0.000125 0
3.6 -0.00025 -0.000375 -0.000375
3.625 -0.00025 -0.000375 -0.00025
4.4 0 0.00175 0.000875
4.3 0.00025 0.00075 0.0005
4.025 0.000125 0.0015 0.000875
3.925 0.000125 0.000625 0.000375
3.825 0.00025 0.00075 0.0005
3.775 0.00025 0.0005 0.000375
3.85 0.0005 0.000125 0.00025
3.75 0 0.0005 0.00025
3.4 -0.001 0.00075 -0.000125
3.2 0.000125 0.001125 0.000625
2.95 -0.000125 0.001125 0.0005
2.975 0.000375 0.00025 0.000375
2.35 0 0.003125 0.0015
1.95 0.00025 0.00225 0.00125
1.825 0.000125 0.00075 0.0005
1.7 0.000125 0.00075 0.000375
1.7 0.00025 0.00025 0.00025
1.2 0.000125 0.002625 0.001375
1.175 0.000125 0.00025 0.00025
1.025 -0.000125 0.000625 0.00025
0.675 -0.0005 0.00125 0.000375
1.375 0.000125 -0.003375 -0.001625
0.175 -0.000875 0.005125 0.002125
3.425 0.00025 0.000625 0.0005
3.4 0.00025 0.000375 0.00025
3.425 0.000375 0.00025 0.000375
3.3 0 0.000625 0.00025
3.275 0.000375 0.0005 0.0005
3.175 0 0.0005 0.00025
3.175 0.000375 0.000375 0.000375
3.225 0.000375 0.000125 0.00025
3.25 0.0005 0.000375 0.000375
3.2 0 0.00025 0.000125
3.05 -0.000375 0.000375 0
2.8 -0.000625 0.000625 0
2.725 0.000375 0.00075 0.000625
2.5 0 0.001125 0.0005
2.475 0.00025 0.000375 0.000375
2.25 -0.000125 0.001 0.000375
2.125 0 0.000625 0.000375
2.075 0.000125 0.000375 0.00025
1.675 0 0.002 0.001
1.425 0.000375 0.001625 0.001
1.275 0.00025 0.001 0.000625
1.15 0.00025 0.000875 0.0005
1.05 0.00025 0.00075 0.0005
0.95 -0.00025 0.00025 0
4.95 0.0005 -0.000625 -0.000125
4.425 -0.000375 0.00225 0.001
3.85 0.000125 0.003 0.0015
3.825 0.000375 0.0005 0.0005
3.75 0.000125 0.0005 0.00025
3.85 0.0005 0 0.00025
3.775 0.000125 0.0005 0.000375
3.625 0 0.00075 0.000375
3.75 0.000375 -0.00025 0
3.25 0.000375 0.002875 0.001625
3.375 0.00025 -0.000375 0
3.4 0.00025 0.000125 0.000125
1.4 0.00025 0.01025 0.00525
1.4 0.000375 0.000375 0.000375
0.25 0.000125 0.005875 0.003
5.775 0.002125 0.000875 0.0015
5.625 0.0005 0.00125 0.000875
5.725 0.001 0.0005 0.00075
6 0.0015 0.000125 0.00075
5.925 0.000125 0.0005 0.000375
5.875 -0.000125 0.000125 0
6.1 0.000875 -0.00025 0.00025
4.85 0.000125 0.00075 0.000375
4.875 0.000375 0.00025 0.000375
4.825 0.000375 0.000625 0.0005
4.925 0.000375 -0.000125 0.000125
4.9 0.000125 0.00025 0.000125
4.975 0.00025 -0.000125 0.000125
5.05 0 -0.000375 -0.00025
7.15 0.000125 -0.010375 -0.005125
7.15 0.000125 0.000125 0.000125
2.9 0.000125 0.021375 0.01075
2.6 0.00025 0.00175 0.001
2.35 0.00025 0.0015 0.000875
2.2 0.000125 0.000875 0.0005
2.2 0.00025 0.00025 0.00025
2.075 0.000125 0.00075 0.0005
1.925 -0.000125 0.000625 0.00025
1.7 -0.000375 0.00075 0.000125
1.525 -0.000125 0.00075 0.000375
1.475 0.000125 0.000375 0.00025
1.325 0.00025 0.001 0.000625
1.175 0.000125 0.000875 0.0005
1.025 0.000375 0.001125 0.00075
0.85 0.000125 0.001 0.0005
0.75 0.000125 0.000625 0.000375
6.5 0.00025 0.000625 0.000375
6.4 0.00025 0.00075 0.0005
6.375 0.00025 0.000375 0.000375
6.375 0.00025 0.00025 0.00025
6.25 0.00025 0.000875 0.0005
6.25 0.000375 0.000375 0.000375
5.28205 0.000641026 0.00102564 0.000769231
5.20513 0.000512821 0.000897436 0.000769231
5.23077 0.000641026 0.000512821 0.000512821
5.05128 -0.000128205 0.000769231 0.000384615
4.97436 0 0.000384615 0.000128205
4.94872 0.00025641 0.000384615 0.000384615
4.92308 0.00025641 0.000384615 0.00025641
4.97436 0.00025641 0 0.000128205
4.92308 0.000128205 0.000384615 0.00025641
4.94872 0.000128205 0 0.000128205
5.05128 0.00025641 -0.00025641 0
4.30769 0.000128205 0.00384615 0.00192308
4.30769 0.000384615 0.000384615 0.000384615
4.28205 0.00025641 0.000384615 0.000384615
4.30769 0.00025641 0.000128205 0.000128205
2.41026 0.000512821 0.00128205 0.000897436
2.30769 0.000128205 0.000641026 0.000384615
1.84615 0.00025641 0.0025641 0.00141026
1.64103 0.000384615 0.00141026 0.000897436
1.38462 0.00025641 0.00153846 0.000897436
1.38462 0.000512821 0.000512821 0.000512821
0.846154 -0.000512821 0.00217949 0.000897436
0.0512821 -0.00128205 0.00269231 0.000641026
3.15385 0 -0.0138462 -0.00692308
3 0.00025641 0.00102564 0.000641026
3.02564 0.00025641 0.000128205 0.000128205
2.97436 0.000128205 0.000384615 0.00025641
3.74359 0.00410256 0.00025641 0.00217949
4.12821 0.00179487 -0.000128205 0.000897436
3.89744 0.000128205 0.00128205 0.000641026
3.74359 0.000384615 0.00115385 0.000769231
3.46154 -0.000384615 0.00102564 0.000384615
3.41026 0.000641026 0.000897436 0.000769231
3.38462 0.000384615 0.000512821 0.000384615
3.33333 0.000128205 0.000384615 0.00025641
1.76923 0.000384615 0.014359 0.0074359
2.58974 0.00410256 0 0.00205128
2.48718 -0.000384615 0.000128205 -0.000128205
2.61538 0.000384615 -0.00025641 0
5.82051 0.00192308 -0.0141026 -0.00602564
6.12821 0.00115385 -0.000384615 0.000384615
2.71795 0.000512821 0.00115385 0.000769231
2.69231 0.000641026 0.000769231 0.000769231
2.76923 0.000384615 0 0.000128205
9.10256 0.000512821 -0.0311538 -0.0152564
1.64103 0.000384615 0.0376923 0.0189744
1.48718 0.000128205 0.000897436 0.000512821
1.33333 0 0.000769231 0.000384615
0.948718 -0.000128205 0.00179487 0.000897436
0.974359 0.000641026 0.000512821 0.000512821
0.820513 0 0.000769231 0.000384615
0.641026 0.000128205 0.00102564 0.000641026
0.282051 -0.00115385 0.000641026 -0.00025641
7.05128 0.000384615 -0.0165385 -0.00807692
6.97436 -0.00025641 0.000128205 -0.000128205
2.28205 0.000641026 0.0241026 0.0124359
2.20513 0.000769231 0.00115385 0.000897436
2.12821 0.000641026 0.00102564 0.000897436
2.38462 0.00128205 0 0.000641026
1.53846 0.000897436 0.00512821 0.00294872
1.35897 0.000641026 0.00153846 0.00115385
1.41026 0.000769231 0.000512821 0.000641026
1.41026 0.000384615 0.000384615 0.000384615
0.974359 0.000897436 0.00307692 0.00192308
0.923077 0.000641026 0.000897436 0.000769231
1.33333 0.0024359 0.000384615 0.00141026
1.48718 0.000641026 -0.000128205 0.00025641
1.69231 0.000512821 0.00102564 0.000769231
1.84615 0.00153846 0.000769231 0.00115385
1.89744 0.00128205 0.00102564 0.00115385
2 0.000769231 0.00025641 0.000512821
1.84615 0.00025641 0.00102564 0.000641026
2.61538 0.00448718 0.000641026 0.0025641
2.61538 0.000512821 0.000512821 0.000512821
2.46154 0.00025641 0.00102564 0.000641026
2.4359 0.00025641 0.000384615 0.000384615
2.15385 -0.00025641 0.00115385 0.000384615
2.02564 0 0.000641026 0.000384615
1.97436 0.00025641 0.000512821 0.000384615
2 0.000512821 0.000384615 0.000384615
2.15385 0.00025641 -0.000512821 -0.000128205
2.30769 0.00025641 -0.000512821 -0.000128205
0.846154 0.000384615 0.00769231 0.00410256
0.794872 0.000384615 0.000641026 0.000512821
0.512821 -0.000897436 0.000512821 -0.00025641
0.333333 -0.00128205 -0.000384615 -0.000769231
0.358974 -0.000769231 -0.00128205 -0.00102564
1.79487 -0.000769231 -0.00794872 -0.00435897
2.05128 0.00102564 -0.00025641 0.000384615
2.12821 0.000512821 0.000128205 0.000384615
2.28205 0.000384615 -0.000384615 0
3 0.00371795 0.000128205 0.00192308
2.35897 -0.000512821 0.00269231 0.00102564
1.69231 0.000128205 0.00371795 0.00192308
1.61538 0.000384615 0.000769231 0.000641026
1.51282 0.00025641 0.000769231 0.000512821
1.46154 0.000512821 0.000769231 0.000641026
1.38462 0.000641026 0.00102564 0.000769231
1.38462 0.00025641 0.00025641 0.00025641
1.35897 -0.00025641 -0.000128205 -0.000128205
3.17949 -0.000512821 0.00141026 0.000384615
3.12821 0.00025641 0.000512821 0.000384615
2.97436 0.00025641 0.00102564 0.000641026
2.89744 0.000384615 0.000769231 0.000641026
3.05128 0.00128205 0.000512821 0.000897436
3.02564 0.00102564 0.00115385 0.00102564
1.69231 0.00128205 0.00025641 0.000769231
1.89744 0.00128205 0.00025641 0.000769231
2.53846 0.0024359 -0.000769231 0.000897436
2.38462 -0.000128205 0.000641026 0.00025641
2.53846 0.000512821 -0.00025641 0.000128205
2.58974 0.000384615 0.000128205 0.00025641
2.5641 0.000512821 0.000641026 0.000512821
4.61538 0.00128205 -0.0165385 -0.00769231
4.20513 -0.000769231 0.00128205 0.00025641
3.97436 -0.000512821 0.000641026 0.000128205
3.87179 0.000128205 0.000641026 0.000384615
3.64103 0.00025641 0.00141026 0.000769231
3.53846 0.000128205 0.000641026 0.000384615
3.33333 -0.000128205 0.000897436 0.000384615
3.17949 0.000128205 0.000897436 0.000512821
3.05128 0.000128205 0.000769231 0.000512821
2.94872 0.00025641 0.000769231 0.000512821
2.92308 0.000384615 0.000512821 0.000384615
2.64103 0.00025641 0.00166667 0.00102564
2.58974 0.000641026 0.000897436 0.000769231
2.46154 0.000641026 0.00128205 0.000897436
2.17949 0.000128205 0.00153846 0.000897436
2.12821 0.000641026 0.000897436 0.000769231
3 0.000512821 0.000512821 0.000512821
3.64103 0.0025641 -0.000641026 0.000897436
2.74359 0.000384615 0.00487179 0.00269231
2.69231 0.00025641 0.000512821 0.000384615
2.61538 0.000384615 0.000769231 0.000512821
2.89744 0.00179487 0.000384615 0.00115385
0.487179 -0.000128205 0.000512821 0.00025641
0.641026 0.000384615 -0.000384615 0
0.666667 -0.000128205 -0.00025641 -0.00025641
0.717949 0.000128205 -0.000128205 0
0.615385 -0.00025641 0.00025641 0
0.692308 -0.000128205 -0.000512821 -0.00025641
3.87179 -0.00025641 -0.0161538 -0.00820513
3.64103 -0.00128205 -0.000128205 -0.000769231
2.61538 -0.000128205 0.000897436 0.000384615
2.51282 0.00025641 0.000769231 0.000512821
2.30769 0 0.00102564 0.000512821
2.35897 0.00025641 0 0.000128205
1.58974 0.000128205 0.00397436 0.00205128
1.5641 0.00025641 0.000384615 0.000384615
1.5641 0.000384615 0.000384615 0.000384615
1.53846 0.000384615 0.000512821 0.000384615
1.48718 0.000384615 0.000641026 0.000512821
1 0.000128205 0.0025641 0.00141026
0.871795 -0.000128205 0.000512821 0.000128205
0.769231 -0.000384615 0.000128205 -0.000128205
0.564103 -0.000641026 0.000384615 -0.000128205
0.717949 -0.000128205 -0.000897436 -0.000512821
0.666667 -0.000769231 -0.000512821 -0.000641026
3.05128 0.000128205 0.00115385 0.000641026
2.74359 0.000128205 0.00166667 0.000897436
2.64103 0.000128205 0.000641026 0.000384615
2.38462 0 0.00128205 0.000641026
2.33333 0.000384615 0.000641026 0.000512821
2 -0.000128205 0.00153846 0.000641026
1.87179 0 0.000641026 0.000384615
1.79487 0.000128205 0.000512821 0.00025641
1.69231 0.00025641 0.000769231 0.000512821
1.64103 0.00025641 0.000512821 0.000384615
1.38462 0.000128205 0.00141026 0.000769231
1.10256 0 0.00141026 0.000769231
0.923077 0 0.000897436 0.000384615
0.74359 0.000128205 0.00102564 0.000641026
0.769231 0.00025641 0.000128205 0.000128205
0.282051 -0.00025641 0.00217949 0.00102564
3.82051 0.00025641 0.000897436 0.000641026
3.84615 0.000641026 0.000512821 0.000512821
3.79487 0.00025641 0.000512821 0.000384615
3.87179 0.000384615 0 0.00025641
1 -0.000641026 0.0137179 0.00653846
0.820513 -0.000512821 0.000384615 -0.000128205
3.10256 -0.000512821 -0.0119231 -0.00615385
2.87179 -0.000769231 0.000384615 -0.00025641
2.97436 0.00025641 -0.00025641 0
3.07692 0 -0.000512821 -0.00025641
5.66667 0 -0.0129487 -0.00641026
5.82051 0.000512821 -0.00025641 0.000128205
2.07692 0 0.0187179 0.00935897
8.38462 0.000384615 -0.0311538 -0.0153846
8.28205 -0.000128205 0.000384615 0.000128205
8.25641 0.000128205 0.00025641 0.000128205
1.4359 0.00025641 0.034359 0.0173077
1.38462 0.000128205 0.000384615 0.00025641
7.71795 0.000128205 -0.0315385 -0.015641
7.51282 -0.000769231 0.00025641 -0.00025641
7.38462 -0.000384615 0.00025641 -0.000128205
7.30769 -0.00025641 0.000128205 0
7.23077 -0.000128205 0.00025641 0
7.4359 0.000384615 -0.000641026 -0.000128205
7.23077 0 0.00102564 0.000512821
5.64103 0.000384615 0.000128205 0.00025641
1.48718 -0.000128205 0.020641 0.0102564
5.69231 0 -0.0210256 -0.0105128
1.05128 -0.000769231 0.0224359 0.0108974
4 -0.000128205 -0.0148718 -0.0075641
5.46154 0.000384615 -0.00692308 -0.00320513
3.05128 0 0.00141026 0.000769231
2.87179 0.000128205 0.00102564 0.000512821
2.71795 0 0.000769231 0.000384615
2.48718 0.000128205 0.00128205 0.000769231
2.17949 -0.00025641 0.00128205 0.000512821
2.05128 0 0.000641026 0.00025641
1.92308 0.00025641 0.000897436 0.000641026
1.76923 0.000128205 0.000897436 0.000512821
1.71795 0.000128205 0.000384615 0.00025641
1.61538 0 0.000512821 0.00025641
1.53846 0.000128205 0.000512821 0.00025641
1.38462 0.000384615 0.00115385 0.000769231
1.23077 0.00025641 0.00102564 0.000641026
1.17949 0.000128205 0.000384615 0.00025641
0.923077 0 0.00128205 0.000641026
0.564103 -0.00102564 0.000769231 -0.000128205
0.333333 -0.00128205 -0.000128205 -0.000641026
4.41026 -0.000384615 -0.0208974 -0.010641
4.30769 0 0.000512821 0.00025641
4.41026 0.00102564 0.000512821 0.000769231
3.79487 0.000128205 0.00320513 0.00166667
3.71795 0.00025641 0.000641026 0.000512821
3.69231 0.000384615 0.000512821 0.000384615
3.23077 0.000128205 0.0024359 0.00128205
3.12821 0 0.000512821 0.00025641
2.82051 0.000384615 0.00192308 0.00115385
2.87179 0.000641026 0.000384615 0.000512821
2.17949 0.000384615 0.00384615 0.00217949
1.89744 0.000512821 0.00192308 0.00115385
1.87179 0.000897436 0.00102564 0.00102564
1.79487 0.000384615 0.000769231 0.000512821
1.66667 0.000512821 0.00115385 0.000897436
1.46154 0.000384615 0.00141026 0.000897436
1.30769 0.00025641 0.00102564 0.000641026
1.10256 -0.000128205 0.000897436 0.000384615
3.35897 0.00025641 0 0.000128205
3.46154 0.00025641 -0.00025641 0
2.79487 0.000512821 0.00384615 0.00217949
2.89744 0.000769231 0.00025641 0.000512821
2.76923 0.00025641 0.000897436 0.000512821
2.33333 0.000128205 0.00230769 0.00128205
2.30769 0.000128205 0.00025641 0.000128205
2.05128 0.00025641 0.00153846 0.000897436
1.92308 0.00025641 0.000897436 0.000641026
1.30769 0 0.00307692 0.00153846
1.12821 0.000128205 0.00102564 0.000512821
0.974359 -0.000128205 0.000641026 0.00025641
0.846154 0 0.000641026 0.000384615
0.897436 0 -0.00025641 -0.000128205
0.846154 -0.000384615 -0.000128205 -0.00025641
5.76923 0.00102564 0.000641026 0.000897436
5.82051 0.000641026 0.000384615 0.000512821
5.82051 0.000128205 0.000128205 0.000128205
6.64103 0.00410256 0 0.00205128
6.28205 0 0.00179487 0.000897436
6.02564 -0.000128205 0.00115385 0.000512821
7.05128 0.00128205 0.000128205 0.000769231
6.87179 -0.000384615 0.000512821 0
6.82051 0.000128205 0.000384615 0.00025641
6.74359 -0.00025641 0.000128205 0
6.71795 0.00025641 0.000384615 0.00025641
6.82051 0.000512821 0 0.00025641
2.15789 0.000131579 0.000263158 0.000131579
2.07895 0.000263158 0.000657895 0.000526316
1.92105 0.000131579 0.000921053 0.000526316
3.71053 0.000394737 -0.00855263 -0.00407895
1.92105 0.000131579 0.00907895 0.00460526
3.5 0.000394737 -0.0075 -0.00355263
3.39474 0.000263158 0.000789474 0.000526316
3.23684 0.000131579 0.000921053 0.000526316
3.15789 0.000394737 0.000789474 0.000526316
2.55263 0.000131579 0.00315789 0.00171053
2.5 0.000263158 0.000526316 0.000394737
2.5 0.000394737 0.000394737 0.000394737
1.13158 0.000263158 0.00710526 0.00368421
0.289474 0.000263158 0.00447368 0.00236842
2.44737 0.000394737 0.00105263 0.000789474
2.36842 0.000131579 0.000526316 0.000263158
2.26316 0.000131579 0.000657895 0.000394737
2.28947 0.000394737 0.000263158 0.000394737
2.05263 0.000263158 0.00144737 0.000789474
1.78947 0.000263158 0.00157895 0.000921053
1.73684 0.000526316 0.000789474 0.000657895
1.52632 0.000131579 0.00118421 0.000657895
1.42105 0.000526316 0.00105263 0.000789474
1.02632 0.000131579 0.00210526 0.00118421
0.894737 0.000526316 0.00118421 0.000789474
0.789474 0.000263158 0.000789474 0.000526316
0.552632 0.000131579 0.00131579 0.000789474
0.526316 0.000526316 0.000657895 0.000526316
2.57895 0 0.000789474 0.000394737
2.31579 0.000131579 0.00144737 0.000789474
2.31579 0.000131579 0.000131579 0.000131579
2.13158 0 0.000921053 0.000526316
2.05263 0.000131579 0.000526316 0.000263158
2.05263 0 0 0
2.05263 -0.000394737 -0.000394737 -0.000394737
1.42105 -0.000263158 0.00289474 0.00131579
1.28947 0.000263158 0.000921053 0.000657895
1.07895 0.000131579 0.00118421 0.000657895
1.15789 -0.000131579 -0.000526316 -0.000394737
1.13158 -0.000131579 0 0
2.73684 0.000263158 0.00302632 0.00157895
2.65789 0.000394737 0.000789474 0.000657895
2.57895 0.000526316 0.000921053 0.000657895
2.44737 0.000394737 0.00105263 0.000789474
2.5 0.000789474 0.000526316 0.000657895
2 0.000131579 0.00263158 0.00131579
1.47368 -0.00105263 0.00157895 0.000263158
1.18421 0.000526316 0.00197368 0.00131579
1.02632 0.000263158 0.00105263 0.000657895
0.973684 0.000263158 0.000526316 0.000394737
2.92105 0.000131579 0.000657895 0.000394737
2.92105 0.000394737 0.000394737 0.000394737
3.02632 0.000526316 0 0.000263158
3.05263 0.000526316 0.000394737 0.000394737
3.05263 0.000394737 0.000394737 0.000394737
0.578947 0 0.0123684 0.00618421
0.368421 -0.000131579 0.000921053 0.000394737
0.263158 -0.000131579 0.000394737 0.000131579
2.28947 0.000394737 0.000394737 0.000394737
2.07895 0 0.00105263 0.000526316
1.73684 0.000131579 0.00184211 0.000921053
1.71053 0.000526316 0.000657895 0.000657895
1.55263 0.000394737 0.00118421 0.000789474
1.47368 0.000526316 0.000921053 0.000657895
1.31579 0.000131579 0.000921053 0.000526316
0.815789 0 0.0025 0.00131579
0.0789474 -0.000657895 0.00302632 0.00118421
5.68421 0 0.000789474 0.000394737
4.07895 0.000131579 0.00815789 0.00421053
4 0.000131579 0.000526316 0.000263158
4.05263 0.000394737 0.000131579 0.000263158
4.07895 0.000394737 0.000263158 0.000394737
4 0.000394737 0.000789474 0.000526316
2.68421 0.000526316 0.00710526 0.00381579
2.23684 0.000131579 0.00236842 0.00131579
2.21053 0 0.000131579 0
1.21053 0.000131579 -0.000131579 0
2.81579 0.000394737 -0.00763158 -0.00355263
2.84211 0.000789474 0.000657895 0.000657895
3 0.000789474 0 0.000394737
2.76316 0.000131579 0.00131579 0.000789474
2.78947 0.000131579 0 0
0.473684 0.000131579 0.0117105 0.00592105
0.421053 0 0.000263158 0.000131579
0.605263 0.000657895 -0.000263158 0.000263158
0.605263 0.000263158 0.000263158 0.000263158
0.605263 0 0 0
6.76316 0 0.000789474 0.000394737
7.13158 0.00263158 0.000789474 0.00171053
7.07895 0 0.000263158 0.000131579
6.94737 -0.000263158 0.000394737 0
6.86842 0 0.000394737 0.000263158
7.07895 0.000263158 -0.000789474 -0.000263158
2.63158 0.000263158 0.0375 0.0188158
2.76316 0.000657895 0 0.000394737
2.05263 0.000394737 0.00394737 0.00210526
2.02632 0.000657895 0.000789474 0.000789474
1.86842 0.000526316 0.00131579 0.000921053
1.73684 0.000394737 0.00105263 0.000657895
1.65789 0.000394737 0.000789474 0.000657895
1.44737 -0.000263158 0.000789474 0.000263158
1.13158 -0.000263158 0.00131579 0.000526316
1.5641 0.00025641 -0.000128205 0.000128205
1.30769 0.000128205 0.00141026 0.000769231
1.28205 0.000128205 0.00025641 0.000128205
0.641026 -0.00025641 0.00294872 0.00141026
0.410256 0 0.00115385 0.000512821
0.230769 -0.000512821 0.000384615 0
2.71795 0.000128205 -0.000128205 0
2.35897 -0.000512821 0.00128205 0.000384615
2.15385 0 0.00102564 0.000512821
2.10256 0.00025641 0.000512821 0.000384615
2.02564 0.000128205 0.000512821 0.000384615
2.05128 0.00025641 0.000128205 0.000128205
1.89744 0.000128205 0.000897436 0.000512821
1.79487 0.000128205 0.000641026 0.000384615
1.82051 0.000512821 0.000384615 0.000512821
1.79487 0.00025641 0.000384615 0.00025641
1.84615 0.000384615 0.000128205 0.00025641
0.846154 0.00025641 0.00525641 0.00282051
0.692308 0.000128205 0.000897436 0.000512821
0.435897 -0.000128205 0.00115385 0.000512821
1.30769 0.000384615 0 0.00025641
0.487179 -0.00102564 0.00307692 0.00102564
0.538462 0.00025641 0 0.000128205
1.12821 0.0024359 -0.000512821 0.000897436
0.871795 -0.000384615 0.000897436 0.00025641
5.46154 0.000128205 -0.0228205 -0.0112821
5.41026 -0.00025641 0 -0.000128205
5.46154 -0.000128205 -0.000384615 -0.00025641
5.53846 -0.000512821 -0.000897436 -0.000769231
3.61538 0.00025641 0.00115385 0.000769231
3.58974 0.00025641 0.000384615 0.00025641
2.66667 0.000128205 0.00474359 0.0024359
2.51282 0.00025641 0.00102564 0.000641026
2.30769 0.00025641 0.00128205 0.000769231
2.15385 0.000128205 0.000897436 0.000512821
2.05128 0.00025641 0.000769231 0.000512821
1.71795 0.000128205 0.00179487 0.00102564
1.64103 0.000384615 0.000769231 0.000512821
1.4359 0.00025641 0.00128205 0.000769231
1.12821 0.000128205 0.00166667 0.000897436
1.10256 0.000384615 0.000512821 0.000512821
1.07692 0.000128205 0.00025641 0.000128205
0.435897 -0.000128205 0.00307692 0.00153846
0.102564 0 0.00166667 0.000769231
2.23077 0.000128205 0.000769231 0.000512821
2.20513 0.000384615 0.000512821 0.000384615
2.17949 0.000641026 0.000769231 0.000769231
1.89744 0.000512821 0.00192308 0.00115385
1.82051 0.000641026 0.00102564 0.000897436
1.25641 0.00025641 0.00307692 0.00166667
1.12821 0.000512821 0.00115385 0.000769231
1.12821 0.000512821 0.000512821 0.000512821
0.589744 0.00025641 0.00294872 0.00166667
0.230769 -0.00025641 0.00153846 0.000641026
2 0.00025641 0.000384615 0.00025641
1.79487 -0.000128205 0.000897436 0.000384615
1.89744 0.00102564 0.000512821 0.000769231
2 0.00230769 0.00179487 0.00205128
1.89744 -0.000512821 0 -0.00025641
1.89744 0.000128205 0.000128205 0.000128205
1.94872 0.000128205 -0.000128205 0
7.15385 0.000128205 0.000128205 0.000128205
5.74359 0 0.00705128 0.00346154
5.71795 0.00025641 0.000384615 0.000384615
5.61538 0.00025641 0.000769231 0.000512821
5.53846 -0.000128205 0.00025641 0
5.48718 0.00025641 0.000512821 0.000384615
5.05128 -0.000128205 0.00205128 0.00102564
4.94872 0.00025641 0.000769231 0.000512821
4.76923 -0.00025641 0.000641026 0.000128205
2.64103 0.000128205 0.0107692 0.00551282
2.5641 0.00025641 0.000641026 0.000384615
2.48718 0.000128205 0.000512821 0.000384615
2.64103 0.00025641 -0.000512821 -0.000128205
2.10256 0.000128205 0.00282051 0.00141026
1.82051 0.00025641 0.00166667 0.00102564
1.58974 0.00025641 0.00141026 0.000769231
1.5641 0 0.000128205 0.000128205
1.76923 0.000384615 -0.000641026 -0.000128205
1.51282 0 0.00128205 0.000641026
1.38462 -0.00025641 0.000384615 0
1.20513 -0.000897436 0 -0.000384615
1.15385 0.000128205 0.000384615 0.00025641
3.28205 -0.00025641 0.0366667 0.0182051
10.6923 0.000128205 -0.0369231 -0.0183333
10.5641 -0.000128205 0.000512821 0.000128205
10.5897 0.000128205 0 0.000128205
2 0 0.0429487 0.0214103
1.92308 0 0.000384615 0.00025641
2.07692 0.000384615 -0.000384615 0
1.64103 0.000128205 0.00230769 0.00115385
1.51282 0.000512821 0.00115385 0.000897436
1.5641 0.00025641 0 0.000128205
0.74359 0 0.00410256 0.00205128
0.717949 0.000128205 0.00025641 0.000128205
0.538462 0 0.000897436 0.000512821
0.384615 0.000128205 0.000897436 0.000512821
0.128205 -0.000512821 0.000769231 0.000128205
1.35897 0.00025641 0.00102564 0.000641026
1.23077 0.000128205 0.000769231 0.000384615
1.17949 0.00025641 0.000512821 0.000384615
1.20513 0.000512821 0.000384615 0.000512821
1.05128 0.000384615 0.00115385 0.000769231
0.923077 0.000512821 0.00115385 0.000769231
0.74359 0.000384615 0.00128205 0.000897436
0.282051 -0.000384615 0.00192308 0.000769231
3.31579 0.000131579 0.000394737 0.000263158
3.28947 0.000263158 0.000394737 0.000394737
3.18421 0.000394737 0.000921053 0.000657895
3.15789 0.000394737 0.000526316 0.000394737
3.02632 0.000394737 0.00105263 0.000789474
3.02632 0.000263158 0.000263158 0.000263158
3 0.000131579 0.000263158 0.000131579
2.92105 0.000131579 0.000526316 0.000394737
2.97368 0.000526316 0.000263158 0.000394737
2.89474 0.000394737 0.000789474 0.000526316
2.84211 0.000657895 0.000921053 0.000789474
2.47368 0.000526316 0.00236842 0.00144737
2.39474 0.000263158 0.000657895 0.000526316
1.94737 -0.000131579 0.00210526 0.000921053
1.76316 0 0.000921053 0.000526316
0.789474 0.000526316 0.00539474 0.00289474
0.552632 0.000657895 0.00184211 0.00131579
0.210526 0 0.00171053 0.000789474
3.26316 0.00342105 0.00171053 0.0025
3.05263 0.000263158 0.00131579 0.000789474
3.10526 0.00131579 0.00105263 0.00118421
2.63158 0.000263158 0.00263158 0.00144737
2.68421 0.000657895 0.000394737 0.000526316
2.86842 0.00118421 0.000263158 0.000789474
2.94737 0.000789474 0.000394737 0.000526316
4.10526 0.00565789 -0.000131579 0.00276316
3.5 -0.000394737 0.00263158 0.00118421
2.52632 -0.000131579 0.00473684 0.00223684
2.44737 0.000526316 0.000921053 0.000789474
2.55263 0.00118421 0.000657895 0.000921053
2.73684 0.00118421 0.000263158 0.000657895
2.52632 -0.000131579 0.000921053 0.000394737
2.39474 0.000131579 0.000789474 0.000526316
2.39474 0.000394737 0.000394737 0.000394737
2.23684 0.000263158 0.00105263 0.000657895
2.31579 0.000921053 0.000526316 0.000657895
2.28947 0.000657895 0.000789474 0.000789474
2.23684 0.000526316 0.000789474 0.000657895
2.15789 0.000526316 0.000921053 0.000657895
1.55263 0.000394737 0.00342105 0.00197368
1.57895 0.000789474 0.000657895 0.000657895
1.39474 0.000263158 0.00118421 0.000789474
1.31579 0.000263158 0.000657895 0.000394737
0.973684 0.000657895 0.00236842 0.00157895
0.552632 0.000526316 0.00263158 0.00157895
0.315789 0.000263158 0.00144737 0.000789474
2.78947 0.000394737 0.00197368 0.00118421
2.65789 0.000394737 0.00105263 0.000789474
2.63158 0.000526316 0.000657895 0.000526316
2.36842 0.000263158 0.00157895 0.000921053
2.21053 0.000657895 0.00144737 0.00105263
2.10526 0.000263158 0.000789474 0.000526316
1.92105 0.000131579 0.00105263 0.000657895
1.84211 0.000394737 0.000789474 0.000526316
1.73684 0.000394737 0.000921053 0.000657895
1.65789 0.000657895 0.00105263 0.000921053
1.52632 0.000657895 0.00131579 0.000921053
0.605263 0.000657895 0.00526316 0.00302632
0.394737 0.000526316 0.00157895 0.00105263
2.73684 0.000657895 0.00131579 0.000921053
2.68421 0.000394737 0.000657895 0.000526316
2.10526 0.000394737 0.00328947 0.00184211
2.07895 0.000526316 0.000657895 0.000657895
1.42105 0.000394737 0.00368421 0.00197368
1.23684 0.000526316 0.00144737 0.00105263
1.26316 0.000526316 0.000394737 0.000394737
1.02632 -0.000394737 0.000789474 0.000263158
0.710526 0.000263158 0.00184211 0.00105263
0.473684 0.000131579 0.00131579 0.000657895
5.37838 0.000405405 0.000540541 0.000540541
5.37838 0.000135135 0.000135135 0.000135135
3.91892 0.000135135 0.00743243 0.00378378
5.7027 0.000675676 -0.00824324 -0.00378378
2.78378 0.000405405 0.015 0.0077027
2.64865 0.000405405 0.00108108 0.000675676
2.64865 0.000540541 0.000540541 0.000540541
2.10811 0.000675676 0.00337838 0.00202703
2 0.000810811 0.00135135 0.00108108
1.89189 0.000405405 0.000945946 0.000675676
1.72973 0.000135135 0.000945946 0.000540541
1.13514 0.000135135 0.00310811 0.00162162
3.91892 0.000810811 0 0.000405405
4.16216 0.00324324 0.00202703 0.00256757
4.18919 0.000675676 0.000540541 0.000675676
4.27027 -0.000135135 -0.000540541 -0.000405405
4.48649 0.000810811 -0.00027027 0.00027027
5.40541 0.00391892 -0.000675676 0.00162162
4.02703 0.00027027 0.000405405 0.000405405
4.02703 0.00027027 0.00027027 0.00027027
3.97297 0.000135135 0.000405405 0.00027027
4.02703 0.00027027 0 0.000135135
4.08108 0.00027027 0 0.000135135
3.2973 0.00027027 0.00418919 0.00216216
3 0.00027027 0.00175676 0.00108108
2.97297 0.000405405 0.000540541 0.000405405
2.89189 0.000540541 0.000945946 0.000810811
2.78378 0.000540541 0.00108108 0.000810811
2.7027 0.000540541 0.000945946 0.000675676
2.08108 0.000405405 0.00351351 0.00202703
1.67568 0 0.00202703 0.000945946
1.67568 0.000675676 0.000675676 0.000675676
1.35135 0.000405405 0.00202703 0.00121622
1.32432 0.000405405 0.000540541 0.000540541
1 -0.00121622 0.000405405 -0.000405405
0.783784 -0.000675676 0.000405405 -0.000135135
0.756757 0.000540541 0.000675676 0.000540541
0.405405 -0.00027027 0.00148649 0.000675676
0.324324 -0.00027027 0.000135135 -0.000135135
0.351351 -0.000405405 -0.000540541 -0.000405405
0.243243 0.00391892 0.017973 0.0109459
3.64865 0.000810811 -0.0162162 -0.0077027
3.62162 0.00162162 0.00175676 0.00162162
3.45946 0.000135135 0.000945946 0.000540541
3.2973 0 0.000810811 0.000405405
3.35135 0.000540541 0.00027027 0.000405405
3.24324 0.000135135 0.000675676 0.000405405
3.18919 0.000135135 0.000405405 0.00027027
3.18919 0.000405405 0.000405405 0.000405405
3 0.000405405 0.00135135 0.000945946
2.97297 0.000675676 0.000810811 0.000675676
2.78378 0.00027027 0.00121622 0.000810811
2.43243 0.000540541 0.0022973 0.00135135
1.67568 0.000675676 0.00445946 0.00256757
1.40541 0.000405405 0.00175676 0.00108108
1.35135 0.000540541 0.000810811 0.000675676
1.18919 0.00027027 0.00108108 0.000675676
0.972973 -0.00027027 0.000810811 0.00027027
3.67568 0.00027027 0.000135135 0.000135135
3.72973 0.000810811 0.000540541 0.000675676
3.62162 0.000135135 0.000675676 0.000405405
3.78378 0.00027027 -0.000540541 -0.000135135
3 0.00027027 0.00418919 0.0022973
2.81081 0.000405405 0.00135135 0.000810811
2.59459 0.000405405 0.00148649 0.000945946
2.27027 0.00027027 0.00189189 0.00108108
2.18919 0.000405405 0.000810811 0.000675676
2.08108 0.000405405 0.000945946 0.000675676
1.97297 0.000540541 0.00108108 0.000810811
1.83784 0.00027027 0.000945946 0.000540541
1.72973 0.00027027 0.000810811 0.000540541
1.72973 0.000540541 0.000540541 0.000540541
1.64865 0.00027027 0.000675676 0.000540541
0.621622 0.000405405 0.00554054 0.00297297
0.189189 -0.000135135 0.00202703 0.000945946
2.5 0.000526316 0.000921053 0.000789474
2.5 0.000263158 0.000263158 0.000263158
2.47368 0.000263158 0.000394737 0.000263158
1.73684 0.000131579 0.00381579 0.00197368
1.84211 0.000394737 -0.000131579 0.000131579
1.78947 0.000657895 0.000921053 0.000789474
1.39474 0.000394737 0.00236842 0.00144737
1.10526 0.000263158 0.00171053 0.000921053
0.921053 0.000526316 0.00144737 0.00105263
0.789474 0.000526316 0.00118421 0.000789474
0.5 0.000131579 0.00157895 0.000921053
1.55263 0.000394737 0.00105263 0.000789474
1.60526 0.000526316 0.000263158 0.000394737
1.81579 0.00144737 0.000394737 0.000921053
1.92105 0.00118421 0.000657895 0.000921053
2.02632 0.000921053 0.000394737 0.000657895
1.97368 0.000526316 0.000789474 0.000657895
1.89474 0.00105263 0.00144737 0.00118421
1.76316 0.000921053 0.00157895 0.00131579
1.78947 0.000789474 0.000657895 0.000657895
1.86842 0.000657895 0.000263158 0.000526316
1.71053 0.000263158 0.00105263 0.000657895
1.60526 0.000526316 0.00105263 0.000789474
1.55263 0.000657895 0.000921053 0.000789474
1.36842 0.000263158 0.00118421 0.000657895
1.28947 0.000394737 0.000789474 0.000657895
1.10526 0.000394737 0.00131579 0.000789474
0.921053 0.000131579 0.00105263 0.000657895
0.631579 -0.000131579 0.00131579 0.000526316
2.73684 -0.000131579 0.000921053 0.000394737
2.94737 0.000789474 -0.000263158 0.000263158
2.94737 0.000526316 0.000526316 0.000526316
3.05263 0.000394737 -0.000131579 0.000131579
3.26316 0.000394737 -0.000657895 -0.000131579
3.15789 0.000131579 0.000657895 0.000394737
3.52632 0.000394737 -0.00144737 -0.000526316
1.34211 0.000263158 0.00157895 0.000921053
1.23684 0.000131579 0.000657895 0.000394737
1.23684 0.000131579 0.000131579 0.000131579
1.10526 -0.000263158 0.000394737 0
0.815789 -0.000394737 0.00105263 0.000394737
0.763158 -0.000394737 -0.000131579 -0.000263158
0.657895 -0.00131579 -0.000789474 -0.00105263
1.02632 0 -0.00184211 -0.000921053
4.21053 -0.000394737 -0.0163158 -0.00842105
4.07895 0.000131579 0.000789474 0.000526316
3.78947 0.000394737 0.00184211 0.00105263
3.63158 0.000131579 0.000921053 0.000526316
3.15789 0.000526316 0.00289474 0.00171053
2.92105 0.000131579 0.00131579 0.000789474
2.84211 0.000131579 0.000526316 0.000263158
2.73684 0.000263158 0.000789474 0.000526316
2.42105 0.000394737 0.00197368 0.00118421
2.39474 0.000526316 0.000657895 0.000657895
2.21053 0.000394737 0.00131579 0.000789474
1.89474 0.000657895 0.00223684 0.00144737
1.84211 0.000526316 0.000789474 0.000657895
0.368421 0.000263158 0.00763158 0.00394737
0.0263158 0 0.00171053 0.000921053
2.02632 0.000394737 0.00157895 0.00105263
1.86842 0 0.000789474 0.000394737
1.92105 0.000263158 0 0.000131579
1.13158 -0.000263158 0.00368421 0.00171053
0.842105 -0.000131579 0.00131579 0.000526316
0.657895 -0.000131579 0.000789474 0.000394737
0.447368 -0.000394737 0.000657895 0.000131579
3.28947 0 0.000131579 0.000131579
3.18421 0 0.000526316 0.000263158
3.21053 0.000263158 0.000131579 0.000131579
3.21053 0.000131579 0.000131579 0.000131579
3.10526 0.000394737 0.000921053 0.000657895
3.07895 0.000263158 0.000394737 0.000394737
3 0.000131579 0.000526316 0.000263158
3 0.000131579 0.000131579 0.000131579
3 0.000263158 0.000263158 0.000263158
2.97368 0.000131579 0.000263158 0.000263158
3.10526 0.000263158 -0.000394737 -0.000131579
3.15789 0.000131579 -0.000131579 0
1.60526 0.000394737 0.00815789 0.00434211
1.52632 0.000263158 0.000657895 0.000394737
1.44737 0.000263158 0.000657895 0.000526316
1.28947 -0.000394737 0.000394737 0
0.763158 -0.00131579 0.00131579 0
0.605263 0.000263158 0.00105263 0.000657895
0.473684 0.000263158 0.000921053 0.000526316
1.36842 0.000789474 0.00131579 0.00105263
1.28947 0.000526316 0.000921053 0.000789474
1.13158 0.000263158 0.00105263 0.000657895
0.894737 -0.000394737 0.000789474 0.000131579
0.710526 0.000131579 0.00105263 0.000657895
0.605263 0.000263158 0.000789474 0.000526316
0.236842 0 0.00184211 0.000921053
2.92105 0.000394737 0.00105263 0.000789474
2.76316 0.000131579 0.000921053 0.000526316
2.76316 0 0 0
2.73684 0.000263158 0.000394737 0.000263158
2.73684 0.000263158 0.000263158 0.000263158
2.42105 0.000657895 0.00223684 0.00144737
2.26316 0.000526316 0.00131579 0.000921053
2.21053 0.000526316 0.000789474 0.000657895
2.23684 0.000526316 0.000394737 0.000526316
2.07895 0.000526316 0.00131579 0.000921053
2.05263 0.000394737 0.000526316 0.000394737
1.28947 0.000263158 0.00407895 0.00223684
1.07895 0.000131579 0.00118421 0.000657895
0.921053 0.000131579 0.000921053 0.000526316
0.684211 -0.000394737 0.000789474 0.000131579
0.447368 -0.000657895 0.000526316 0
0.157895 -0.000921053 0.000526316 -0.000263158
1.97297 0 0.00202703 0.00108108
1.67568 -0.00027027 0.00121622 0.000405405
1.59459 0.00027027 0.000675676 0.000540541
1.62162 0.000405405 0.00027027 0.00027027
1.62162 0.00027027 0.00027027 0.00027027
1.56757 0.000135135 0.000405405 0.00027027
1.56757 0.000405405 0.000405405 0.000405405
1.62162 0.000405405 0.000135135 0.00027027
1.59459 0.000135135 0.00027027 0.00027027
1.45946 -0.000135135 0.000540541 0.000135135
1.43243 0.000135135 0.00027027 0.00027027
1.18919 0.000135135 0.00135135 0.000675676
1 0 0.000945946 0.000540541
0.891892 -0.00027027 0.00027027 0
0.783784 -0.000135135 0.000405405 0.000135135
0.783784 -0.000135135 -0.000135135 -0.000135135
0.72973 -0.000135135 0.000135135 0
0.783784 0 -0.00027027 -0.000135135
0.810811 -0.00027027 -0.000405405 -0.000405405
3.10811 -0.000135135 -0.0116216 -0.00581081
2.76316 0.000263158 0.000263158 0.000263158
2.68421 0 0.000394737 0.000131579
2.52632 0.000131579 0.000921053 0.000526316
2.94737 0.000263158 -0.00184211 -0.000789474
2.28947 0.000263158 0.00355263 0.00197368
2.39474 0.000394737 -0.000131579 0.000131579
2.05263 0.000131579 0.00184211 0.000921053
1.97368 0.000263158 0.000657895 0.000526316
2 0.000131579 0 0
1.15789 0.000131579 0.00434211 0.00223684
0.342105 0 0.00407895 0.00210526
4.81579 -0.000131579 0.000263158 0.000131579
4.63158 -0.000263158 0.000657895 0.000131579
4.42105 -0.000263158 0.000789474 0.000263158
4.55263 0.000263158 -0.000394737 0
4.36842 0.000394737 0.00131579 0.000789474
3.65789 0.000394737 0.00394737 0.00223684
3.57895 0.000526316 0.000921053 0.000657895
3.47368 0.000526316 0.00105263 0.000789474
3.47368 0.000526316 0.000526316 0.000526316
2.34211 0.000394737 0.00605263 0.00328947
2.23684 0.000526316 0.00105263 0.000789474
2.21053 0.000526316 0.000657895 0.000526316
2.21053 0.000526316 0.000526316 0.000526316
2.23684 0.000789474 0.000657895 0.000789474
2.07895 0.000394737 0.00118421 0.000789474
1.86842 -0.000526316 0.000526316 0
1.55263 -0.000394737 0.00118421 0.000394737
1.44737 0.000657895 0.00118421 0.000921053
1.44737 0.000526316 0.000526316 0.000526316
0.552632 0 0.00447368 0.00223684
4.27027 0 0.00216216 0.00108108
4.51351 -0.000135135 -0.00135135 -0.000675676
3.86486 -0.000405405 0.00283784 0.00121622
4.56757 0 -0.00351351 -0.00175676
4.54054 0 0.000135135 0
4.7027 0.000135135 -0.000675676 -0.00027027
1.7027 -0.000135135 0.000810811 0.000405405
1.64865 0.00027027 0.000540541 0.000405405
1.62162 0.00027027 0.000405405 0.00027027
1.64865 0.000135135 0 0.000135135
1.64865 0 0 0
1.7027 -0.000135135 -0.000405405 -0.00027027
1.67568 0 0.00027027 0.000135135
1.67568 0 0 0
1.43243 -0.000135135 0.00108108 0.000540541
1.51351 0.000135135 -0.00027027 -0.000135135
0.756757 0 0.00378378 0.00189189
0.648649 0 0.000540541 0.00027027
0.675676 0.00027027 0.000135135 0.00027027
0.567568 0 0.000540541 0.00027027
0.621622 0 -0.00027027 -0.000135135
0.513514 -0.000405405 0.000135135 -0.000135135
0.621622 0 -0.000540541 -0.00027027
3.51351 -0.00027027 -0.0147297 -0.00756757
3.27027 -0.00027027 0.000945946 0.000405405
3.27027 0.000135135 0.000135135 0.000135135
3.08108 0.000135135 0.00108108 0.000540541
3.08108 0.00027027 0.00027027 0.00027027
3.18919 0.000405405 -0.000135135 0.000135135
1.89189 0.00027027 0.00675676 0.00351351
1.83784 0 0.00027027 0.000135135
0.567568 -0.000810811 0.00554054 0.00243243
0.432432 -0.000675676 0 -0.000405405
0.351351 -0.000675676 -0.00027027 -0.000405405
2.45946 0 0.00027027 0.000135135
2.40541 0.000135135 0.000405405 0.00027027
2.32432 -0.000135135 0.00027027 0
2.35135 0.000135135 0 0.000135135
2.2973 -0.000135135 0.000135135 0
2.27027 0 0.000135135 0
2.2973 0.000135135 0 0.000135135
1.48649 0.00027027 0.00432432 0.0022973
1.54054 0.000810811 0.000540541 0.000675676
1.18919 0 0.00175676 0.000810811
1 0.00027027 0.00121622 0.000810811
0.810811 -0.000540541 0.000405405 -0.000135135
0.72973 0 0.000405405 0.00027027
0.756757 0.000135135 0 0
1.2973 0.00027027 0.00621622 0.00324324
1.27027 0.00027027 0.000405405 0.000405405
1.2973 0.000135135 0 0
1.10811 -0.00027027 0.000675676 0.00027027
0.945946 -0.000810811 0 -0.000405405
0.513514 -0.000675676 0.00148649 0.000405405
0.621622 0 -0.000540541 -0.00027027
2.05405 0.000135135 0.000675676 0.000405405
1.81081 0.00027027 0.00148649 0.000945946
1.81081 0.000405405 0.000405405 0.000405405
1.7027 0.000135135 0.000675676 0.000405405
1.7027 0.000135135 0.000135135 0.000135135
1.62162 -0.000540541 -0.000135135 -0.000405405
1.54054 -0.000675676 -0.00027027 -0.000405405
2.02703 0.000405405 0 0.00027027
2.02703 0.000405405 0.000405405 0.000405405
2.05405 0.000135135 0 0
0.837838 0.000405405 0.00648649 0.00351351
0.540541 -0.00027027 0.00121622 0.000405405
0.324324 -0.000945946 0.000135135 -0.000405405
0.135135 -0.000945946 0 -0.000405405
4.81081 0.000135135 -0.00027027 -0.000135135
4.72973 -0.000135135 0.00027027 0.000135135
4.81081 0.000135135 -0.00027027 -0.000135135
2.05405 0 0.0137838 0.00689189
2 0.000135135 0.000405405 0.00027027
1.89189 0.000135135 0.000675676 0.000405405
1.75676 0.000135135 0.000810811 0.000540541
1.75676 0 0 0
4.67568 0 -0.0145946 -0.0072973
4.72973 0 -0.00027027 -0.000135135
0.432432 0.00027027 0.0217568 0.0109459
2.48649 0.000135135 0.00027027 0.000135135
2.24324 0.000135135 0.00135135 0.000810811
2.02703 0.000135135 0.00121622 0.000675676
1.94595 0.000405405 0.000810811 0.000540541
1.37838 0.000135135 0.00297297 0.00162162
1.16216 -0.00027027 0.000810811 0.00027027
0.783784 -0.000135135 0.00175676 0.000810811
0.513514 0.000540541 0.00189189 0.00121622
0.297297 -0.000135135 0.000945946 0.000405405
1.67568 0.00027027 0.00378378 0.00202703
1.62162 0.00027027 0.000540541 0.000405405
1.51351 0 0.000540541 0.00027027
1.35135 0 0.000810811 0.000405405
1.27027 0 0.000405405 0.00027027
1.08108 -0.00027027 0.000675676 0.000135135
0.945946 0.000135135 0.000810811 0.000540541
1 0 -0.00027027 -0.000135135
0.945946 -0.000135135 0.000135135 0
0.837838 0.000135135 0.000675676 0.000405405
0.675676 0.000135135 0.000945946 0.000540541
0.621622 -0.000135135 0.000135135 0
2.91892 0.000540541 0.00027027 0.000405405
3 0.000405405 0 0.00027027
3.13514 0 -0.000675676 -0.000405405
1.18919 -0.00108108 0.00864865 0.00378378
0.945946 -0.000135135 0.00108108 0.000540541
1.02703 0.000810811 0.000405405 0.000540541
1 0.00027027 0.000405405 0.000405405
1.05405 0 -0.00027027 -0.000135135
1 -0.000405405 -0.000135135 -0.00027027
0.918919 -0.000675676 -0.00027027 -0.000540541
3.45946 0.00027027 0.00027027 0.00027027
3.40541 0 0.00027027 0.000135135
3.40541 0.000135135 0.000135135 0.000135135
3.56757 0.000405405 -0.000405405 0
3.56757 0.000135135 0.000135135 0.000135135
3.78378 0.000405405 -0.000675676 -0.000135135
0.702703 0.000405405 0.00135135 0.000810811
0.567568 0.00027027 0.000945946 0.000675676
0.594595 0 -0.000135135 -0.000135135
0.405405 -0.000810811 0.000135135 -0.00027027
0.378378 -0.000540541 -0.000405405 -0.000540541
0.459459 -0.00027027 -0.000675676 -0.000405405
5.7027 -0.000405405 -0.0266216 -0.0135135
1.78378 0 0.00027027 0.000135135
1.7027 0 0.000405405 0.00027027
1.56757 0 0.000675676 0.00027027
1.2973 -0.000135135 0.00121622 0.000540541
1.24324 0.000540541 0.000810811 0.000675676
1.21622 0.00027027 0.000405405 0.000405405
1.08108 0 0.000675676 0.00027027
0.972973 -0.000135135 0.000405405 0.000135135
1.05405 -0.000135135 -0.000540541 -0.00027027
4.27027 0.000405405 0.000675676 0.000540541
3.91892 0.000405405 0.00216216 0.00135135
4.02703 0.000405405 -0.000135135 0.000135135
2.81081 0.00027027 0.00635135 0.00324324
1.7027 0.000405405 0.00594595 0.00324324
1.62162 0.000405405 0.000810811 0.000540541
1.43243 0.000405405 0.00135135 0.000945946
1.27027 0.000540541 0.00135135 0.000945946
0.297297 0.000135135 0.005 0.00256757
2.51351 0.000675676 0.000945946 0.000810811
2.45946 0.000540541 0.000810811 0.000675676
2.51351 0.000810811 0.000540541 0.000675676
2.45946 0.000540541 0.000810811 0.000675676
1.7027 0.000135135 0.00391892 0.00202703
1.54054 0.000405405 0.00121622 0.000810811
1.35135 -0.000135135 0.000810811 0.00027027
1.35135 0.000810811 0.000810811 0.000810811
0.918919 -0.000135135 0.00202703 0.000945946
0.702703 -0.000135135 0.000945946 0.000405405
0.540541 -0.00027027 0.000540541 0.000135135
0.243243 -0.000945946 0.000540541 -0.000135135
1.94595 0.00027027 0.00027027 0.00027027
1.91892 0.00027027 0.000405405 0.000405405
1.91892 0.000405405 0.000405405 0.000405405
1.94595 0.000675676 0.000540541 0.000540541
1.97297 0.000405405 0.00027027 0.000405405
2.2973 0.000405405 -0.00121622 -0.000405405
1.65789 0.000131579 0.000394737 0.000263158
1.5 0 0.000789474 0.000394737
1.47368 0.000263158 0.000394737 0.000263158
1.52632 0.000263158 0 0.000131579
1.52632 0.000131579 0.000131579 0.000131579
1.26316 0 0.00131579 0.000657895
1.07895 -0.000131579 0.000789474 0.000394737
0.789474 -0.000526316 0.000921053 0.000131579
0.842105 -0.000131579 -0.000394737 -0.000263158
1.13514 0 0.00027027 0.000135135
1.18919 0.000405405 0.000135135 0.00027027
1.16216 0.000135135 0.00027027 0.00027027
1.24324 0.00027027 -0.000135135 0
1.10811 0 0.000675676 0.000405405
1.05405 -0.00027027 0 -0.000135135
1 -0.000945946 -0.000675676 -0.000810811
3.94595 0.000540541 0.00256757 0.00148649
3.94595 0.000540541 0.000540541 0.000540541
3.83784 0.000405405 0.000945946 0.000675676
3.86486 0.000135135 0 0.000135135
3.89189 0.000135135 0 0
3.86486 -0.00027027 -0.000135135 -0.000135135
3.97297 0.000135135 -0.000405405 -0.000135135
4.18919 0.000540541 -0.000540541 0
3.24324 0.000405405 0.00513514 0.0027027
3.27027 0.00027027 0.000135135 0.00027027
3.32432 0 -0.00027027 -0.000135135
2.71053 0.000394737 0.000526316 0.000526316
2.73684 0.000526316 0.000394737 0.000394737
2.65789 0.000394737 0.000789474 0.000657895
2.68421 0.000657895 0.000526316 0.000526316
2.65789 0.000394737 0.000526316 0.000526316
2.5 0.000131579 0.000921053 0.000526316
2.36842 0 0.000657895 0.000263158
2.26316 -0.000263158 0.000263158 0
2.34211 0.000131579 0.000526316 0.000394737
2.26316 0 0.000394737 0.000131579
2.18421 0 0.000394737 0.000263158
2.05263 0.000131579 0.000789474 0.000394737
1.89474 0 0.000789474 0.000394737
1.89474 0 0 0
1.92105 0 -0.000131579 0
2.02632 0.000131579 -0.000394737 -0.000131579
2.18421 -0.000263158 -0.00105263 -0.000657895
3.63158 -0.000131579 -0.00736842 -0.00381579
3.55263 0.000131579 0.000526316 0.000394737
3.44737 0 0.000526316 0.000263158
3.36842 -0.000263158 0.000131579 -0.000131579
3.31579 0 0.000263158 0.000131579
3.34211 0 -0.000131579 0
3.28947 -0.000131579 0.000131579 0
3.23684 -0.000131579 0.000131579 0
1.02703 0.000540541 0.00108108 0.000810811
0.702703 0.000405405 0.00202703 0.00121622
0.621622 0.000540541 0.000945946 0.000810811
0.540541 0.000405405 0.000810811 0.000540541
0.378378 -0.00027027 0.000540541 0.000135135
0.432432 0.000405405 0.000135135 0.00027027
0.405405 0.000135135 0.00027027 0.00027027
2.16216 0.00027027 0.00108108 0.000675676
2 0.00027027 0.00108108 0.000675676
2.02703 0.000540541 0.000405405 0.000540541
1.97297 0.000405405 0.000675676 0.000540541
1.89189 0.000540541 0.000945946 0.000675676
1.7027 0.000405405 0.00135135 0.000945946
1.48649 -0.000135135 0.000945946 0.000405405
1.16216 -0.000135135 0.00148649 0.000675676
0.972973 0.00027027 0.00121622 0.000675676
0.702703 0.00027027 0.00162162 0.000945946
0.513514 0.000675676 0.00162162 0.00121622
1.97297 0.000810811 0.000810811 0.000810811
1.78378 0.000675676 0.00162162 0.00108108
1.27027 0.000135135 0.0027027 0.00148649
1.16216 0.000405405 0.000945946 0.000675676
1.16216 0.00027027 0.00027027 0.00027027
1.08108 -0.00027027 0.000135135 -0.000135135
1.08108 0.000135135 0.000135135 0.000135135
0.891892 -0.000675676 0.00027027 -0.000135135
0.783784 -0.000945946 -0.000405405 -0.000675676
0.756757 -0.000540541 -0.000405405 -0.000540541
0.756757 -0.000405405 -0.000405405 -0.000405405
2.86486 0.000540541 0.000540541 0.000540541
2.75676 0.000405405 0.000945946 0.000675676
2.64865 0.000405405 0.000945946 0.000675676
2.62162 0.000405405 0.000540541 0.000540541
1.94595 0.00027027 0.00364865 0.00189189
1.97297 0.00027027 0.000135135 0.00027027
2.18919 0.000540541 0.000675676 0.000675676
2.27027 0.000405405 0 0.000135135
2.24324 0.000405405 0.000540541 0.000540541
1.48649 0.000405405 0.00418919 0.0022973
1.40541 0.000540541 0.000945946 0.000675676
1.48649 0.000675676 0.00027027 0.000540541
0.486486 0.000135135 0.00513514 0.00256757
3.62162 0.000405405 0.00108108 0.000675676
3.54054 0.00027027 0.000675676 0.000540541
3.45946 0.00027027 0.000675676 0.000405405
3.54054 0.000675676 0.00027027 0.000540541
3.54054 0.000135135 0.000135135 0.000135135
3.81081 0.000405405 -0.000945946 -0.00027027
1.62162 -0.000135135 0.000405405 0.000135135
0.513514 -0.00027027 0.00527027 0.00256757
0.378378 -0.000135135 0.000540541 0.000135135
0.324324 -0.000135135 0.000135135 0
0.216216 -0.00027027 0.00027027 0
0.243243 0 -0.000135135 0
0.0810811 -0.000540541 0.00027027 -0.000135135
0.702703 -0.000540541 -0.000135135 -0.000405405
3.48649 -0.000135135 -0.0140541 -0.00702703
3.43243 -0.00027027 0 -0.000135135
3.48649 0 -0.00027027 -0.000135135
3.51351 -0.000135135 -0.00027027 -0.00027027
3.18919 0 0.00162162 0.000810811
0.324324 0.00324324 0.0175676 0.0104054
3.83784 0.000135135 -0.0174324 -0.00864865
3.91892 0 -0.000405405 -0.000135135
3.97297 0 -0.00027027 -0.000135135
4.02703 0.000405405 0.000135135 0.00027027
4.2973 0.000135135 -0.00121622 -0.000540541
6.13158 0.000394737 0.000263158 0.000394737
6.02632 0 0.000526316 0.000263158
6.07895 0.000394737 0.000131579 0.000263158
6.10526 0.000263158 0.000131579 0.000131579
6.13158 0.000394737 0.000263158 0.000394737
6.34211 0.000657895 -0.000394737 0.000131579
6.23684 0.000131579 0.000657895 0.000394737
2.86842 0.000131579 0.000263158 0.000263158
2.86842 0.000526316 0.000526316 0.000526316
2.71053 0.000131579 0.000921053 0.000526316
2.60526 0.000263158 0.000789474 0.000526316
2.44737 0 0.000789474 0.000394737
2.42105 0.000131579 0.000263158 0.000131579
2.21053 -0.000526316 0.000526316 0
2.15789 0 0.000263158 0.000131579
2.23684 0.000394737 0 0.000263158
2.35135 0.000540541 0.00108108 0.000810811
2.18919 -0.000135135 0.000675676 0.00027027
2.16216 0 0.000135135 0
1.86486 -0.00027027 0.00121622 0.000540541
1.75676 0.000135135 0.000675676 0.000405405
1.72973 0.00027027 0.000405405 0.00027027
1.64865 0.000135135 0.000540541 0.000405405
1.67568 0.00027027 0.000135135 0.000135135
1.54054 0.000135135 0.000810811 0.000540541
1.62162 0.000405405 0 0.000135135
1.16216 0.000540541 0.000945946 0.000810811
1.08108 0.00027027 0.000675676 0.000405405
1.05405 0.000405405 0.000540541 0.000540541
1.16216 0.00027027 -0.00027027 0
1 -0.000945946 -0.000135135 -0.000540541
0.243243 -0.00108108 0.0027027 0.000810811
0.216216 -0.000540541 -0.000405405 -0.000540541
0.108108 -0.000945946 -0.000405405 -0.000675676
2.56757 0.00027027 0.00108108 0.000675676
2.75676 0.00027027 -0.000675676 -0.00027027
2.67568 0.000135135 0.000540541 0.000405405
2.67568 0.00027027 0.00027027 0.00027027
2.67568 -0.00027027 -0.00027027 -0.00027027
2.75676 0 -0.000405405 -0.00027027
1.51351 0.000405405 0.00662162 0.00351351
1.05405 0.00027027 0.00256757 0.00148649
1.02703 0.000405405 0.000540541 0.000405405
0.594595 0.000405405 0.00256757 0.00148649
0.405405 -0.00027027 0.000675676 0.00027027
0.27027 -0.000540541 0.000135135 -0.00027027
2.94737 -0.000131579 0.000131579 0
2.76316 -0.000263158 0.000657895 0.000263158
2.60526 -0.000263158 0.000526316 0.000131579
2.55263 0 0.000263158 0.000131579
2.31579 -0.000394737 0.000789474 0.000131579
2.39474 0.000131579 -0.000263158 0
2.44737 0.000131579 -0.000131579 0
2.60526 0.000131579 -0.000657895 -0.000263158
2.10526 0 0.00105263 0.000526316
2 -0.000131579 0.000394737 0.000131579
2.02632 0.000131579 0 0.000131579
1.94737 0 0.000394737 0.000131579
2 0.000263158 0 0.000131579
2 0.000131579 0.000131579 0.000131579
2.02632 0.000131579 0 0.000131579
2.13158 0.000263158 -0.000263158 0
1.05263 0 0.00539474 0.00263158
0.710526 0.000394737 0.00210526 0.00131579
0.342105 -0.000131579 0.00171053 0.000789474
1.27027 0.00148649 0.000675676 0.00108108
1.10811 0.00027027 0.00108108 0.000675676
1.02703 0.000405405 0.000810811 0.000540541
1 0.00027027 0.000405405 0.000405405
0.972973 0.000135135 0.00027027 0.000135135
0.918919 0.000135135 0.000405405 0.00027027
0.675676 0 0.00121622 0.000675676
0.486486 -0.000135135 0.000810811 0.00027027
0.351351 -0.000540541 0.000135135 -0.000135135
0.0540541 -0.000810811 0.000675676 -0.000135135
2.16216 0.000405405 0.00148649 0.000945946
2 0.000135135 0.000945946 0.000540541
1.81081 0 0.000945946 0.000540541
1.48649 -0.00027027 0.00135135 0.000540541
1.13514 0.00027027 0.00202703 0.00108108
0.756757 0.00027027 0.00216216 0.00121622
0.351351 0 0.00202703 0.00108108
1.97297 0.000135135 0.000540541 0.000405405
2 0.000135135 0 0
1.97297 0.00027027 0.000405405 0.000405405
2.13514 0.00027027 -0.000540541 -0.000135135
0.756757 0.00027027 0.00716216 0.00364865
0.594595 0.00027027 0.00108108 0.000675676
0.432432 0 0.000810811 0.000405405
1.81579 0.000394737 -0.000131579 0.000131579
1.07895 0 0.00368421 0.00184211
1.52632 0.000263158 -0.00197368 -0.000921053
0.921053 0 0.00302632 0.00157895
0.868421 -0.000657895 -0.000394737 -0.000526316
0.894737 -0.000263158 -0.000394737 -0.000394737
0.684211 -0.000789474 0.000263158 -0.000263158
0.918919 0 0.000540541 0.00027027
0.891892 0 0.000135135 0.000135135
0.756757 -0.000135135 0.000540541 0.000135135
0.810811 0.000135135 -0.000135135 0
0.702703 -0.000540541 0 -0.00027027
0.756757 0.000135135 -0.000135135 0
0.918919 -0.00027027 -0.00108108 -0.000675676
1.32432 0.000540541 0.000945946 0.000810811
1.21622 0.000135135 0.000675676 0.000405405
1.13514 0 0.000405405 0.000135135
1.21622 -0.000135135 -0.000540541 -0.00027027
0.72973 -0.000405405 0.00202703 0.000810811
0.405405 -0.000540541 0.00108108 0.00027027
1.2973 0.000405405 -0.000135135 0.000135135
0.918919 0 0.00189189 0.000945946
0.702703 0.000135135 0.00121622 0.000675676
0.648649 0 0.00027027 0.000135135
0.432432 -0.000135135 0.000945946 0.000405405
0.594595 0 -0.000810811 -0.000405405
1.54054 -0.000675676 0.000405405 -0.000135135
1.32432 0 0.00108108 0.000540541
1.2973 0.000405405 0.000540541 0.000405405
1.08108 0.00027027 0.00135135 0.000810811
0.945946 0 0.000675676 0.000405405
0.756757 0.000135135 0.00108108 0.000540541
0.297297 -0.000405405 0.00189189 0.000810811
1.16216 0.000135135 0.00108108 0.000675676
0.972973 0 0.000945946 0.000405405
0.864865 0.00027027 0.000810811 0.000540541
0.756757 0.000135135 0.000675676 0.000405405
0.513514 -0.000135135 0.00108108 0.000540541
0.459459 -0.000135135 0.000135135 0
0.405405 -0.000540541 -0.00027027 -0.000405405
0.432432 -0.000675676 -0.000810811 -0.000810811
2 0.00027027 0.000810811 0.000540541
2.08108 0.00027027 -0.000135135 0.000135135
2.05405 0.000135135 0.00027027 0.000135135
1.21622 0.00027027 0.00445946 0.00243243
1.13514 0.00027027 0.000675676 0.000405405
0.945946 -0.000135135 0.000810811 0.000405405
0.864865 0.000135135 0.000540541 0.00027027
0.675676 -0.00027027 0.000675676 0.00027027
0.72973 0 -0.00027027 -0.000135135
0.864865 -0.000405405 -0.00108108 -0.000810811
