Celerities (plug_length top_celerity bottom_celerity center_celerity) unit of Diameters and Diameters/s
10.025 0.001125 0.00225 0.00175
9.25 0.00125 0.005125 0.003125
9.225 0.00125 0.001375 0.001375
9.125 0.001375 0.001875 0.001625
8.5 0.0015 0.004625 0.003
8.575 0.0015 0.001125 0.001375
8.6 0.0015 0.001375 0.001375
8.475 0.0015 0.002125 0.001875
8.45 0.0015 0.001625 0.0015
8.675 0.0015 0.000375 0.001
8.35 0.001375 0.003 0.002125
8.35 0.001625 0.001625 0.001625
8.125 0.0015 0.002625 0.002125
8.275 0.001375 0.000625 0.001
8.55 0.0015 0.000125 0.00075
8.8 0.001125 -0.000125 0.0005
8.95 0.00125 0.0005 0.000875
6.125 0.00075 0.014875 0.007875
5.8 -0.000625 0.001 0.000125
5.675 -0.000375 0.00025 0
5.025 0 0.00325 0.001625
4.95 -0.000125 0.00025 0
4.85 -0.000125 0.000375 0.000125
4.875 0 -0.000125 0
4.85 0 0.000125 0
4.7 -0.00025 0.0005 0.000125
3.375 -0.000125 0.0065 0.00325
3.425 0 -0.00025 -0.000125
3.55 0 -0.000625 -0.000375
3.675 0.000125 -0.0005 -0.000125
3.225 0.000125 0.002375 0.00125
3.425 0.000125 -0.000875 -0.000375
3.475 0.000125 -0.000125 0
1.35 -0.00025 0.010375 0.005
1.25 -0.0005 0 -0.00025
1.225 -0.00075 -0.000625 -0.000625
1.125 -0.00125 -0.00075 -0.001
6.425 0.001 0.000125 0.000625
6.35 -0.000125 0.00025 0
6.425 0.000625 0.00025 0.0005
6.65 0.001125 0 0.0005
6.875 0.0005 -0.000625 0
6.9 -0.00025 -0.000375 -0.000375
6.825 -0.00025 0.000125 0
6.925 0 -0.0005 -0.00025
