Celerities (plug_length top_celerity bottom_celerity center_celerity) unit of Diameters and Diameters/s
4.9434 0.00132075 0.00349057 0.00235849
4.96226 0.00141509 0.00132075 0.00141509
5.03774 0.00160377 0.00122642 0.00141509
4.45283 0.00188679 0.00481132 0.00330189
4.5283 0.00198113 0.00160377 0.00179245
4.4717 0.00188679 0.00216981 0.00207547
4.37736 0.00188679 0.00235849 0.00207547
4.56604 0.00188679 0.000943396 0.00141509
3.77358 0.00235849 0.00632075 0.00433962
4.01887 0.00235849 0.00113208 0.00179245
3.60377 0.00235849 0.00443396 0.00339623
3.18868 0.00235849 0.00443396 0.00339623
1.98113 0.00254717 0.00858491 0.00556604
2.56604 0.00226415 -0.000660377 0.000754717
2.41509 0.00179245 0.00254717 0.00216981
1.75472 0.00150943 0.00481132 0.00320755
1.67925 0.00141509 0.00179245 0.00160377
0.415094 0.000849057 0.00716981 0.00396226
3.20755 0.00150943 0.000471698 0.000943396
2.69811 0.00198113 0.0045283 0.00330189
2.45283 0.00226415 0.00349057 0.00283019
2.45283 0.00141509 0.00141509 0.00141509
2.60377 0.00188679 0.00113208 0.00150943
2.90566 0.00188679 0.000377358 0.00113208
3.15094 0.00141509 0.000188679 0.000849057
2.92453 0.00122642 0.00235849 0.00179245
2.9434 0.00113208 0.00103774 0.00103774
2.73585 0.000754717 0.00179245 0.00132075
2.66038 0.00150943 0.00188679 0.00169811
2.96226 0.00207547 0.000566038 0.00132075
2.83019 -0.000188679 0.000471698 9.43396e-05
3.09434 0.00160377 0.000283019 0.000943396
2.96226 0.000188679 0.000849057 0.000566038
3.03774 0.000849057 0.000471698 0.000660377
3.0566 0.000943396 0.000849057 0.000849057
3.37736 0.00179245 0.000188679 0.00103774
3.24528 0.00113208 0.00179245 0.00141509
3.4717 0.00141509 0.000283019 0.000849057
2.88679 0.000188679 0.00311321 0.00169811
2.88679 0.000188679 0.000188679 0.000188679
2.96226 0.000471698 9.43396e-05 0.000283019
3.0566 0.000566038 9.43396e-05 0.000283019
3.03774 0.000377358 0.000471698 0.000471698
2.90566 9.43396e-05 0.000754717 0.000377358
2.9434 0.000471698 0.000283019 0.000377358
2.79245 0.000754717 0.00150943 0.00113208
2.75472 0.000660377 0.000849057 0.000754717
2.83019 0.000849057 0.000471698 0.000660377
2.98113 0.000849057 9.43396e-05 0.000471698
1.9434 0.000754717 0.0059434 0.00339623
1.77358 0.00103774 0.00188679 0.00141509
1.77358 0.000943396 0.000943396 0.000943396
1.75472 0.000943396 0.00103774 0.00103774
1.58491 0.000943396 0.00179245 0.00132075
1 0.00113208 0.0040566 0.00264151
0.849057 -9.43396e-05 0.000660377 0.000283019
0.679245 9.43396e-05 0.000943396 0.000471698
0.377358 -0.000377358 0.00113208 0.000377358
0.207547 -0.000283019 0.000566038 0.000188679
3.20755 0.000754717 -0.0139623 -0.00660377
3.18868 0.000849057 0.000943396 0.000943396
3.24528 0.00113208 0.000849057 0.000943396
3.49057 0.00198113 0.000754717 0.00141509
3.49057 0.000660377 0.000660377 0.000660377
3.54717 0.00103774 0.000754717 0.000849057
3.71698 0.00160377 0.000754717 0.00122642
4.11321 0.000943396 -0.0183019 -0.00867925
4.09434 0.00113208 0.00122642 0.00122642
4.15094 0.000849057 0.000566038 0.000660377
4.30189 0.00122642 0.000471698 0.000849057
4.11321 -0.000188679 0.000754717 0.000283019
4.01887 0 0.000471698 0.000283019
3.9434 0.000660377 0.00103774 0.000849057
4 0.000471698 0.000188679 0.000283019
4.13208 0.000377358 -0.000283019 9.43396e-05
3.35849 0.000754717 0.00462264 0.00264151
3.39623 0.000849057 0.000660377 0.000754717
3.43396 0.000943396 0.000754717 0.000849057
3.50943 0.00113208 0.000754717 0.000943396
3.49057 0.00122642 0.00132075 0.00132075
3.64815 0.00138889 0.000648148 0.00101852
3.77778 0.00166667 0.00101852 0.0012963
2.74074 0.00166667 0.00685185 0.00425926
2.77778 0.00175926 0.00157407 0.00166667
1.03704 0.00166667 0.0103704 0.00601852
0.981481 0.0012963 0.00157407 0.00148148
0.277778 -0.00037037 0.00314815 0.00138889
2.38889 0.00203704 0.000277778 0.0012037
2.40741 0.00333333 0.00324074 0.00324074
2.2963 0.000185185 0.000740741 0.000462963
2.59259 0.00185185 0.00037037 0.00111111
2.75926 0.000648148 -0.000185185 0.000277778
3.03704 0.0012037 -0.000185185 0.000462963
3.24074 0 -0.00101852 -0.000462963
2.46296 0.000185185 0.00407407 0.00212963
2.68519 0.00157407 0.000462963 0.00101852
3.09259 0.00203704 0 0.00101852
3.14815 -0.00037037 -0.000648148 -0.000555556
6.64815 0.00101852 -0.0164815 -0.00768519
6.55556 0.000925926 0.00138889 0.00111111
6.42593 0.000462963 0.00111111 0.000833333
6.33333 -0.000277778 0.000185185 -9.25926e-05
6.2963 0.000185185 0.00037037 0.000277778
6.03704 0.00037037 0.00166667 0.00101852
6.03704 0.000185185 0.000185185 0.000185185
5.68519 0.000277778 0.00203704 0.0012037
5.72222 0.000555556 0.00037037 0.000462963
5.7963 0.000648148 0.000277778 0.000462963
5.90741 0.000648148 9.25926e-05 0.00037037
6.03704 0.000740741 9.25926e-05 0.00037037
5.98148 0.000833333 0.00111111 0.00101852
5.35185 0.000925926 0.00407407 0.0025
5.33333 0.000925926 0.00101852 0.000925926
5.25926 0.000462963 0.000833333 0.000648148
4.22222 -0.000648148 0.0012963 0.000277778
4.03704 -0.000185185 0.000740741 0.000277778
4 0.000277778 0.000462963 0.00037037
3.42593 0.000462963 0.00333333 0.00194444
3.35185 0.00037037 0.000740741 0.000555556
3.35185 0.00037037 0.00037037 0.00037037
3.40741 0.00101852 0.000740741 0.000833333
3.37037 0.000555556 0.000740741 0.000648148
3.31481 0.000740741 0.00101852 0.000925926
3.25926 0.000740741 0.00101852 0.000833333
3.27778 0.000925926 0.000833333 0.000925926
3.33333 0.000925926 0.000648148 0.000740741
3.33333 0.0012037 0.0012037 0.0012037
3.40741 0.00148148 0.00111111 0.0012963
3.37037 0.00157407 0.00175926 0.00166667
2.98148 0.00157407 0.00351852 0.00259259
2.62963 0.00148148 0.00324074 0.00231481
2.35185 -0.000462963 0.000925926 0.000277778
2.03704 0.00111111 0.00268519 0.00185185
2.22222 0.00185185 0.000925926 0.00138889
2.2037 0.00138889 0.00148148 0.00148148
2.05556 0.00111111 0.00185185 0.00148148
1.81481 -0.000277778 0.000925926 0.000277778
1.25926 9.25926e-05 0.00287037 0.00148148
0.981481 0 0.00138889 0.000740741
0.888889 -0.000185185 0.000277778 0
2.2963 0.000740741 0.000555556 0.000648148
2.31481 0.000833333 0.000740741 0.000833333
2.48148 0.00166667 0.000833333 0.0012037
2.09259 0.0012037 0.00314815 0.00222222
2.18519 0.00148148 0.00101852 0.0012037
2.2963 0.0012963 0.000740741 0.00101852
2.5 0.0012963 0.000277778 0.000833333
2.59259 0.0012963 0.000833333 0.00101852
2.94444 0.00240741 0.000648148 0.00157407
1.98148 0.0012963 0.00611111 0.0037037
2.25926 0.00203704 0.000648148 0.0012963
2.16667 9.25926e-05 0.000555556 0.00037037
2.42593 0.00175926 0.000462963 0.00111111
2.42593 0.000277778 0.000277778 0.000277778
2.24074 0.000555556 0.00148148 0.00101852
2.24074 -9.25926e-05 -9.25926e-05 -9.25926e-05
2.2963 0.00185185 0.00157407 0.00166667
2.25926 0.000833333 0.00101852 0.000925926
2.44444 0.00101852 9.25926e-05 0.000555556
2.18519 0.000185185 0.00148148 0.000833333
2.14815 -0.000185185 0 -9.25926e-05
2.46296 0.00111111 -0.000462963 0.00037037
2.68519 0.000555556 -0.000555556 0
2.77778 -9.25926e-05 -0.000555556 -0.00037037
2.81481 -0.000740741 -0.000925926 -0.000833333
4.62963 0.00101852 0.00166667 0.0012963
4.53704 0.000740741 0.0012037 0.00101852
3.92593 0.000925926 0.00398148 0.00240741
4.01852 0.00111111 0.000648148 0.000925926
4.07407 0.00138889 0.00111111 0.0012037
4.2037 0.00166667 0.00101852 0.00138889
2.81481 0.00175926 0.0087037 0.00518519
2.94444 0.00185185 0.0012037 0.00157407
2.44444 0.00203704 0.00453704 0.00324074
2.59259 0.00185185 0.00111111 0.00148148
2.81481 0.00185185 0.000740741 0.0012963
0.777778 0.00166667 0.0118519 0.00675926
0.148148 -0.000740741 0.00240741 0.000833333
1.33333 -0.000185185 0.000555556 0.000185185
1.27778 9.25926e-05 0.00037037 0.000277778
0.444444 0.000740741 0.00490741 0.00277778
0.425926 0.000833333 0.000925926 0.000925926
0.240741 -0.000555556 0.00037037 -9.25926e-05
0.111111 -0.000462963 0.000185185 -0.000185185
0.111111 -0.000462963 -0.000462963 -0.000462963
0.333333 0 -0.00111111 -0.000555556
2.81481 0 -0.0124074 -0.0062037
2.16667 0.00037037 0.00361111 0.00203704
2.05556 0.000185185 0.000740741 0.000462963
2.40741 0.00222222 0.000462963 0.0012963
2.59259 0.00111111 0.000185185 0.000648148
2.81481 0.00138889 0.000277778 0.000833333
2.83333 0.00194444 0.00185185 0.00194444
2.7963 -9.25926e-05 9.25926e-05 0
2.96296 0.000833333 0 0.00037037
3.22222 0.00138889 9.25926e-05 0.000740741
3.25926 9.25926e-05 -9.25926e-05 0
3.27778 0.000185185 9.25926e-05 0.000185185
3.37037 0.000277778 -0.000185185 0
3.2963 0.000648148 0.00101852 0.000833333
3.46296 0.000648148 -0.000185185 0.000277778
2.74074 0.000185185 0.0037963 0.00194444
2.72222 9.25926e-05 0.000185185 0.000185185
2.88889 0.000555556 -0.000277778 9.25926e-05
2.12963 0.000833333 0.00462963 0.00277778
2.11111 0.00101852 0.00111111 0.00101852
2.22222 0.0012037 0.000648148 0.000925926
2.37037 0.0012963 0.000555556 0.000925926
1.74074 0.00148148 0.00462963 0.00305556
1.7963 0.0012963 0.00101852 0.0012037
1.77778 0.000648148 0.000740741 0.000648148
1.7963 0.000555556 0.000462963 0.000555556
1.03704 -0.00037037 0.00342593 0.00148148
0.759259 0 0.00138889 0.000740741
0.648148 -0.000277778 0.000277778 0
4.35185 0.00148148 0.00037037 0.000925926
4.59259 0.00111111 -9.25926e-05 0.000462963
4.33333 0.000925926 0.00222222 0.00157407
4.46296 0.00148148 0.000833333 0.0012037
4.42593 0.000648148 0.000833333 0.000740741
4.61111 0.00222222 0.0012963 0.00175926
4.61111 0.000277778 0.000277778 0.000277778
4.55556 0.000462963 0.000740741 0.000555556
4.88889 0.00268519 0.00101852 0.00185185
4.87037 0.000185185 0.000277778 0.000277778
4.92593 0.00037037 9.25926e-05 0.000185185
4.33333 0.000185185 0.00314815 0.00166667
4.05556 0.000555556 0.00194444 0.0012963
3.96296 9.25926e-05 0.000555556 0.000277778
3.66667 0.000462963 0.00194444 0.0012037
3.66667 0.000740741 0.000740741 0.000740741
3.74074 0.000925926 0.000555556 0.000740741
3.87037 0.0012037 0.000555556 0.000925926
3.83333 0.00138889 0.00157407 0.00148148
3.98148 0.00166667 0.000925926 0.0012963
3.42593 0.00175926 0.00453704 0.00314815
2.92593 0.00185185 0.00435185 0.00305556
2.90741 0.00185185 0.00194444 0.00194444
0.833333 0.00166667 0.012037 0.00685185
0.777778 0.00175926 0.00203704 0.00185185
1.7037 0.00157407 0.000925926 0.0012037
1.27778 0 0.00212963 0.00111111
1.16667 0.000740741 0.0012963 0.00101852
0.814815 -0.000185185 0.00157407 0.000648148
0.814815 0.000185185 0.000185185 0.000185185
0.685185 -0.000925926 -0.000277778 -0.000555556
0.62963 -0.000740741 -0.000462963 -0.000648148
2.46296 0 -0.0113889 -0.00564815
2.68519 0.00240741 0.0012963 0.00185185
3.01852 0.0025 0.000833333 0.00166667
3.01852 -0.000185185 -0.000185185 -0.000185185
3.16667 0.000555556 -0.000185185 0.000185185
2.75926 0.000277778 0.00231481 0.0012963
2.7037 0.000648148 0.000925926 0.000740741
2.74074 0 -0.000185185 -9.25926e-05
2.7963 9.25926e-05 -0.000185185 0
2.74074 9.25926e-05 0.00037037 0.000185185
2.74074 0 0 0
2.2963 0.000277778 0.0025 0.00138889
2.25926 0.000277778 0.000462963 0.00037037
2.18519 0.000277778 0.000648148 0.000462963
2.27778 0.00037037 -9.25926e-05 0.000185185
2.33333 0.000185185 -9.25926e-05 0
2.2963 0.000185185 0.00037037 0.000277778
2.38889 9.25926e-05 -0.00037037 -9.25926e-05
1.09259 -0.000462963 0.00601852 0.00277778
4.33333 0.00111111 0.00175926 0.00138889
4.33333 0.00101852 0.00101852 0.00101852
4.48148 0.0012963 0.000555556 0.000925926
4.7037 0.00138889 0.000277778 0.000833333
4.7037 0.00148148 0.00148148 0.00148148
3.14815 0.0012037 0.00898148 0.00509259
3 0.00138889 0.00212963 0.00175926
2.88889 0.00175926 0.00231481 0.00203704
2.7963 0.0012037 0.00166667 0.00148148
2.68519 0.00111111 0.00166667 0.00138889
2.64815 0.00166667 0.00185185 0.00175926
2.7037 0.00148148 0.0012037 0.0012963
2.01852 0.00138889 0.00481481 0.00314815
2.01852 0.00185185 0.00185185 0.00185185
1.81481 0.00148148 0.0025 0.00194444
1.87037 0.00138889 0.00111111 0.0012963
1.77778 0.000833333 0.0012963 0.00101852
0.37037 -0.000833333 0.0062037 0.00268519
5.98148 9.25926e-05 0.000648148 0.00037037
5.83333 0.00157407 0.00231481 0.00194444
5.68519 -0.000277778 0.000462963 9.25926e-05
5.7963 0.000833333 0.000277778 0.000555556
5.74074 -9.25926e-05 0.000185185 0
5.68519 0 0.000277778 0.000185185
5.68519 9.25926e-05 9.25926e-05 9.25926e-05
5.44444 0.00037037 0.00157407 0.000925926
5.46296 0.000462963 0.00037037 0.000462963
5.5 0.000555556 0.00037037 0.000462963
5.62963 0.000648148 0 0.000277778
4.92593 0.000648148 0.00416667 0.00240741
4.7963 0.000833333 0.00148148 0.0012037
4.81481 0.000925926 0.000833333 0.000833333
4.90741 0.00101852 0.000555556 0.000833333
5 0.00111111 0.000648148 0.000833333
4.62963 0.0012037 0.00305556 0.00212963
4.12963 0.0012963 0.0037963 0.00259259
4.2037 0.00148148 0.00111111 0.0012963
4.18519 0.00138889 0.00148148 0.00138889
3.88889 0.00148148 0.00296296 0.00222222
3.75926 0.00138889 0.00203704 0.00175926
3.7963 0.00175926 0.00157407 0.00166667
3.61111 0.00148148 0.00240741 0.00194444
3.57407 0.00185185 0.00203704 0.00194444
3.25926 0.00194444 0.00351852 0.00268519
3.27778 0.00175926 0.00166667 0.00175926
3.31481 0.00175926 0.00157407 0.00166667
3.27273 0.00190909 0.00181818 0.00181818
2.96364 0.00172727 0.00327273 0.00254545
3.09091 0.002 0.00136364 0.00163636
3.18182 0.00181818 0.00136364 0.00163636
3.32727 0.00172727 0.001 0.00136364
3.12727 0.000181818 0.00118182 0.000636364
2.27273 0.00118182 0.00545455 0.00336364
1.90909 -0.000363636 0.00145455 0.000545455
2.43636 0.00118182 0.000181818 0.000636364
2.76364 0.00127273 -0.000363636 0.000454545
3.01818 0.00127273 0 0.000636364
0.636364 0.0391818 0.0510909 0.0451818
0.563636 -0.000181818 0.000181818 0
0.454545 -0.000545455 0 -0.000272727
0.309091 -0.000727273 0 -0.000363636
3.85455 0.00163636 0.000181818 0.000909091
4.07273 0.00127273 0.000181818 0.000727273
4.36364 0.00136364 -9.09091e-05 0.000636364
4.52727 0.000727273 -9.09091e-05 0.000363636
4.70909 0.00145455 0.000545455 0.001
4.72727 0.000272727 0.000181818 0.000181818
4.87273 0.000636364 -9.09091e-05 0.000272727
4.8 -0.000363636 0 -0.000181818
4.90909 0.000272727 -0.000272727 0
5 9.09091e-05 -0.000363636 -9.09091e-05
3.92727 0.001 0.00172727 0.00136364
3.85455 0.00118182 0.00154545 0.00136364
3.92727 0.00136364 0.001 0.00118182
3.45455 0.00154545 0.00390909 0.00272727
3.58182 0.00154545 0.000909091 0.00127273
3.14545 0.00190909 0.00409091 0.003
2.4 0.00209091 0.00581818 0.00390909
2.47273 0.00218182 0.00181818 0.002
2.49091 0.00209091 0.002 0.00209091
2.49091 0.00227273 0.00227273 0.00227273
2.03636 0.00218182 0.00445455 0.00327273
1.81818 0.00236364 0.00345455 0.00290909
1.05455 0.00154545 0.00536364 0.00345455
1.07273 0.00181818 0.00172727 0.00181818
0.636364 -0.000909091 0.00127273 0.000181818
0.2 0.00127273 0.00345455 0.00236364
3.96364 0.00272727 -0.000181818 0.00127273
3.03636 0.00145455 0.00609091 0.00381818
3.03636 0.00145455 0.00145455 0.00145455
2.74545 0.00145455 0.00290909 0.00218182
2.74545 0.000818182 0.000818182 0.000818182
2.89091 0.000909091 0.000181818 0.000545455
2.61818 0.00109091 0.00245455 0.00172727
2.78182 0.00127273 0.000454545 0.000909091
2.83636 0.000727273 0.000454545 0.000545455
2.87273 0.000363636 0.000181818 0.000272727
2.72727 0.001 0.00172727 0.00136364
2.45455 0.00154545 0.00290909 0.00227273
2.54545 0.00109091 0.000636364 0.000818182
2.27273 0.000363636 0.00172727 0.00109091
2.43636 0.001 0.000181818 0.000545455
2.50909 0.000454545 9.09091e-05 0.000272727
2.78182 0.00154545 0.000181818 0.000909091
2.70909 9.09091e-05 0.000454545 0.000272727
2.30909 0.000636364 0.00263636 0.00163636
2.05455 0 0.00127273 0.000636364
2.01818 0.000454545 0.000636364 0.000545455
2.01818 0.000363636 0.000363636 0.000363636
2.05455 0.000545455 0.000363636 0.000454545
2.18182 0.000818182 0.000181818 0.000454545
2.30909 0.000636364 0 0.000363636
1.90909 0.000454545 0.00245455 0.00145455
2 0.000727273 0.000272727 0.000454545
1.49091 0.000545455 0.00309091 0.00181818
1.47273 0.000818182 0.000909091 0.000909091
1.50909 0.000545455 0.000363636 0.000454545
4.58182 0.000272727 -0.000545455 -0.000181818
4.18182 0.00163636 0.00363636 0.00263636
4.34545 0.000727273 -9.09091e-05 0.000363636
3.92727 9.09091e-05 0.00218182 0.00109091
3.90909 0.000181818 0.000272727 0.000272727
4 0.000363636 -9.09091e-05 9.09091e-05
2.90566 0.000849057 0.000660377 0.000754717
3 0.000943396 0.000471698 0.000754717
3.09434 0.000849057 0.000377358 0.000566038
1.5283 0.000849057 0.00867925 0.00481132
1.4717 0.000660377 0.000943396 0.000754717
1.30189 0 0.000849057 0.000471698
1.18868 0.000283019 0.000849057 0.000566038
0.283019 0.00283019 0.00226415 0.00254717
0.566038 -0.000943396 -0.00235849 -0.00169811
3.71698 -0.000754717 -0.0165094 -0.00858491
3.56604 0 0.000754717 0.000377358
3.4717 9.43396e-05 0.000566038 0.000283019
3.37736 -0.000188679 0.000283019 9.43396e-05
3.37736 0.000283019 0.000283019 0.000283019
3.88679 0.00292453 0.000377358 0.00160377
3.9434 0.000754717 0.000471698 0.000660377
4.22642 0.00320755 0.00179245 0.00245283
3.96226 -0.000283019 0.00103774 0.000377358
3.98113 0.000660377 0.000566038 0.000660377
4.07547 0.000754717 0.000283019 0.000471698
4.0566 0.000283019 0.000377358 0.000377358
4.07547 0.000377358 0.000283019 0.000283019
4 0.000283019 0.000660377 0.000471698
3.98113 0.000566038 0.000660377 0.000660377
3.96226 0.000660377 0.000754717 0.000660377
3.9434 0.000471698 0.000566038 0.000566038
3.9434 0.000566038 0.000566038 0.000566038
4.09434 0.000849057 9.43396e-05 0.000471698
4.28302 0.000849057 -9.43396e-05 0.000377358
4.35849 0.000943396 0.000566038 0.000754717
3.11321 0.00103774 0.00726415 0.00415094
3.16981 0.00103774 0.000754717 0.000849057
2.92453 0.00103774 0.00226415 0.00169811
2.4717 0.000849057 0.00311321 0.00198113
2.35849 0.00113208 0.00169811 0.00141509
2.32075 0.00150943 0.00169811 0.00160377
1.92453 0.00141509 0.00339623 0.00235849
1.92453 0.00150943 0.00150943 0.00150943
1.86792 0.00179245 0.00207547 0.00198113
1.83019 0.00198113 0.00216981 0.00207547
1.37736 0.00207547 0.00433962 0.00320755
0.981132 0.00207547 0.0040566 0.00301887
0.509434 0.00198113 0.00433962 0.00320755
0.283019 0.00150943 0.00264151 0.00207547
4.5283 0.000754717 0.00132075 0.00103774
4.58491 0.000849057 0.000566038 0.000754717
4.11321 0.00103774 0.00339623 0.00216981
4.11321 0.00113208 0.00113208 0.00113208
4.22642 0.00132075 0.000754717 0.00103774
3.86792 0.00150943 0.00330189 0.00245283
3.83019 0.00169811 0.00188679 0.00179245
3.79245 0.00179245 0.00198113 0.00188679
3.90566 0.00188679 0.00132075 0.00160377
3.98113 0.00169811 0.00132075 0.00150943
3.13208 0.00179245 0.00603774 0.00386792
2.84906 0.00169811 0.00311321 0.00245283
2.58491 0.000188679 0.00150943 0.000849057
2.4717 0.000849057 0.00141509 0.00113208
2.41509 0.00113208 0.00141509 0.00122642
2.37736 0.00113208 0.00132075 0.00122642
2.43396 0.00132075 0.00103774 0.00122642
2.54717 0.00169811 0.00113208 0.00141509
1.98113 0.00179245 0.00462264 0.00320755
2.16981 0.00150943 0.000566038 0.00103774
2.13208 0 0.000188679 9.43396e-05
1.43396 -0.000188679 0.00330189 0.00150943
0.660377 -0.000188679 0.00367925 0.00179245
0.358491 -0.000849057 0.000660377 -9.43396e-05
6.09804 0.000686275 0.000392157 0.000588235
5.11765 0.000784314 0.00568627 0.00323529
5.15686 0.00117647 0.000980392 0.00107843
5.19608 0.00117647 0.000980392 0.00107843
5.11765 0.00147059 0.00186275 0.00166667
5.23529 0.00176471 0.00117647 0.00147059
5.37255 0.00176471 0.00107843 0.00137255
5.33333 0.00205882 0.0022549 0.00215686
5.4902 0.00205882 0.00127451 0.00166667
5.58824 0.00196078 0.00147059 0.00176471
4.68627 0.00186275 0.00637255 0.00411765
4.76471 0.00176471 0.00137255 0.00156863
4.90196 0.00186275 0.00117647 0.00147059
4.5098 -0.000980392 0.000980392 0
3.76471 0.00215686 0.00588235 0.00401961
3.80392 0.00147059 0.00127451 0.00137255
3.15686 0.00117647 0.00441176 0.00284314
3.19608 0.000980392 0.000784314 0.000882353
3.35294 0.00117647 0.000392157 0.000784314
2.13725 0.00107843 0.00715686 0.00411765
1.62745 0.000294118 0.000686275 0.000490196
1.43137 0.000392157 0.00137255 0.000882353
1.72549 0.00254902 0.00107843 0.00176471
1.43137 -0.000882353 0.000588235 -9.80392e-05
1.5098 0.000294118 -9.80392e-05 9.80392e-05
0.392157 -9.80392e-05 0.0054902 0.00264706
3.62745 0.00362745 -0.00127451 0.00117647
2.68627 0.000784314 0.0054902 0.00313725
2.62745 0.000196078 0.000490196 0.000294118
2.70588 0.000588235 0.000196078 0.000392157
2.56863 0.00107843 0.00176471 0.00147059
2.88235 0.00147059 -9.80392e-05 0.000686275
2.70588 -0.000980392 -9.80392e-05 -0.000588235
3.05882 0.00147059 -0.000294118 0.000588235
3.29412 0.000686275 -0.000490196 9.80392e-05
2.94118 -0.000490196 0.00127451 0.000392157
3.80392 0.000392157 -0.00392157 -0.00176471
3.09804 -9.80392e-05 -0.00980392 -0.005
3.03922 0.000392157 0.000686275 0.000588235
3.05882 9.80392e-05 0 0
2.21569 0.000784314 0.005 0.00294118
2.2549 0.000882353 0.000686275 0.000784314
2.54902 0.00137255 -9.80392e-05 0.000588235
2.88679 -0.000188679 0.00103774 0.000471698
2.54717 0.000660377 0.00235849 0.00150943
2.41509 0.000188679 0.000849057 0.000471698
2.35849 9.43396e-05 0.000377358 0.000283019
1.98113 0.000377358 0.00226415 0.00132075
2.01887 0.000471698 0.000283019 0.000377358
1.83019 0.000377358 0.00132075 0.000849057
1.33962 0.000471698 0.00292453 0.00169811
1.30189 0.000283019 0.000471698 0.000377358
1.30189 0 0 0
1.30189 0 0 0
3.56604 0.000377358 0.000377358 0.000377358
3.62264 0.000754717 0.000471698 0.000566038
3.30189 0.000849057 0.00245283 0.00169811
3.4717 0.00141509 0.000566038 0.000943396
3.13208 0.00150943 0.00320755 0.00235849
3.30189 0.00150943 0.000660377 0.00113208
2.9434 0.00150943 0.00330189 0.00235849
3.01887 0.00179245 0.00141509 0.00160377
3.13208 0.00160377 0.00103774 0.00132075
1.69811 0.00122642 0.00839623 0.00481132
1.56604 0 0.000660377 0.000377358
1.64151 0.000754717 0.000377358 0.000566038
1.16981 0.000377358 0.00273585 0.00150943
4.90566 0 0.000566038 0.000283019
5 0.000283019 -0.000188679 9.43396e-05
5.11321 0.000471698 -9.43396e-05 0.000188679
5.07547 0.000283019 0.000471698 0.000377358
5.03774 9.43396e-05 0.000283019 0.000188679
4.77358 0.000188679 0.00150943 0.000849057
4.75472 9.43396e-05 0.000188679 9.43396e-05
4.86792 0.000283019 -0.000283019 0
5 0.000471698 -0.000188679 0.000188679
4.45283 0.000471698 0.00320755 0.00179245
4.49057 0.000471698 0.000283019 0.000377358
4.54717 0.000377358 9.43396e-05 0.000283019
4.54717 0.000377358 0.000377358 0.000377358
3.98113 9.43396e-05 0.00292453 0.00150943
3.79245 -0.000188679 0.000754717 0.000283019
3.79245 0.000377358 0.000377358 0.000377358
3.71698 0.000377358 0.000754717 0.000566038
3.79245 0.000660377 0.000283019 0.000471698
3.92453 0.000754717 9.43396e-05 0.000377358
4.15094 0.000849057 -0.000283019 0.000283019
3.86792 0.00122642 0.00264151 0.00198113
3.4717 0.00141509 0.00339623 0.00235849
3.62264 0.00160377 0.000849057 0.00122642
3.92453 0.00160377 9.43396e-05 0.000849057
1.13208 0.00160377 0.015566 0.00858491
0.849057 0.00141509 0.00283019 0.00216981
0.188679 -0.000377358 0.00292453 0.00122642
3.30189 0.000471698 -0.0148113 -0.00716981
2.98113 -0.000566038 0.00103774 0.000188679
3.28302 0.00198113 0.000471698 0.00122642
3.33962 0.000849057 0.000566038 0.000754717
3.30189 0.000188679 0.000377358 0.000283019
3.5283 0.00103774 -9.43396e-05 0.000471698
3.50943 9.43396e-05 0.000188679 9.43396e-05
3.56604 0.000660377 0.000377358 0.000566038
3.75472 0.000660377 -0.000283019 0.000188679
3.15094 0.000471698 0.000566038 0.000566038
3.11321 0.000471698 0.000660377 0.000566038
3.11321 0.000943396 0.000943396 0.000943396
2.66038 0.000754717 0.00301887 0.00188679
2.64151 0.000754717 0.000849057 0.000754717
1.96226 0.000754717 0.00415094 0.00245283
1.92453 0.000849057 0.00103774 0.000943396
2.13208 0.00103774 0 0.000566038
2.22642 0.000754717 0.000283019 0.000471698
2.15094 0.000188679 0.000566038 0.000377358
0.735849 -0.000283019 0.00679245 0.00330189
5.31481 0.00111111 0.00037037 0.000740741
5.16667 -0.000185185 0.000555556 0.000185185
5.2037 0.000277778 9.25926e-05 0.000185185
4.88889 0.00037037 0.00194444 0.00111111
4.81481 0.000555556 0.000925926 0.000740741
4.66667 0.000185185 0.000925926 0.000555556
4.57407 0.000462963 0.000925926 0.000740741
4.55556 0.000555556 0.000648148 0.000555556
4.59259 0.000833333 0.000648148 0.000740741
4.66667 0.00111111 0.000740741 0.000925926
3.59259 0.00101852 0.00638889 0.0037037
3.72222 0.00138889 0.000740741 0.00111111
3.90741 0.00166667 0.000740741 0.0012037
3.85185 0.00175926 0.00203704 0.00185185
2.90741 0.00185185 0.00657407 0.00425926
2.7963 0.00194444 0.0025 0.00222222
2.35185 0.00212963 0.00435185 0.00324074
2.44444 0.00240741 0.00194444 0.00212963
2.64815 0.0025 0.00148148 0.00203704
1.64815 0.0025 0.0075 0.005
1.2963 0.000740741 0.0025 0.00157407
3.2963 0.00222222 0.000740741 0.00148148
3.05556 0.000925926 0.00212963 0.00157407
2.98148 0.00111111 0.00148148 0.0012963
3 0.0012963 0.0012037 0.0012037
2.92593 0.000555556 0.000925926 0.000740741
3.22222 0.00194444 0.000462963 0.0012037
3.2963 0.000833333 0.000462963 0.000648148
3.59259 0.00212963 0.000648148 0.00138889
3.44444 -0.000185185 0.000555556 0.000185185
3.66667 0.00148148 0.00037037 0.000925926
3.64815 0.000555556 0.000648148 0.000648148
3.61111 0.00111111 0.0012963 0.0012037
3.68519 0.000740741 0.00037037 0.000555556
3.83333 0.00111111 0.00037037 0.000740741
3.75926 0.000185185 0.000555556 0.00037037
3.75926 0.000277778 0.000277778 0.000277778
3.92593 0.000833333 0 0.00037037
4.05556 0.000648148 0 0.00037037
4 0.000555556 0.000833333 0.000648148
3.98148 0.000462963 0.000555556 0.000555556
3.59259 0.000277778 0.00222222 0.0012037
3.62963 0.000648148 0.000462963 0.000555556
2.94444 0.000833333 0.00425926 0.00259259
2.98148 0.00111111 0.000925926 0.00101852
2.62963 0.00101852 0.00277778 0.00185185
2.48148 0.0012037 0.00194444 0.00157407
2.55556 0.00148148 0.00111111 0.0012963
2.64815 0.00166667 0.0012037 0.00148148
2.18519 0.00175926 0.00407407 0.00287037
2.33333 0.00175926 0.00101852 0.00138889
2.40741 0.00166667 0.0012963 0.00148148
2.2963 0.0012037 0.00175926 0.00148148
2.01852 0.000555556 0.00194444 0.0012963
1.92593 0.000925926 0.00138889 0.00111111
1.55556 0.000555556 0.00240741 0.00148148
0.981481 0 0.00287037 0.00148148
0.111111 0 0.00435185 0.00212963
3.64815 0.00101852 0.0012037 0.00111111
3.64815 0.00148148 0.00148148 0.00148148
3.57407 0.000648148 0.00101852 0.000833333
3.64815 0.0012037 0.000833333 0.00101852
3.77778 0.00166667 0.00101852 0.0012963
3.92593 0.00166667 0.000925926 0.0012963
4.01852 0.000833333 0.00037037 0.000648148
4.22222 0.0012963 0.000277778 0.000740741
4.01852 0.00101852 0.00203704 0.00157407
3.77778 0.00101852 0.00222222 0.00157407
3.83333 0.00185185 0.00157407 0.00175926
4.12963 0.00175926 0.000277778 0.00101852
4.2963 0.00101852 0.000185185 0.000555556
4.62963 0.00212963 0.000462963 0.0012963
4.62963 0.000277778 0.000277778 0.000277778
4.37037 0.000555556 0.00185185 0.0012037
4.33333 0.000277778 0.000462963 0.00037037
4.09259 9.25926e-05 0.0012963 0.000740741
3.96296 0.000185185 0.000833333 0.000462963
3.90741 0.00037037 0.000648148 0.000555556
3.81481 0.000740741 0.0012037 0.000925926
3.72222 0.000740741 0.0012037 0.00101852
3.55556 0.000833333 0.00166667 0.0012037
3.68519 0.000925926 0.000277778 0.000648148
3.88889 0.0012963 0.000277778 0.000740741
3.77778 0.00138889 0.00194444 0.00166667
3.24074 0.00138889 0.00407407 0.00277778
2.22222 0.00138889 0.00648148 0.00388889
2.24074 0.00138889 0.0012963 0.00138889
1.81481 0.00148148 0.00361111 0.0025
1.57407 0.00111111 0.00231481 0.00175926
1.46296 0.00037037 0.000925926 0.000648148
1.44444 0.000833333 0.000925926 0.000833333
3.75926 0.00138889 -0.0167593 -0.00768519
3.88889 0.00175926 0.00111111 0.00138889
4.03704 0.00305556 0.00231481 0.00268519
4 0.000555556 0.000740741 0.000648148
4.01852 0.000462963 0.00037037 0.000462963
4.31481 0.00148148 0 0.000740741
4.48148 0.000648148 -0.000185185 0.000185185
3.94444 0.00101852 0.0037037 0.00240741
4.03704 0.000462963 0 0.000185185
4.35185 0.00175926 0.000185185 0.00101852
4.48148 0.000740741 9.25926e-05 0.00037037
4.90741 0.00194444 -0.000185185 0.000925926
4.40741 0.00166667 0.00416667 0.00287037
3.98148 -0.00037037 0.00175926 0.000740741
3.92593 0.000277778 0.000555556 0.00037037
3.88889 0.000740741 0.000925926 0.000833333
3.94444 0.000833333 0.000555556 0.000740741
3.90741 9.25926e-05 0.000277778 0.000185185
3.96296 0.000462963 0.000185185 0.000277778
4.07407 0.000648148 9.25926e-05 0.00037037
3.83333 0.000740741 0.00194444 0.00138889
3.7963 0.000925926 0.00111111 0.00101852
3.83333 0.00111111 0.000925926 0.00101852
3.92593 0.0012037 0.000740741 0.000925926
3.75926 0.00148148 0.00231481 0.00194444
3.90741 0.00138889 0.000648148 0.00101852
2.53704 0.00138889 0.00824074 0.00481481
1.98148 0.0012037 0.00398148 0.00259259
2.07407 0.00157407 0.00111111 0.0012963
1.25926 0.00148148 0.00555556 0.00351852
1.25926 0.0012963 0.0012963 0.0012963
1.27778 0.000925926 0.000833333 0.000925926
0.537037 0.000833333 0.00453704 0.00268519
0.425926 0.000648148 0.0012037 0.000925926
3.61111 0.00166667 0.000833333 0.0012963
3.44444 -9.25926e-05 0.000740741 0.000277778
3.61111 0.00138889 0.000555556 0.00101852
3.7963 0.0012037 0.000277778 0.000740741
3.74074 0.000277778 0.000555556 0.00037037
4.16667 0.00240741 0.000277778 0.00138889
4.11111 -9.25926e-05 0.000185185 0
4.16667 0.000277778 0 0.000185185
4.44444 0.00185185 0.000462963 0.00111111
4.31481 9.25926e-05 0.000740741 0.000462963
4.44444 0.000925926 0.000277778 0.000555556
4.35185 0.00101852 0.00148148 0.0012963
4.2037 9.25926e-05 0.000833333 0.000462963
4.22222 0.000462963 0.00037037 0.00037037
4.27778 0.000555556 0.000277778 0.000462963
4.11111 -0.000277778 0.000555556 9.25926e-05
4.07407 9.25926e-05 0.000277778 0.000185185
4.16667 0.000833333 0.00037037 0.000648148
4.14815 0.000462963 0.000555556 0.000462963
4.18519 0.000648148 0.000462963 0.000555556
4.2037 0.000740741 0.000648148 0.000740741
4 0.000648148 0.00166667 0.00111111
4.03704 0.00101852 0.000833333 0.000925926
4.05556 0.0012037 0.00111111 0.0012037
4.01852 0.0012037 0.00138889 0.0012963
4.09259 0.0012963 0.000925926 0.00111111
4.24074 0.0012963 0.000555556 0.000925926
3 0.0012037 0.00740741 0.00425926
2.87037 0.00101852 0.00166667 0.00138889
2.87037 0.000925926 0.000925926 0.000925926
2.44444 0.00101852 0.00314815 0.00203704
2.44444 0.0012963 0.0012963 0.0012963
2.44444 0.000925926 0.000925926 0.000925926
2.14815 -9.25926e-05 0.00138889 0.000648148
2.05556 0.000648148 0.00111111 0.000925926
2.03704 0.000833333 0.000925926 0.000833333
1.44444 0.000648148 0.00361111 0.00212963
1.44444 0.000648148 0.000648148 0.000648148
0.740741 0.00101852 0.00453704 0.00277778
0.648148 0.000648148 0.00111111 0.000925926
3.2963 0.000648148 0 0.000277778
2.83333 0.00037037 0.00268519 0.00157407
2.81481 0.000833333 0.000925926 0.000833333
2.92593 0.000833333 0.000277778 0.000555556
2.94444 0.00101852 0.000925926 0.00101852
3 0.000277778 0 9.25926e-05
2.44444 0.00101852 0.0037963 0.00240741
2.61111 0.0012037 0.00037037 0.000833333
2.85185 0.00175926 0.000555556 0.00111111
2.88889 0.000555556 0.00037037 0.000462963
3.01852 0.000833333 0.000185185 0.000555556
2.94444 0.000833333 0.0012037 0.00101852
2.77778 0.00111111 0.00194444 0.00148148
2.88889 0.000925926 0.00037037 0.000648148
2.96296 0.00111111 0.000740741 0.000925926
3.03704 0.000740741 0.00037037 0.000555556
3.07407 0.000185185 0 9.25926e-05
3.09259 -0.000185185 -0.000277778 -0.000185185
2.75926 -9.25926e-05 0.00157407 0.000740741
2.68519 0.000277778 0.000648148 0.000462963
2.7037 0.00037037 0.000277778 0.000277778
2.74074 0.00037037 0.000185185 0.000277778
2.62963 0.000277778 0.000833333 0.000555556
2.68519 0.000462963 0.000185185 0.00037037
2.85185 0.000740741 -9.25926e-05 0.000277778
2.44444 0.000833333 0.00287037 0.00185185
2.64815 0.000833333 -0.000185185 0.00037037
1.01852 0.00101852 0.00916667 0.00509259
1.14815 0.000925926 0.000277778 0.000555556
4.84444 -0.000666667 0.001 0.000111111
4.97778 0.00122222 0.000555556 0.000888889
5.48889 0.00288889 0.000333333 0.00166667
5.17778 -0.001 0.000555556 -0.000222222
5.17778 0.00133333 0.00133333 0.00133333
4.71111 0.000666667 0.003 0.00177778
4.55556 0.000333333 0.00111111 0.000777778
4.53333 0.000333333 0.000444444 0.000333333
4.64444 0.000888889 0.000333333 0.000666667
4.8 0.000666667 -0.000111111 0.000222222
4.02222 0.000666667 0.00455556 0.00266667
4.02222 0.000888889 0.000888889 0.000888889
4.17778 0.001 0.000222222 0.000555556
4.42222 0.00122222 0 0.000666667
4.22222 0.00133333 0.00233333 0.00177778
3.28889 0.00155556 0.00622222 0.00388889
3.35556 0.00133333 0.001 0.00122222
3.68889 0.00166667 0 0.000777778
2.77778 0.00144444 0.006 0.00377778
2.86667 0.00155556 0.00111111 0.00133333
2.75556 0.00122222 0.00177778 0.00144444
2.64444 0.000888889 0.00144444 0.00122222
2.11111 0.000777778 0.00344444 0.00211111
2.04444 0.000666667 0.001 0.000777778
2.02222 0.000666667 0.000777778 0.000777778
5.02222 0.00266667 -0.0212222 -0.00933333
4.86667 -0.000222222 0.000555556 0.000222222
4.86667 0.000444444 0.000444444 0.000444444
4.93333 0.000666667 0.000333333 0.000444444
4.91111 -0.000222222 -0.000111111 -0.000111111
4.75556 -0.000333333 0.000444444 0
4.68889 -0.000333333 0 -0.000111111
4.04444 0.000666667 0.00388889 0.00222222
3.97778 0.000111111 0.000444444 0.000333333
4.04444 0.000333333 0 0.000111111
4.13333 0.000444444 0 0.000222222
4.33333 0.000555556 -0.000444444 0.000111111
4.51111 0.000444444 -0.000444444 0
4.77778 0.000888889 -0.000444444 0.000222222
4.06667 0.00111111 0.00466667 0.00288889
3.8 0.00122222 0.00255556 0.00188889
3.64444 0.00144444 0.00222222 0.00177778
3.88889 0.00144444 0.000222222 0.000888889
4.26667 0.00155556 -0.000333333 0.000555556
1.55556 0.000888889 0.0144444 0.00766667
1.48889 0.000222222 0.000555556 0.000444444
1.62222 0.000888889 0.000222222 0.000555556
1.28889 -0.000111111 0.00155556 0.000666667
0.155556 -0.000777778 0.00488889 0.00211111
3.48889 -0.000222222 0.000444444 0.000111111
3.53333 0.000333333 0.000111111 0.000222222
3.6 0.000555556 0.000222222 0.000333333
2.68889 0.000555556 0.00511111 0.00288889
2.73333 0.000666667 0.000444444 0.000555556
2.57778 0.000777778 0.00155556 0.00111111
2.66667 0.001 0.000555556 0.000777778
2.2 0.000444444 0.00277778 0.00166667
2.33333 0.001 0.000333333 0.000666667
2.35556 0.000444444 0.000333333 0.000333333
2.37778 0.000444444 0.000333333 0.000444444
2.53333 0.000444444 -0.000333333 0
2.08889 0.000111111 0.00233333 0.00122222
2 -0.000222222 0.000222222 0
1.93333 -0.000555556 -0.001 -0.000777778
1.02222 -0.000444444 0.00411111 0.00177778
0.911111 -0.000444444 0.000111111 -0.000111111
1.02222 -0.000222222 -0.000777778 -0.000555556
0.488889 -0.000444444 0.00222222 0.000888889
0.533333 0 -0.000222222 -0.000111111
3.61538 0.000192308 0.000384615 0.000288462
3.5 0.000576923 0.00115385 0.000865385
3.48077 0.000288462 0.000384615 0.000384615
3.28846 0.000480769 0.00144231 0.000961538
3.01923 0.000576923 0.00192308 0.00125
2.11538 0.000769231 0.00528846 0.00298077
2.03846 0.000961538 0.00134615 0.00115385
2.11538 0.00105769 0.000673077 0.000865385
2.13462 0.00105769 0.000961538 0.00105769
2.25 0.00105769 0.000480769 0.000769231
2.32692 0.00115385 0.000769231 0.000961538
1.69231 0.00125 0.00442308 0.00278846
1.84615 0.00105769 0.000288462 0.000673077
0.942308 0.000673077 0.00519231 0.00298077
0.25 0.000480769 0.00394231 0.00221154
0.269231 -0.000769231 -0.00115385 -0.000961538
4.15385 9.61538e-05 -0.0193269 -0.00961538
3.96154 0.00201923 0.00298077 0.0025
3.82692 -0.000576923 9.61538e-05 -0.000192308
3.48077 0.000865385 0.00259615 0.00173077
3.69231 0.00134615 0.000288462 0.000769231
3.82692 0.000769231 9.61538e-05 0.000480769
3.84615 0.000288462 0.000192308 0.000192308
3.30769 0.000192308 0.00288462 0.00153846
3.15385 0.000288462 0.00105769 0.000673077
3.17308 0.000288462 0.000192308 0.000288462
3.19231 0.000288462 0.000192308 0.000192308
2.82692 0.000192308 0.00201923 0.00115385
2.80769 0.000288462 0.000384615 0.000288462
2.75 0.000576923 0.000865385 0.000769231
2.69231 0.000769231 0.00105769 0.000865385
2.78846 0.000673077 0.000192308 0.000480769
2.86538 0.000865385 0.000480769 0.000673077
3.01923 0.00115385 0.000384615 0.000769231
0.346154 0.000961538 0.0143269 0.00759615
2.59615 0.000480769 0.000384615 0.000480769
2.61538 9.61538e-05 0 0
2.59615 0.000576923 0.000673077 0.000673077
2.73077 0.000576923 -9.61538e-05 0.000192308
2.80769 0.000384615 0 0.000192308
2.05769 0 0.00375 0.00192308
2 0.000673077 0.000961538 0.000769231
1.51923 -0.000576923 0.00182692 0.000673077
1.44231 -0.000480769 -9.61538e-05 -0.000288462
1.46154 -0.000480769 -0.000576923 -0.000576923
1.15385 -0.000673077 0.000865385 9.61538e-05
3.61538 0.000865385 0.00211538 0.00144231
3.63462 0.00105769 0.000961538 0.00105769
3.63462 0.000961538 0.000961538 0.000961538
3.73077 0.00125 0.000769231 0.000961538
3.63462 0.00144231 0.00192308 0.00173077
3.78846 0.00163462 0.000865385 0.00125
2.34615 0.00173077 0.00894231 0.00528846
2.34615 0.00192308 0.00192308 0.00192308
1.88462 0.00192308 0.00423077 0.00307692
1.96154 0.00192308 0.00153846 0.00173077
1.80769 0.00192308 0.00269231 0.00230769
1.07692 0.00182692 0.00548077 0.00365385
0.903846 0.00182692 0.00269231 0.00230769
0.865385 0.00192308 0.00211538 0.00201923
0.826923 0.00173077 0.00192308 0.00182692
0.788462 0.00125 0.00144231 0.00134615
2.42308 0.000769231 0.00173077 0.00125
2.36538 0.000576923 0.000865385 0.000769231
2.57692 0.000961538 -9.61538e-05 0.000384615
2.90385 0.00115385 -0.000480769 0.000384615
2.21154 0.000673077 0.00413462 0.00240385
2.34615 0.00125 0.000576923 0.000865385
2.20755 0.000377358 0.000471698 0.000471698
2.37736 0.00113208 0.000283019 0.000660377
2.54717 0.00103774 0.000188679 0.000660377
2.73585 0.00103774 9.43396e-05 0.000566038
2.79245 0.000566038 0.000283019 0.000377358
2.77358 0.000471698 0.000566038 0.000566038
2.43396 0.000188679 0.00188679 0.00103774
2.49057 0.000754717 0.000471698 0.000566038
2.60377 0.00103774 0.000471698 0.000754717
2.50943 0.000943396 0.00141509 0.00122642
2.50943 0.000283019 0.000283019 0.000283019
2.56604 0.000660377 0.000377358 0.000471698
2.4717 9.43396e-05 0.000566038 0.000377358
2.5283 9.43396e-05 -0.000188679 -9.43396e-05
1.79245 0.000188679 0.00386792 0.00207547
1.79245 0 0 0
1.77358 9.43396e-05 0.000188679 9.43396e-05
1.49057 0.000188679 0.00160377 0.000943396
1.60377 0.000377358 -0.000188679 9.43396e-05
1.67925 9.43396e-05 -0.000283019 -9.43396e-05
1.73585 -9.43396e-05 -0.000377358 -0.000283019
1.69811 -0.000754717 -0.000566038 -0.000660377
2.9434 0.00141509 0.00226415 0.00179245
2.50943 0.00103774 0.00320755 0.00216981
2.56604 0.00103774 0.000754717 0.000849057
2.16981 0.00150943 0.00349057 0.00254717
2.39623 0.00169811 0.000566038 0.00113208
2.67925 0.00169811 0.000283019 0.000943396
1.50943 0.00207547 0.00792453 0.005
5.4717 0.00132075 0.000377358 0.000849057
5.50943 0.000188679 0 9.43396e-05
5.45283 -9.43396e-05 0.000188679 9.43396e-05
5.62264 0.000471698 -0.000377358 0
5.77358 0.000283019 -0.000471698 -9.43396e-05
2.03774 0.000471698 0.0191509 0.00981132
2.03774 0.000377358 0.000377358 0.000377358
2.0566 0.000283019 0.000188679 0.000283019
2.09434 0.000377358 0.000188679 0.000283019
5.0566 0.000471698 -0.0143396 -0.00698113
5.24528 0.000471698 -0.000471698 0
5.45283 0 -0.00103774 -0.000471698
4.56604 -0.000188679 0.00424528 0.00198113
4.50943 0 0.000283019 0.000188679
4.60377 -0.000188679 -0.000660377 -0.000471698
2.9434 -0.000188679 -0.000188679 -0.000188679
2.26415 -0.000283019 0.00311321 0.00141509
2.32075 9.43396e-05 -0.000188679 0
6.45283 0 -0.0206604 -0.0103774
6.16981 9.43396e-05 0.00150943 0.000849057
1.69811 0.000283019 0.0226415 0.0114151
1.83019 0.000566038 -9.43396e-05 0.000283019
2 0.000283019 -0.000566038 -0.000188679
6.03774 9.43396e-05 -0.0200943 -0.01
5.33962 0 0.00349057 0.00179245
5.24528 -0.000188679 0.000283019 0
0.301887 -0.000283019 0.000377358 0
4.90566 0.0261321 0.00311321 0.0146226
4.64151 -0.000849057 0.000471698 -0.000188679
4.5283 -0.000283019 0.000283019 0
4.37736 0 0.000754717 0.000377358
4.39623 0.000566038 0.000471698 0.000566038
4.26415 -9.43396e-05 0.000566038 0.000188679
4.26415 0.000377358 0.000377358 0.000377358
4.16981 0.000188679 0.000660377 0.000471698
3.79245 0.000471698 0.00235849 0.00141509
3.71698 0.000471698 0.000849057 0.000660377
3.66038 0.000566038 0.000849057 0.000660377
3.64151 0.000566038 0.000660377 0.000660377
3.50909 0.000727273 0.000727273 0.000727273
3.58182 0.000909091 0.000545455 0.000727273
3.56364 0.000909091 0.001 0.000909091
3.50909 0.001 0.00127273 0.00118182
3.49091 0.000818182 0.000909091 0.000818182
3.25455 0.000727273 0.00190909 0.00136364
2.76364 0.00109091 0.00354545 0.00227273
2.67273 0.000818182 0.00127273 0.00109091
2.63636 0.000818182 0.001 0.000909091
2.38182 0.00118182 0.00245455 0.00181818
2.45455 0.00127273 0.000909091 0.00109091
2.56364 0.00127273 0.000727273 0.001
0.618182 0.00136364 0.0110909 0.00618182
2.52727 0.00163636 0.002 0.00181818
2.50909 0.000636364 0.000727273 0.000636364
2.72727 0.00172727 0.000636364 0.00118182
3.07273 0.00218182 0.000454545 0.00136364
3.18182 0.00154545 0.001 0.00127273
4.07273 0.00481818 0.000363636 0.00254545
3.87273 -0.000909091 9.09091e-05 -0.000363636
3.76364 0.000818182 0.00136364 0.00109091
3.29091 -9.09091e-05 0.00227273 0.00109091
3.27273 0 9.09091e-05 0
3.45455 0.000727273 -0.000181818 0.000272727
3.49091 0 -0.000181818 -9.09091e-05
3.16364 0 0.00163636 0.000818182
2.92727 0.000545455 0.00172727 0.00118182
2.83636 9.09091e-05 0.000545455 0.000272727
2.87273 0.000272727 9.09091e-05 0.000181818
2.89091 0.000545455 0.000454545 0.000545455
3.03636 0.000545455 -0.000181818 0.000181818
3.10909 0.000636364 0.000272727 0.000454545
3.10909 0.000727273 0.000727273 0.000727273
3.18182 0.000272727 -9.09091e-05 9.09091e-05
2.32727 0.000181818 0.00445455 0.00227273
2.50909 0.000818182 -9.09091e-05 0.000363636
0.254545 0.000818182 0.0120909 0.00645455
0.163636 0.00309091 0.00372727 0.00345455
0.345455 0.00163636 0.000727273 0.00118182
5.67273 -0.000272727 -0.0269091 -0.0136364
5.76364 0.000545455 9.09091e-05 0.000363636
5.96364 0.000909091 -9.09091e-05 0.000363636
5.98182 0 -9.09091e-05 0
6.10909 0.000636364 0 0.000272727
6.23636 0.000545455 -9.09091e-05 0.000272727
5.2 -0.000272727 0.00490909 0.00227273
6.52727 0.000181818 -0.00645455 -0.00309091
4.54545 0.000181818 0.0100909 0.00509091
4.43636 0.000363636 0.000909091 0.000636364
4.56364 0.000545455 -9.09091e-05 0.000272727
4.76364 0.000727273 -0.000272727 0.000181818
4.63636 0.000909091 0.00154545 0.00127273
2.56364 0.001 0.0113636 0.00618182
2.8 0.00109091 -9.09091e-05 0.000454545
1.89091 0.00127273 0.00581818 0.00354545
1.96364 0.00145455 0.00109091 0.00127273
0.672727 0.00136364 0.00781818 0.00463636
0.163636 -0.000363636 0.00218182 0.000909091
4.07273 0.000454545 -0.0192727 -0.00945455
4.49091 0.00263636 0.000545455 0.00163636
4.4 0.000181818 0.000636364 0.000363636
4.32727 -0.000545455 -0.000181818 -0.000363636
4.47273 -9.09091e-05 -0.000818182 -0.000454545
4.30909 0.000363636 0.00118182 0.000818182
4.50909 0.000727273 -0.000272727 0.000181818
4.10909 0.000181818 0.00218182 0.00118182
4.07273 0.000363636 0.000545455 0.000454545
3.27273 0.000454545 0.00445455 0.00245455
3.25455 0.000727273 0.000818182 0.000818182
3.29091 0.000909091 0.000727273 0.000818182
3.34545 0.00109091 0.000818182 0.000909091
3.43636 0.00127273 0.000818182 0.00109091
3.45455 0.00136364 0.00127273 0.00127273
3.34545 0.00118182 0.00172727 0.00145455
3.38182 0.00118182 0.001 0.00109091
3.36364 0.00127273 0.00136364 0.00136364
3.25455 0.00127273 0.00181818 0.00154545
2.69091 0.00127273 0.00409091 0.00263636
2.25455 0.00163636 0.00381818 0.00272727
0.690909 0.00145455 0.00927273 0.00536364
0.509091 0.00127273 0.00218182 0.00172727
0.236364 0.000454545 0.00181818 0.00118182
3.88235 0.000294118 0.00176471 0.000980392
3.7451 -9.80392e-05 0.000588235 0.000294118
3.76471 9.80392e-05 0 0
3.92157 0.000490196 -0.000294118 9.80392e-05
3.52941 9.80392e-05 0.00205882 0.00107843
3.68627 0.00156863 0.000784314 0.00117647
3.5098 0 0.000882353 0.000490196
3.41176 0.000196078 0.000686275 0.000392157
3.5098 0.000490196 0 0.000294118
3.13725 0.000490196 0.00235294 0.00137255
3.13725 0.000490196 0.000490196 0.000490196
3.15686 0.000784314 0.000686275 0.000784314
3.23529 0.000490196 9.80392e-05 0.000294118
3.47059 0.000784314 -0.000392157 0.000196078
3.68627 0.000686275 -0.000392157 9.80392e-05
3.98039 0.000294118 -0.00117647 -0.000392157
4.39216 0.000392157 0.000588235 0.000490196
4.17647 0.000196078 0.00127451 0.000784314
4.15686 9.80392e-05 0.000196078 9.80392e-05
4.05882 0.000294118 0.000784314 0.000588235
3.94118 0.000294118 0.000882353 0.000588235
3.72549 0.000196078 0.00127451 0.000686275
3.84314 0.0022549 0.00166667 0.00196078
3.88235 9.80392e-05 -9.80392e-05 0
3.86275 0.000392157 0.000490196 0.000490196
3.90196 0.000784314 0.000588235 0.000686275
3.4902 0.000686275 0.0027451 0.00166667
3.68627 0.000980392 0 0.000490196
3.88235 0.000980392 0 0.000490196
3.5098 0.000882353 0.0027451 0.00186275
3.21569 0.000686275 0.00215686 0.00137255
2.66667 0.000490196 0.00323529 0.00186275
2.54902 0 0.000588235 0.000294118
2.54902 0 0 0
2.43137 0.000294118 0.000882353 0.000588235
2.17647 9.80392e-05 0.00137255 0.000784314
1.39216 0.000196078 0.00411765 0.00215686
1.27451 -0.000196078 0.000392157 9.80392e-05
1.13725 -0.000392157 0.000294118 -9.80392e-05
1.03922 -0.000686275 -0.000196078 -0.000392157
4.66667 -0.000277778 0 -0.000185185
4.37037 9.25926e-05 0.00157407 0.000833333
4.31481 0.000277778 0.000555556 0.000462963
4.11111 9.25926e-05 0.00111111 0.000555556
4.01852 0.000462963 0.000925926 0.000740741
4.11111 0.000462963 0 0.000185185
4.24074 0.000648148 0 0.00037037
3.46296 0.000740741 0.00462963 0.00268519
3.48148 0.000925926 0.000833333 0.000833333
3.55556 0.00101852 0.000648148 0.000833333
3.31481 0.00111111 0.00231481 0.00175926
3.24074 0.0012037 0.00157407 0.00138889
3.18519 0.0012963 0.00157407 0.00138889
2.88889 0.00148148 0.00296296 0.00222222
2 0.00148148 0.00592593 0.0037037
1.94444 0.00157407 0.00185185 0.00175926
2 0.00166667 0.00138889 0.00148148
2.05556 0.00175926 0.00148148 0.00166667
2.12963 0.00185185 0.00148148 0.00166667
2.24074 0.00175926 0.0012037 0.00148148
1.53704 0.00148148 0.005 0.00324074
0.944444 0.00101852 0.00398148 0.0025
0.203704 0.000185185 0.00388889 0.00203704
4.72222 9.25926e-05 0.000648148 0.00037037
4.66667 0.000185185 0.000462963 0.000277778
4.7963 0.000277778 -0.00037037 0
4.57407 0.000462963 0.00157407 0.00101852
4.03704 0.000648148 0.00333333 0.00194444
4.18519 0.000740741 0 0.00037037
4.37037 0.000833333 -9.25926e-05 0.00037037
4.57407 0.000740741 -0.000277778 0.000277778
4.37037 0.000740741 0.00175926 0.0012037
1.40741 0.000925926 0.0157407 0.00833333
0.925926 0.00101852 0.00342593 0.00222222
5.40741 -0.000648148 0.000185185 -0.000277778
5.44444 9.25926e-05 -9.25926e-05 0
4.90741 0.000462963 0.00314815 0.00185185
5.2037 0.00185185 0.00037037 0.00111111
5.05556 -0.000648148 9.25926e-05 -0.000277778
4.90741 0.000185185 0.000925926 0.000555556
5.09259 0.00148148 0.000555556 0.00101852
5.27778 0.00101852 9.25926e-05 0.000555556
4.94444 -0.000185185 0.00148148 0.000648148
4.74074 -9.25926e-05 0.000925926 0.00037037
4.59259 0.000462963 0.0012037 0.000833333
4.42593 9.25926e-05 0.000925926 0.000555556
4.40741 0.000185185 0.000277778 0.000185185
4.37037 0.00037037 0.000555556 0.000462963
4.22222 0.000740741 0.00148148 0.00111111
4.2037 0.000462963 0.000555556 0.000555556
4.27778 0.000740741 0.00037037 0.000555556
4.25926 0.000925926 0.00101852 0.000925926
3.88889 0.00101852 0.00287037 0.00194444
3.40741 0.00111111 0.00351852 0.00231481
3.48148 0.00138889 0.00101852 0.0012037
3.51852 0.00148148 0.0012963 0.00138889
3.53704 0.00148148 0.00138889 0.00148148
3.42593 0.0012037 0.00175926 0.00148148
3.22222 0.000740741 0.00175926 0.0012037
3.25926 0.00157407 0.00138889 0.00148148
3.18519 0.00166667 0.00203704 0.00185185
3.2963 0.00148148 0.000925926 0.0012037
3.42593 0.00138889 0.000740741 0.00111111
2.92593 0.00138889 0.00388889 0.00259259
2.7037 -9.25926e-05 0.00101852 0.000462963
2.42593 -0.000740741 0.000648148 0
2.37037 0.000462963 0.000740741 0.000555556
2.46296 0.000740741 0.000277778 0.000555556
2.68519 0.0012963 0.000185185 0.000740741
1.46296 -0.000277778 0.00583333 0.00277778
1.35185 -0.00037037 0.000185185 -9.25926e-05
1.07407 0 0.00138889 0.000648148
0.740741 -0.000833333 0.000833333 0
0.648148 -0.000925926 -0.000462963 -0.000648148
4.56098 0.000731707 0.00121951 0.00097561
4.58537 0.000365854 0.000243902 0.000243902
4.17073 0.000609756 0.00268293 0.00170732
4.2439 0.00097561 0.000609756 0.000731707
4.41463 0.00097561 0.000121951 0.000609756
4.80488 0.00146341 -0.000487805 0.000487805
3.78049 0.00146341 0.00658537 0.00402439
3.73171 0.00170732 0.00195122 0.00182927
3.78049 0.00158537 0.00134146 0.00146341
3.95122 0.00146341 0.000609756 0.00097561
3.04878 0.00170732 0.00621951 0.00402439
2.85366 0.00170732 0.00268293 0.00219512
3.12195 0.00207317 0.000731707 0.00134146
2.95122 0.000609756 0.00146341 0.00109756
2.95122 0.000853659 0.000853659 0.000853659
4.7561 0.000365854 0.00329268 0.00182927
4.82927 0.000731707 0.000365854 0.000487805
4.97561 0.00097561 0.000243902 0.000609756
5.19512 0.00109756 0 0.000609756
5.43902 0.00121951 0 0.000609756
5.82927 0.00158537 -0.000365854 0.000609756
6.21951 0.00134146 -0.000609756 0.000365854
4.4878 0.00146341 0.010122 0.00573171
3.04878 0.00146341 0.00865854 0.00512195
3.2439 0.00158537 0.000609756 0.00109756
3.4878 0.00146341 0.000243902 0.000853659
3.21951 0.00146341 0.00280488 0.00207317
3 0.000365854 0.00146341 0.00097561
2.78049 -0.000609756 0.000487805 -0.000121951
2.65854 0.000243902 0.000853659 0.000609756
6.29268 -0.00097561 0.000731707 -0.000121951
5.90244 -0.000609756 0.00134146 0.000365854
5.82927 0 0.000365854 0.000243902
5.80488 0.00109756 0.00121951 0.00109756
5.68293 0.000487805 0.00109756 0.000853659
5.63415 -0.000121951 0.000121951 0
5.65854 0.000365854 0.000243902 0.000243902
5.80488 0.000731707 0 0.000365854
6.02439 0.000731707 -0.000365854 0.000243902
5.90244 0.000731707 0.00134146 0.00097561
6.12195 0.00097561 -0.000121951 0.000487805
6.65854 0.00158537 -0.00109756 0.000243902
2.86792 0.00132075 0.00820755 0.00471698
2.96226 0.00122642 0.000754717 0.00103774
3.18868 0.00132075 0.000188679 0.000754717
3.45283 0.00132075 0 0.000660377
3.13208 0.000943396 0.00254717 0.00169811
1.22642 0.000849057 0.0103774 0.00566038
0.226415 0.000849057 0.00584906 0.00330189
5.13208 9.43396e-05 0.000283019 0.000188679
5.24528 0.000566038 0 0.000283019
5.15094 0.000471698 0.000943396 0.000754717
5.24528 0.000566038 9.43396e-05 0.000283019
5.39623 0.000660377 -9.43396e-05 0.000283019
5.64151 0.000754717 -0.000471698 0.000188679
5.84906 0.000943396 -9.43396e-05 0.000377358
3.35849 0.00103774 0.0134906 0.00726415
2.20755 0.00113208 0.00688679 0.0040566
2.0566 0.00150943 0.00226415 0.00188679
2.01887 0.00150943 0.00169811 0.00160377
2.13208 0.00150943 0.000943396 0.00122642
1.79245 0.00169811 0.00339623 0.00254717
0.660377 0.00179245 0.00745283 0.00462264
0.603774 0.00150943 0.00179245 0.00160377
0.509434 0.00103774 0.00150943 0.00132075
0.207547 0.000471698 0.00198113 0.00122642
4.30189 0.000188679 0.000283019 0.000188679
4.32075 0.000283019 0.000188679 0.000283019
4.39623 0.000377358 0 0.000188679
4.33962 0.00103774 0.00132075 0.00113208
4.32075 0.000471698 0.000566038 0.000566038
4.20755 0 0.000566038 0.000283019
4.13208 0.000283019 0.000660377 0.000471698
4.09434 0.000660377 0.000849057 0.000754717
3.22642 0.000566038 0.00490566 0.00273585
3.20755 0.000849057 0.000943396 0.000849057
3.22642 0.000943396 0.000849057 0.000943396
3.22642 0.00113208 0.00113208 0.00113208
3.16981 0.00141509 0.00169811 0.00150943
3.20755 0.00141509 0.00122642 0.00132075
3.22642 0.00141509 0.00132075 0.00141509
3.11321 0.00150943 0.00207547 0.00179245
3.18868 0.00150943 0.00113208 0.00132075
3.30189 0.00122642 0.000660377 0.000943396
1.22642 0.000566038 0.0109434 0.00575472
1.18868 0.000471698 0.000660377 0.000566038
3.32075 0.000754717 -0.00990566 -0.00462264
0.679245 -0.000188679 0.0130189 0.00641509
0.641509 0.000471698 0.000660377 0.000566038
0.54717 0 0.000471698 0.000283019
2.56604 0.000943396 0.000849057 0.000849057
2.54717 0.00113208 0.00122642 0.00122642
2.45283 0.00122642 0.00169811 0.00141509
2.43396 0.00113208 0.00122642 0.00122642
2.50943 0.00103774 0.000660377 0.000849057
2.60377 0.00207547 0.00160377 0.00179245
2.45283 0.00141509 0.00216981 0.00179245
2.58491 0.00150943 0.000849057 0.00122642
3.0566 0.00273585 0.000377358 0.00150943
3.92453 0.0231132 0.00462264 0.0138679
3.88679 -0.000188679 0 -9.43396e-05
4 9.43396e-05 -0.000471698 -0.000188679
3.22642 9.43396e-05 0.00396226 0.00207547
2.43396 0 0.00396226 0.00198113
2.50943 0.000660377 0.000283019 0.000471698
2.50943 9.43396e-05 9.43396e-05 9.43396e-05
2.37736 -9.43396e-05 0.000566038 0.000188679
1.84906 0.000188679 0.00283019 0.00150943
1.69811 0 0.000754717 0.000377358
1.69811 -9.43396e-05 -9.43396e-05 -9.43396e-05
1.69811 -0.000283019 -0.000283019 -0.000283019
1.66038 -0.000660377 -0.000471698 -0.000566038
1.64151 -0.000566038 -0.000471698 -0.000471698
1.69811 -0.000660377 -0.000943396 -0.000849057
1.03774 -0.000754717 0.00254717 0.000943396
4.46296 0.000462963 0.000648148 0.000555556
4.38889 9.25926e-05 0.000462963 0.000277778
4.35185 0.000185185 0.00037037 0.000277778
4.38889 0.000277778 9.25926e-05 0.000185185
4.44444 0.00037037 9.25926e-05 0.000185185
4.59259 0.000555556 -0.000185185 0.000185185
4.42593 0.000740741 0.00157407 0.0012037
3.64815 0.000555556 0.00444444 0.0025
3.59259 0.000740741 0.00101852 0.000833333
3.66667 0.000833333 0.000462963 0.000648148
3.7963 0.00111111 0.000462963 0.000833333
3.51852 0.00138889 0.00277778 0.00203704
3.48148 0.00148148 0.00166667 0.00157407
3.48148 0.00157407 0.00157407 0.00157407
3.46296 0.00166667 0.00175926 0.00175926
3.57407 0.00185185 0.0012963 0.00157407
3.38889 0.00194444 0.00287037 0.00240741
3.14815 0.00175926 0.00296296 0.00231481
2.87037 0 0.00138889 0.000740741
2.92593 0.00194444 0.00166667 0.00175926
1.11111 0.00175926 0.0108333 0.0062963
1.14815 0.00166667 0.00148148 0.00157407
0.685185 0.00148148 0.0037963 0.00268519
0.740741 0.00148148 0.0012037 0.0012963
0.444444 -0.000648148 0.000833333 9.25926e-05
0.314815 0.000277778 0.000925926 0.000648148
4.01852 -0.000555556 -0.0184259 -0.00944444
4 0.00101852 0.00111111 0.00101852
4.27778 0.00175926 0.00037037 0.00111111
4.12963 -9.25926e-05 0.000648148 0.000277778
3.87037 0.000185185 0.00148148 0.000833333
3.77778 0.000833333 0.0012963 0.00101852
3.94444 0.000925926 9.25926e-05 0.000555556
3.92593 0.00166667 0.00175926 0.00166667
3.81481 9.25926e-05 0.000648148 0.00037037
3.7037 -9.25926e-05 0.000462963 0.000185185
3.62963 9.25926e-05 0.000462963 0.000277778
3.42593 -0.000185185 0.000833333 0.00037037
3.46296 0.00037037 0.000185185 0.000277778
3.59259 0.000833333 0.000185185 0.000462963
3.66667 0.000925926 0.000555556 0.000740741
3.74074 0.000740741 0.00037037 0.000555556
3.7037 0.000833333 0.00101852 0.000925926
2.96296 0.00101852 0.00472222 0.00287037
3.03704 0.0012037 0.000833333 0.00101852
2.24074 0.00148148 0.00546296 0.00351852
2.35185 0.00166667 0.00111111 0.00138889
2.48148 0.00166667 0.00101852 0.0012963
2.55556 0.00166667 0.0012963 0.00148148
1.72222 0.00166667 0.00583333 0.0037963
1.74074 0.00148148 0.00138889 0.00138889
1.74074 0.00111111 0.00111111 0.00111111
1.42593 0.00111111 0.00268519 0.00194444
1.24074 0.000925926 0.00185185 0.00138889
1.22222 0.000740741 0.000833333 0.000740741
0.425926 0.000648148 0.00462963 0.00268519
0.314815 0.000462963 0.00101852 0.000740741
3 0.00138889 0.000648148 0.00101852
3 0.000648148 0.000648148 0.000648148
3.16667 0.00101852 0.000185185 0.000648148
3.2037 0.00037037 0.000185185 0.000277778
3.33333 0.000833333 0.000185185 0.000462963
3.27778 9.25926e-05 0.00037037 0.000277778
3.16667 0.000277778 0.000833333 0.000555556
3.35185 0.00101852 9.25926e-05 0.000555556
3.2963 -0.000185185 9.25926e-05 -9.25926e-05
3.33333 0.000185185 0 9.25926e-05
3.46296 0.000555556 -9.25926e-05 0.000277778
3.37037 0.000648148 0.00111111 0.000833333
3.51852 0.000833333 9.25926e-05 0.000462963
3.77778 0.00101852 -0.000277778 0.00037037
2.57407 0.00101852 0.00703704 0.00407407
2.01852 0.000833333 0.00361111 0.00222222
2.03704 0.000740741 0.000648148 0.000648148
0.518519 9.25926e-05 0.00768519 0.00388889
1.85185 0.000833333 0.000833333 0.000833333
1.94444 0.000740741 0.000277778 0.000555556
1.77778 0.000833333 0.00166667 0.0012037
1.77778 0 0 0
1.51852 -0.00037037 0.000925926 0.000277778
1.55556 0.000185185 0 9.25926e-05
3.40741 -0.000648148 0.000185185 -0.000277778
3.5 -9.25926e-05 -0.000555556 -0.000277778
2.64815 0 0.00425926 0.00212963
2.75926 0.000277778 -0.000277778 0
2.81481 0.0012963 0.00101852 0.00111111
3.25926 0.00166667 -0.000555556 0.000555556
2.27778 0.000555556 0.00546296 0.00305556
3.37037 -0.000925926 -0.0115741 -0.0062963
3.2963 -0.000555556 -0.000185185 -0.00037037
3.25926 -0.000648148 -0.000462963 -0.000555556
2.64815 -0.000277778 0.00277778 0.0012963
2.66667 0.000277778 0.000185185 0.000185185
2.85185 0.000648148 -0.000277778 0.000185185
2.05556 0.000648148 0.00462963 0.00268519
2 9.25926e-05 0.00037037 0.000185185
1.96296 0.000555556 0.000740741 0.000648148
1.88889 0 0.00037037 0.000185185
2.05556 0.000462963 -0.00037037 9.25926e-05
0.962963 0.000740741 0.0062037 0.00342593
1 0.000555556 0.00037037 0.000462963
1.01852 9.25926e-05 0 9.25926e-05
0.388889 -0.00037037 0.00277778 0.0012037
0.0555556 -0.000740741 0.000925926 9.25926e-05
2.87037 0.000462963 -0.0125 -0.00601852
2.90741 -0.000185185 -0.00037037 -0.000277778
2.35185 0.000185185 0.00296296 0.00157407
2.46296 0.00037037 -0.000185185 9.25926e-05
2.66667 0.000555556 -0.000462963 0
1.61111 0.000555556 0.00583333 0.00324074
1.46296 0 0.000740741 0.00037037
1.31481 0 0.000740741 0.00037037
1.27778 0 0.000185185 9.25926e-05
1.27778 9.25926e-05 9.25926e-05 9.25926e-05
1.27778 9.25926e-05 9.25926e-05 9.25926e-05
1.35185 0.000277778 -9.25926e-05 9.25926e-05
1.03704 -9.25926e-05 0.00148148 0.000648148
1.03704 -0.00037037 -0.00037037 -0.00037037
0.962963 -0.000925926 -0.000555556 -0.000740741
3.33333 -0.000277778 0 -0.000185185
3.33333 0.000185185 0.000185185 0.000185185
2.77778 0.000185185 0.00296296 0.00157407
2.7963 0.000185185 9.25926e-05 0.000185185
2.77778 0.000185185 0.000277778 0.000185185
2.66667 0.00037037 0.000925926 0.000648148
2.64815 0.00037037 0.000462963 0.000462963
2.55556 0.000462963 0.000925926 0.000648148
2.64815 0.000555556 9.25926e-05 0.00037037
1.92593 0.000740741 0.00435185 0.0025
1.98148 0.000833333 0.000555556 0.000740741
2.14815 0.00101852 0.000185185 0.000555556
2.01852 0.000925926 0.00157407 0.0012963
2.14815 0.000925926 0.000277778 0.000555556
2.14815 0.000555556 0.000555556 0.000555556
5.58333 -0.00104167 -0.0241667 -0.0126042
5.20833 -0.0009375 0.0009375 0
4.91667 -0.000520833 0.0009375 0.000208333
4.64583 0.0003125 0.00166667 0.00104167
4.47917 0.0003125 0.00114583 0.000729167
4.375 0.000104167 0.000625 0.0003125
4.14583 0.000104167 0.00125 0.000729167
4.04167 0.0003125 0.000833333 0.000520833
3.97917 0.0003125 0.000625 0.000520833
3.9375 0.000625 0.000833333 0.000729167
4.0625 0.000833333 0.000208333 0.000520833
3.6875 0.00104167 0.00291667 0.00197917
3.91667 0.00125 0.000104167 0.000625
3.45833 0.00125 0.00354167 0.00239583
3.52083 0.00125 0.0009375 0.00114583
2.9375 0.00145833 0.004375 0.00291667
2.9375 0.00135417 0.00135417 0.00135417
2.85417 0.00135417 0.00177083 0.0015625
2.875 0.00125 0.00114583 0.00114583
2.75 0.0009375 0.0015625 0.00125
2.77083 0.0009375 0.000833333 0.0009375
2.85417 0.000625 0.000208333 0.000416667
1.5 -0.000104167 0.00666667 0.00322917
1.45833 0.000104167 0.0003125 0.000208333
1.45833 0 0 0
1.33333 -0.000416667 0.000208333 -0.000104167
0.958333 -0.000104167 0.00177083 0.000833333
2.72917 0.00135417 0.00604167 0.00375
2.29167 0.00145833 0.00364583 0.0025
2.10417 0.00135417 0.00229167 0.001875
1.95833 0.00145833 0.0021875 0.00177083
1.97917 0.00104167 0.0009375 0.00104167
1.95833 0.0009375 0.00104167 0.0009375
0.958333 0.00114583 0.00614583 0.00364583
0.979167 0.0009375 0.000833333 0.0009375
0.854167 0.000208333 0.000833333 0.000520833
0.520833 0.000104167 0.00177083 0.0009375
3.8125 0.00114583 0.000833333 0.00104167
3.66667 0.00145833 0.0021875 0.00177083
3.625 0.00135417 0.0015625 0.00145833
3.5 0.00145833 0.00208333 0.00177083
3.5625 0.00114583 0.000833333 0.00104167
3.70833 0.00114583 0.000416667 0.000729167
3.1875 0.00104167 0.00364583 0.00239583
3.375 0.00125 0.0003125 0.000729167
3.08333 0.00125 0.00270833 0.00197917
3.20833 0.0015625 0.0009375 0.00125
2.58333 0.0009375 0.0040625 0.0025
2.72917 0.00104167 0.0003125 0.000729167
1.85417 0.000729167 0.00510417 0.00291667
1.79167 0.00104167 0.00135417 0.00114583
1.75 0.00114583 0.00135417 0.00125
0.458333 0.00104167 0.0075 0.00427083
0.125 -0.000104167 0.0015625 0.000729167
3.17308 0.000673077 0.000192308 0.000480769
3.44231 0.000865385 -0.000480769 0.000192308
2.65385 0.000961538 0.00490385 0.00288462
2.63462 0.00125 0.00134615 0.00134615
1.94231 0.00134615 0.00480769 0.00307692
2 0.00144231 0.00115385 0.00125
2.03846 0.00125 0.00105769 0.00115385
1.19231 0.00115385 0.00538462 0.00326923
1.11538 0.00125 0.00163462 0.00144231
1.09615 0.00115385 0.00125 0.00125
1.21154 0.00105769 0.000480769 0.000769231
0.730769 0.000673077 0.00307692 0.00182692
4.25 0.000961538 9.61538e-05 0.000576923
3.51923 0.000865385 0.00451923 0.00269231
3.65385 0.000769231 9.61538e-05 0.000384615
3.69231 0.000769231 0.000576923 0.000673077
3.73077 0.000961538 0.000769231 0.000865385
3.40385 0.000961538 0.00259615 0.00182692
3.36538 0.00105769 0.00125 0.00115385
2.34615 0.000961538 0.00605769 0.00346154
2.44231 0.00125 0.000769231 0.00105769
2.61538 0.00125 0.000384615 0.000769231
2.90385 0.00144231 0 0.000769231
2 0.00105769 0.00557692 0.00326923
0.75 0.00125 0.0075 0.00442308
4.23077 0.00115385 0.000576923 0.000865385
4.26923 -0.000288462 -0.000480769 -0.000384615
3.67308 0.000673077 0.00365385 0.00221154
3.73077 0.000384615 9.61538e-05 0.000192308
3.23077 0.000384615 0.00288462 0.00163462
3.19231 0.000192308 0.000384615 0.000288462
3.23077 0.000192308 0 9.61538e-05
3.36538 0.000288462 -0.000384615 0
3.30769 0.000576923 0.000865385 0.000673077
2.61538 0.000480769 0.00394231 0.00221154
2.36538 0.000480769 0.00173077 0.00115385
2.48077 0.000576923 0 0.000288462
2.71154 0.000673077 -0.000480769 9.61538e-05
2.82692 0.000576923 0 0.000288462
3.03846 0.000480769 -0.000576923 -9.61538e-05
6.30769 -0.000769231 0.000769231 0
5.90385 -0.000288462 0.00173077 0.000769231
5.75 -0.000288462 0.000480769 9.61538e-05
5.76923 0.000288462 0.000192308 0.000192308
5.80769 0.000192308 0 9.61538e-05
5.94231 0.000384615 -0.000288462 9.61538e-05
6.17308 9.61538e-05 -0.00105769 -0.000480769
5.07273 0.000181818 0.000818182 0.000545455
4.92727 9.09091e-05 0.000818182 0.000454545
4.58182 0.000545455 0.00227273 0.00136364
4.54545 0.000818182 0.001 0.000909091
4.52727 0.000636364 0.000727273 0.000727273
4.45455 0.000818182 0.00118182 0.001
4.32727 0.00109091 0.00172727 0.00136364
4.4 0.00127273 0.000909091 0.00109091
4.58182 0.00136364 0.000454545 0.000909091
4.61818 0.00136364 0.00118182 0.00127273
4.90909 0.00154545 9.09091e-05 0.000818182
4.07273 0.00172727 0.00590909 0.00381818
3.10909 0.002 0.00681818 0.00445455
3.16364 0.00209091 0.00181818 0.00190909
1.89091 0.002 0.00836364 0.00518182
1.83636 0.00172727 0.002 0.00190909
1.49091 0.00145455 0.00318182 0.00227273
1.36364 0.00218182 0.00281818 0.00254545
1.38182 0.002 0.00190909 0.00190909
1.43636 0.00172727 0.00145455 0.00163636
1.29091 0.000454545 0.00118182 0.000818182
0.472727 0.00127273 0.00536364 0.00327273
0.381818 0.00118182 0.00163636 0.00145455
2.14545 0.000636364 0.000454545 0.000545455
2.18182 0.000454545 0.000272727 0.000363636
2.21818 0.000181818 0 9.09091e-05
2.27273 0.000272727 0 0.000181818
2.09091 0.000454545 0.00136364 0.000909091
2.18182 0.000454545 0 0.000181818
1.89091 0.000363636 0.00181818 0.00109091
1.94545 0.000363636 9.09091e-05 0.000272727
1.98182 9.09091e-05 -9.09091e-05 0
1.90909 -0.000636364 -0.000272727 -0.000454545
1.83636 -0.000909091 -0.000545455 -0.000727273
1.92727 -0.000454545 -0.000909091 -0.000727273
3.29091 0.000454545 0.000454545 0.000454545
3.36364 0.000818182 0.000454545 0.000636364
3.41818 0.000818182 0.000545455 0.000636364
3.36364 0.000909091 0.00118182 0.00109091
3.52727 0.00109091 0.000272727 0.000636364
2.63636 0.00109091 0.00554545 0.00336364
2.69091 0.00118182 0.000909091 0.001
2.30909 0.000909091 0.00281818 0.00190909
2.29091 0.000909091 0.001 0.000909091
2.32727 0.000909091 0.000727273 0.000818182
2.2 0.00118182 0.00181818 0.00154545
2.2 0.001 0.001 0.001
2.21818 0.00118182 0.00109091 0.00109091
0.836364 0.00127273 0.00818182 0.00472727
0.672727 0.000727273 0.00154545 0.00118182
2.67273 0.000727273 0.000818182 0.000818182
2.87273 0.00118182 0.000181818 0.000636364
3.18182 0.00136364 -0.000181818 0.000636364
3.07273 0.00163636 0.00218182 0.00190909
3.18182 0.000636364 9.09091e-05 0.000363636
3.50909 0.00145455 -0.000181818 0.000636364
2.6 0.002 0.00654545 0.00427273
2.58182 0.000636364 0.000727273 0.000636364
2.83636 0.00281818 0.00154545 0.00218182
2.67273 9.09091e-05 0.000909091 0.000545455
2.63636 0.000636364 0.000818182 0.000727273
2.78182 0.000636364 -9.09091e-05 0.000272727
2.89091 0.000363636 -0.000181818 9.09091e-05
2.6 0.000545455 0.002 0.00127273
2.43636 0.000454545 0.00127273 0.000818182
2.41818 0.000181818 0.000272727 0.000272727
2.43636 0.000181818 9.09091e-05 9.09091e-05
2.45455 -0.000181818 -0.000272727 -0.000181818
2.6 0.000363636 -0.000363636 0
1.94545 0.000272727 0.00354545 0.00190909
2 0.000363636 9.09091e-05 0.000181818
2.10909 0.000363636 -0.000181818 9.09091e-05
2.23636 0.000363636 -0.000272727 9.09091e-05
1.92453 0.000188679 0.00216981 0.00113208
1.96226 -0.000283019 -0.000471698 -0.000377358
0.603774 -0.000283019 0.00650943 0.00311321
0.509434 -0.000566038 -9.43396e-05 -0.000283019
0.509434 -0.000660377 -0.000660377 -0.000660377
4.32075 -0.000943396 -0.02 -0.0104717
3.73585 -0.000471698 0.000566038 0
3.60377 -0.000188679 0.000471698 0.000188679
3.58491 9.43396e-05 0.000188679 9.43396e-05
3.66038 0.000283019 -9.43396e-05 9.43396e-05
3.77358 0.000566038 0 0.000283019
3.69811 0.000566038 0.000943396 0.000754717
3.56604 0.000566038 0.00122642 0.000943396
3.67925 0.000849057 0.000283019 0.000566038
2.69811 0.000849057 0.00575472 0.00330189
2.62264 0.000943396 0.00132075 0.00113208
2.41509 0.00113208 0.00216981 0.00160377
2.45283 0.00122642 0.00103774 0.00113208
2.56604 0.00132075 0.000754717 0.00103774
2.60377 0.00113208 0.000943396 0.00103774
2.69811 0.00113208 0.000660377 0.000943396
5.0566 -0.000283019 -0.0232075 -0.0117925
5.01887 -9.43396e-05 9.43396e-05 0
4.84906 -0.000660377 0.000188679 -0.000188679
4.86792 0.000283019 0.000188679 0.000188679
4.81132 0.000188679 0.000471698 0.000377358
4.77358 0.000283019 0.000471698 0.000377358
4.77358 0.000188679 0.000188679 0.000188679
4.77358 0.000283019 0.000283019 0.000283019
4.83019 0.000471698 0.000188679 0.000283019
4.90566 0.000566038 0.000188679 0.000377358
4.54717 0.000660377 0.00245283 0.00160377
4.60377 0.000754717 0.000471698 0.000566038
4.24528 0.000943396 0.00273585 0.00188679
3.88679 0.00122642 0.00301887 0.00207547
4 0.00141509 0.000849057 0.00113208
4.07547 0.00113208 0.000754717 0.000943396
4.03774 0.00122642 0.00141509 0.00132075
3.71698 0.00150943 0.00311321 0.00235849
3.69811 0.00150943 0.00160377 0.00150943
3.79245 0.00150943 0.00103774 0.00132075
3.88679 0.00169811 0.00122642 0.00141509
3.0566 0.00179245 0.0059434 0.00386792
2.96226 0.00160377 0.00207547 0.00188679
2.96226 0.00188679 0.00188679 0.00188679
3.0566 0.00198113 0.00150943 0.00169811
3.15094 0.00150943 0.00103774 0.00132075
2.5283 0.00160377 0.00471698 0.00311321
2.39623 0.00160377 0.00226415 0.00198113
0.981132 0.000660377 0.00773585 0.00415094
0.90566 0.00132075 0.00169811 0.00150943
0.754717 0.000849057 0.00160377 0.00122642
3.50943 0.000849057 0.00264151 0.00169811
3.81132 0.00150943 0 0.000754717
3.86792 0 -0.000283019 -9.43396e-05
3.67925 0.00235849 0.00330189 0.00283019
3.90566 0.00122642 9.43396e-05 0.000660377
3.67925 0.000283019 0.00141509 0.000849057
3.90566 0.00169811 0.000566038 0.00113208
4.15094 0.00141509 0.000188679 0.000754717
4.28302 0.00103774 0.000377358 0.000754717
4.30189 0.000754717 0.000660377 0.000660377
4.20755 0 0.000471698 0.000283019
4.18868 0 9.43396e-05 0
4.37736 0.00103774 9.43396e-05 0.000566038
4.35849 -9.43396e-05 0 0
4.37736 0.000377358 0.000283019 0.000283019
4.35849 0.000188679 0.000283019 0.000283019
4.39623 0.000283019 9.43396e-05 0.000188679
4.50943 0.000377358 -0.000188679 9.43396e-05
3.88679 0.000566038 0.00367925 0.00207547
3.84906 0.000943396 0.00113208 0.00103774
3.81132 0.00103774 0.00122642 0.00113208
3.83019 0.00132075 0.00122642 0.00132075
3.90566 0.00150943 0.00113208 0.00132075
3.86792 0.00150943 0.00169811 0.00160377
4.01887 0.00160377 0.000849057 0.00122642
4.20755 0.00160377 0.000660377 0.00113208
4.54717 0.00198113 0.000283019 0.00113208
4.67925 0.00141509 0.000754717 0.00103774
3.35849 0.00150943 0.00811321 0.00481132
4.09615 0.00173077 -0.000192308 0.000769231
3.98077 -9.61538e-05 0.000480769 0.000192308
3.88462 0.00125 0.00173077 0.00144231
3.84615 0.000192308 0.000384615 0.000288462
4.01923 0.00105769 0.000192308 0.000673077
3.96154 -0.000192308 9.61538e-05 -9.61538e-05
3.90385 9.61538e-05 0.000384615 0.000288462
3.75 -0.000192308 0.000576923 0.000192308
3.78846 0.000288462 9.61538e-05 0.000192308
3.90385 0.000576923 0 0.000288462
3.98077 0.000384615 0 0.000192308
4.15385 0.000961538 9.61538e-05 0.000480769
4.19231 0.000480769 0.000288462 0.000384615
4.38462 0.000769231 -0.000192308 0.000288462
4.30769 0.000961538 0.00134615 0.00115385
4.61538 0.00115385 -0.000384615 0.000384615
3.03846 0.000769231 0.00865385 0.00471154
3.09615 0.000865385 0.000576923 0.000769231
2.36538 0.000769231 0.00442308 0.00259615
2.23077 0.000384615 0.00105769 0.000673077
1.73077 0.000673077 0.00317308 0.00192308
1.51923 0.000384615 0.00144231 0.000961538
1.53846 0.000961538 0.000865385 0.000865385
1.65385 0.00125 0.000673077 0.000961538
1.63462 0.000384615 0.000480769 0.000480769
1.75 0.000576923 0 0.000288462
4.09615 0.000384615 0.000288462 0.000384615
4.23077 0.000769231 9.61538e-05 0.000384615
3.76923 0.00153846 0.00384615 0.00269231
3.69231 0.000576923 0.000961538 0.000769231
3.84615 0.00163462 0.000865385 0.00125
4 0.00125 0.000480769 0.000865385
4.23077 -0.000288462 -0.0203846 -0.0103846
4.21154 0.000288462 0.000384615 0.000384615
4.23077 0.000192308 9.61538e-05 9.61538e-05
3.80769 0 0.00211538 0.00105769
3.92308 0.00105769 0.000480769 0.000769231
3.44231 0 0.00240385 0.00125
3.51923 0.000961538 0.000576923 0.000769231
3.53846 0.000384615 0.000288462 0.000288462
3.65385 0.000769231 0.000192308 0.000480769
3.19231 0.000865385 0.00317308 0.00201923
3.19231 0.00105769 0.00105769 0.00105769
3.25 0.00105769 0.000769231 0.000961538
3.21154 0.00134615 0.00153846 0.00144231
2.96154 0.00105769 0.00230769 0.00163462
2.44231 0.00125 0.00384615 0.00259615
2.40385 0.00125 0.00144231 0.00134615
2.38462 0.00144231 0.00153846 0.00144231
2.38462 0.00134615 0.00134615 0.00134615
2.28846 0.00125 0.00173077 0.00153846
1.82692 0.00125 0.00355769 0.00240385
1.51923 0.00105769 0.00259615 0.00182692
1.44231 0.00125 0.00163462 0.00144231
1.55769 0.00134615 0.000769231 0.00105769
4.46154 0.000288462 0.000384615 0.000288462
4.5 0.000288462 9.61538e-05 0.000192308
4.57692 0.000288462 -9.61538e-05 9.61538e-05
4.67308 0.000480769 0 0.000288462
4.82692 0.000576923 -0.000192308 0.000192308
5.03846 0.000769231 -0.000288462 0.000192308
3.85185 0.00111111 0.00287037 0.00194444
4.09259 0.0012037 0 0.000648148
3.46296 0.0012963 0.00444444 0.00287037
3.42593 0.00148148 0.00166667 0.00157407
3.25926 0.00148148 0.00231481 0.00185185
1.61111 0.00166667 0.00990741 0.00583333
1.2963 0.00148148 0.00305556 0.00222222
1.85185 0.0012037 -0.00157407 -0.000185185
0.592593 0.00101852 0.00731481 0.00416667
0.388889 0.000925926 0.00194444 0.00148148
1.38889 0.000833333 0.00166667 0.0012963
1.33333 0.00037037 0.000648148 0.000462963
1.09259 0.00037037 0.00157407 0.00101852
1.14815 0.000740741 0.000462963 0.000555556
1.14815 -0.000185185 -0.000185185 -0.000185185
0.796296 -0.000277778 0.00148148 0.000648148
0.851852 -0.000277778 -0.000555556 -0.000462963
0.537037 -0.000833333 -0.00175926 -0.0012963
4.22222 0.000462963 -0.017963 -0.0087963
4.55556 0.0025 0.000833333 0.00166667
4.25926 0.00037037 0.00185185 0.00111111
4.09259 -0.00037037 0.000462963 9.25926e-05
4.03704 -9.25926e-05 0.000185185 0
3.94444 0 0.000462963 0.000277778
4.14815 0.00148148 0.000462963 0.000925926
4.18519 0.000277778 9.25926e-05 0.000185185
4.2963 0.000462963 -9.25926e-05 0.000185185
4.24074 0.000277778 0.000555556 0.000462963
3.66667 0 0.00287037 0.00138889
3.7037 0.000462963 0.000277778 0.00037037
3.77778 0.000462963 9.25926e-05 0.000277778
3.68519 0.00037037 0.000833333 0.000648148
3.62963 0.000555556 0.000833333 0.000648148
3.75926 0.000925926 0.000277778 0.000648148
3.24074 0.000925926 0.00351852 0.00222222
3.24074 0.000925926 0.000925926 0.000925926
3.38889 0.0012037 0.000462963 0.000833333
3.01852 0.0012037 0.00305556 0.00212963
2.33333 0.0012037 0.00462963 0.00287037
2.14815 0.00111111 0.00203704 0.00157407
2.2037 0.000925926 0.000648148 0.000833333
2.11111 0.00037037 0.000833333 0.000555556
1.25926 -0.000833333 0.00342593 0.0012963
1.27778 0.000277778 0.000185185 0.000277778
3.5 0.000277778 -0.0147222 -0.00722222
3.48148 0.000462963 0.000555556 0.000462963
3.51852 0.0012037 0.00101852 0.00111111
3.37037 0.000555556 0.0012963 0.000925926
3.61111 0.00231481 0.00111111 0.00175926
3.96296 0.0025 0.000740741 0.00157407
4.01852 0.000925926 0.000648148 0.000833333
4.12963 0.0012963 0.000740741 0.00101852
4 9.25926e-05 0.000740741 0.00037037
3.98148 0.000185185 0.000277778 0.000277778
3.98148 0.000277778 0.000277778 0.000277778
4.01852 0.000740741 0.000555556 0.000648148
3.62963 0.000185185 0.00212963 0.00111111
3.61111 0.00037037 0.000462963 0.000462963
3.68519 0.000462963 9.25926e-05 0.000277778
3.74074 0.000555556 0.000277778 0.00037037
3.62963 0.000462963 0.00101852 0.000740741
3.7037 0.000740741 0.00037037 0.000555556
3.77778 0.00101852 0.000648148 0.000833333
3.98148 0.00111111 9.25926e-05 0.000648148
4.18519 0.00101852 0 0.000462963
2.40741 0.0012037 0.0100926 0.00564815
2.55556 0.00111111 0.00037037 0.000740741
1.75926 0.0012037 0.00518519 0.00324074
1.75926 0.000740741 0.000740741 0.000740741
0.333333 0.00453704 0.00527778 0.00490741
4.7963 -0.000277778 -0.0225926 -0.0113889
5.40741 0.00361111 0.000555556 0.00203704
5.07407 -0.000740741 0.000925926 9.25926e-05
4.68519 -0.000185185 0.00175926 0.000833333
4.81481 0.000833333 0.000185185 0.000462963
4.66667 -0.000277778 0.000462963 9.25926e-05
4.64815 0.000740741 0.000833333 0.000833333
5.01852 0.00268519 0.000833333 0.00175926
4.77778 0 0.0012037 0.000555556
4.90741 0.000925926 0.000277778 0.000648148
4.83333 9.25926e-05 0.000462963 0.000277778
4.77778 -9.25926e-05 0.000185185 0
5 0.0012037 9.25926e-05 0.000648148
4.94444 -9.25926e-05 0.000185185 9.25926e-05
4.94444 0.000462963 0.000462963 0.000462963
4.90741 0.000185185 0.00037037 0.000277778
4.74074 9.25926e-05 0.000925926 0.000462963
4.61111 0.000555556 0.0012037 0.000925926
4.51852 0.000740741 0.0012037 0.000925926
4.55556 0.000555556 0.00037037 0.000462963
4.62963 0.000740741 0.00037037 0.000555556
4.05556 0.000925926 0.0037963 0.00240741
3.98148 0.00111111 0.00148148 0.0012963
3.92593 0.0012963 0.00157407 0.00138889
3.87037 0.00148148 0.00175926 0.00166667
3.7963 0.00166667 0.00203704 0.00185185
3.64815 0.00166667 0.00240741 0.00203704
3.7037 0.00185185 0.00157407 0.00166667
3.12963 0.00166667 0.00453704 0.00314815
3.2037 0.00185185 0.00148148 0.00166667
3.33962 0.00160377 0.00122642 0.00141509
3.49057 0.00179245 0.00103774 0.00141509
2.09434 0.00188679 0.00886792 0.00537736
2.18868 0.00179245 0.00132075 0.00150943
2.13208 0.00141509 0.00169811 0.00160377
1.66038 0.00122642 0.00358491 0.00235849
1.30189 0.00113208 0.00292453 0.00207547
1.16981 0.000471698 0.00113208 0.000754717
0.245283 0.000849057 0.0054717 0.00320755
4.0566 0.00132075 -0.000566038 0.000377358
3.77358 0.000849057 0.00226415 0.00150943
3.84906 0.000660377 0.000283019 0.000471698
3.71698 0.00254717 0.00320755 0.00292453
3.64151 0.000849057 0.00122642 0.00103774
3.90566 0.00216981 0.000849057 0.00150943
3.90566 0.000943396 0.000943396 0.000943396
4.09434 0.00141509 0.000471698 0.000943396
4 -9.43396e-05 0.000377358 9.43396e-05
4.01887 0.000566038 0.000471698 0.000566038
4.20755 0.00198113 0.00103774 0.00150943
4.20755 0.000377358 0.000377358 0.000377358
4.18868 9.43396e-05 0.000188679 9.43396e-05
4.32075 0.00113208 0.000471698 0.000849057
4.30189 0.000188679 0.000283019 0.000188679
4.4717 0.00103774 0.000188679 0.000660377
4.4717 0.000283019 0.000283019 0.000283019
4.41509 0.000283019 0.000566038 0.000377358
4.39623 9.43396e-05 0.000188679 0.000188679
4.5283 0.000471698 -0.000188679 9.43396e-05
4.66038 0.000471698 -0.000188679 0.000188679
4.50943 0.000849057 0.00160377 0.00122642
4.60377 0.00113208 0.000660377 0.000849057
4.20755 0.00122642 0.00320755 0.00226415
4.39623 0.00160377 0.000660377 0.00113208
4.64151 0.00169811 0.000471698 0.00103774
4.11321 0.00179245 0.00443396 0.00311321
3.32075 0.00179245 0.00575472 0.00377358
3.07547 0.00103774 0.00226415 0.00169811
2.30189 0.00160377 0.0054717 0.00349057
2.43396 0.00188679 0.00122642 0.00160377
2.58491 0.00179245 0.00103774 0.00141509
2.33962 0.00207547 0.00330189 0.00264151
1.22642 0.00216981 0.00773585 0.005
0.981132 9.43396e-05 0.00132075 0.000660377
0.792453 0.000471698 0.00141509 0.000943396
0.264151 0.000188679 0.00283019 0.00150943
0.301887 0.000943396 0.000754717 0.000849057
3.09434 0.00169811 0.000377358 0.00103774
3.24528 0.00103774 0.000283019 0.000660377
3.43396 0.00113208 0.000188679 0.000660377
3.71698 0.00150943 9.43396e-05 0.000849057
4.01887 0.000849057 -0.000660377 9.43396e-05
3.45283 0.00216981 0.005 0.00358491
3.35849 0.000377358 0.000849057 0.000566038
3.43396 0.00122642 0.000849057 0.00103774
3.75472 0.00235849 0.000754717 0.00160377
3.45283 -9.43396e-05 0.00141509 0.000660377
3.79245 0.00188679 0.000188679 0.00103774
3.67925 9.43396e-05 0.000660377 0.000377358
3.79245 0.000849057 0.000283019 0.000566038
3.81132 0.000188679 9.43396e-05 9.43396e-05
3.9434 0.00141509 0.000754717 0.00113208
3.86792 0.000660377 0.00103774 0.000849057
3.88679 0.000377358 0.000283019 0.000283019
3.98113 0.000660377 0.000188679 0.000471698
4.01887 0.000188679 0 9.43396e-05
4.13208 0.000660377 9.43396e-05 0.000377358
4.07547 0.000188679 0.000471698 0.000283019
4.13208 0.000566038 0.000283019 0.000471698
4.18868 0.000566038 0.000283019 0.000377358
3.83019 0.000188679 0.00198113 0.00113208
3.77358 0.000283019 0.000566038 0.000377358
3.58491 0.000471698 0.00141509 0.000943396
3.67925 0.00103774 0.000566038 0.000849057
3.60377 0.00122642 0.00160377 0.00141509
3.64151 0.00141509 0.00122642 0.00132075
3.62264 0.00141509 0.00150943 0.00141509
3.64151 0.00141509 0.00132075 0.00141509
3.73585 0.00150943 0.00103774 0.00122642
3.28302 0.00160377 0.00386792 0.00273585
3.41509 0.00160377 0.000943396 0.00132075
3.30189 0.00160377 0.00216981 0.00188679
3.67925 0.00132075 -0.000566038 0.000377358
2.64151 0.000849057 0.00603774 0.00339623
2.03774 -9.43396e-05 0.00292453 0.00141509
1.5283 9.43396e-05 0.00264151 0.00141509
3.54717 0.00113208 0.00160377 0.00132075
3.81132 0.00245283 0.00113208 0.00179245
3.9434 0.00141509 0.000754717 0.00113208
4 0.000566038 0.000283019 0.000377358
3.67925 0 0.00160377 0.000849057
3.84906 0.00122642 0.000377358 0.000754717
4.07547 0.00141509 0.000283019 0.000849057
4.33962 0.00132075 0 0.000660377
4.35849 9.43396e-05 0 9.43396e-05
4.35849 0.000188679 0.000188679 0.000188679
4.16667 0.000277778 0.000648148 0.000462963
4.12963 -9.25926e-05 9.25926e-05 0
4.2037 0.000185185 -0.000185185 0
4.14815 0.000185185 0.000462963 0.000277778
3.72222 0.00037037 0.0025 0.00148148
3.61111 0.00037037 0.000925926 0.000648148
3.5 0.000555556 0.00111111 0.000833333
3.55556 0.000648148 0.00037037 0.000462963
3.68519 0.000925926 0.000277778 0.000648148
2.90741 0.00111111 0.005 0.00305556
2.83333 0.00138889 0.00175926 0.00157407
2.7037 0.00157407 0.00222222 0.00185185
2.7963 0.00175926 0.0012963 0.00157407
2.92593 0.00166667 0.00101852 0.0012963
2.64815 0.00148148 0.00287037 0.00222222
2.05556 0 0.00296296 0.00148148
2.09259 0.0012037 0.00101852 0.00111111
1.7963 0.00138889 0.00287037 0.00212963
3.09259 0.000277778 -0.000555556 -9.25926e-05
2.48148 0.000833333 0.00388889 0.00231481
2.42593 9.25926e-05 0.00037037 0.000277778
2.11111 0.000277778 0.00185185 0.00101852
2.07407 0.000185185 0.00037037 0.000277778
2.09259 0.000277778 0.000185185 0.000277778
2.16667 0.000555556 0.000185185 0.00037037
2.22222 0.000555556 0.000277778 0.00037037
1.75926 0.000648148 0.00296296 0.00185185
1.77778 0.000648148 0.000555556 0.000555556
1.85185 0.000555556 0.000185185 0.00037037
1.90741 0.000277778 0 0.000185185
0.166667 -0.000648148 0.00805556 0.0037037
0.0740741 0 0.000462963 0.000185185
4.74074 -0.000648148 -0.0217593 -0.0112037
4.66667 -0.000185185 0.000185185 0
3.88889 0.00037037 0.00425926 0.00231481
3.92593 0.000555556 0.00037037 0.000462963
3.7037 0.000833333 0.00194444 0.00138889
3.61111 0.000462963 0.000925926 0.000740741
3.64815 0.000462963 0.000277778 0.00037037
3.7037 0.000277778 0 9.25926e-05
3.53704 0.00037037 0.0012037 0.000833333
3.5 0.000462963 0.000648148 0.000555556
3.57407 0.000462963 9.25926e-05 0.000277778
2.74074 0.000740741 0.00490741 0.00277778
2.62963 0.000925926 0.00148148 0.0012037
2.61111 0.000833333 0.000925926 0.000925926
2.62963 0.000648148 0.000555556 0.000555556
2.59259 0.000740741 0.000925926 0.000833333
2.62963 0.000740741 0.000555556 0.000648148
2.83333 0.000925926 -9.25926e-05 0.000462963
1.88889 0.000833333 0.00555556 0.00314815
1.92593 0.000740741 0.000555556 0.000648148
1.44444 0.000740741 0.00314815 0.00194444
1.38889 0.000555556 0.000833333 0.000740741
1.31481 0.00037037 0.000740741 0.000555556
1.01852 -0.000648148 0.000833333 9.25926e-05
0.481481 -0.000833333 0.00175926 0.000462963
0.444444 -0.000555556 -0.00037037 -0.000462963
4.5 -0.000648148 -0.0209259 -0.0107407
4.25926 -0.000740741 0.000462963 -0.000185185
3.03704 0.000277778 0.00638889 0.00333333
3.22222 0.00148148 0.000555556 0.00101852
3.31481 0.000740741 0.000277778 0.000555556
3.16667 0.00157407 0.00231481 0.00194444
3.14815 0.00037037 0.000462963 0.00037037
3.09259 0.000185185 0.000462963 0.00037037
3.46296 0 -0.0155556 -0.00777778
3.62963 0.00138889 0.000555556 0.000925926
3.51852 -0.00037037 0.000185185 -9.25926e-05
3.53704 0.000555556 0.000462963 0.000555556
3.46296 9.25926e-05 0.000462963 0.000277778
3.46296 0.000462963 0.000462963 0.000462963
3.22222 9.25926e-05 0.0012963 0.000648148
3.2037 0.000277778 0.00037037 0.00037037
3.14815 0.00037037 0.000648148 0.000462963
3.11111 0.000648148 0.000833333 0.000740741
3.14815 0.000648148 0.000462963 0.000555556
3.14815 0.000833333 0.000833333 0.000833333
2.46296 0.000925926 0.00435185 0.00268519
2.51852 0.00101852 0.000740741 0.000833333
2.59259 0.0012037 0.000833333 0.00101852
2.64815 0.000925926 0.000648148 0.000833333
2.61111 0.00037037 0.000555556 0.000462963
2.57407 0.000462963 0.000648148 0.000555556
5.37736 0.000943396 0.000283019 0.000660377
5.88679 0.00264151 9.43396e-05 0.00132075
5.90566 0 -9.43396e-05 0
5.92453 0 -9.43396e-05 -9.43396e-05
5.90566 -0.000377358 -0.000283019 -0.000283019
5.92453 -9.43396e-05 -0.000188679 -0.000188679
6.16981 0.000566038 -0.000660377 0
4.0566 0.00150943 0.00386792 0.00273585
4.03774 0.00169811 0.00179245 0.00169811
4.18868 0.00179245 0.00103774 0.00141509
4.33962 0.00179245 0.00103774 0.00141509
4.41509 0.00160377 0.00122642 0.00141509
4.50943 0.00169811 0.00122642 0.00150943
3.28302 0.00132075 0.00745283 0.00433962
3.18868 0.00113208 0.00160377 0.00141509
3.13208 0.00141509 0.00169811 0.00150943
2.96226 0.00113208 0.00198113 0.00160377
2.9434 0.00113208 0.00122642 0.00113208
2.81132 0.000754717 0.00141509 0.00113208
2.83019 0.0040566 0.00122642 0.00264151
2.81132 0.000943396 0.00103774 0.00103774
2.79245 0.000471698 0.000566038 0.000471698
2.83019 0.000660377 0.000471698 0.000566038
2.73585 0.00132075 0.00179245 0.00160377
3.03774 0.00216981 0.000660377 0.00141509
2.77358 -0.000188679 0.00113208 0.000471698
2.88679 0.00198113 0.00141509 0.00169811
3.0566 0.00132075 0.000471698 0.000849057
3.13208 0.000660377 0.000283019 0.000471698
4.15094 -0.000471698 -0.0166038 -0.00858491
4.0566 -0.000283019 0.000188679 0
3.92453 -0.000471698 0.000188679 -0.000188679
3.81132 -0.000283019 0.000283019 0
3.71698 -0.000188679 0.000283019 9.43396e-05
3.33962 -9.43396e-05 0.00179245 0.000849057
3.30189 9.43396e-05 0.000283019 0.000188679
3.32075 0.000188679 9.43396e-05 9.43396e-05
3.37736 0.000377358 9.43396e-05 0.000283019
3.26415 0.000377358 0.000943396 0.000660377
3.26415 0.000660377 0.000660377 0.000660377
3.18868 0.000660377 0.00103774 0.000849057
3.35849 0.000754717 -9.43396e-05 0.000283019
3.50943 0.000754717 0 0.000377358
3.18868 0.000849057 0.00245283 0.00169811
2.84906 0.000566038 0.00226415 0.00141509
2.79245 0.000283019 0.000566038 0.000377358
2.73585 0 0.000283019 0.000188679
3.33962 9.43396e-05 0.000471698 0.000283019
3.37736 0.000471698 0.000283019 0.000377358
3.35849 0.000471698 0.000566038 0.000471698
3.18868 0.000471698 0.00132075 0.000943396
3.18868 0.000943396 0.000943396 0.000943396
3.18868 0.000943396 0.000943396 0.000943396
3.20755 0.00103774 0.000943396 0.000943396
3.26415 0.00122642 0.000943396 0.00113208
3.32075 0.00122642 0.000943396 0.00103774
2.88679 0.00122642 0.00339623 0.00235849
2.90566 0.000943396 0.000849057 0.000849057
2.28302 0.000943396 0.0040566 0.00254717
2.22642 0.000943396 0.00122642 0.00103774
2.24528 0.000943396 0.000849057 0.000943396
2.16981 0.000754717 0.00113208 0.000943396
2.20755 0.000849057 0.000660377 0.000754717
2.18868 0.000188679 0.000283019 0.000188679
1.73585 -0.000283019 0.00198113 0.000849057
