Celerities (plug_length top_celerity bottom_celerity center_celerity) unit of Diameters and Diameters/s
0.64 -0.0005 0.0043 0.0019
1.24 -0.0004 -0.0034 -0.0019
1.08 -0.0007 0.0001 -0.0003
1 -0.0007 -0.0003 -0.0005
0.94 -0.0009 -0.0006 -0.0007
0.94 -0.0007 -0.0007 -0.0007
4.68 0.0003 0.0005 0.0004
4.52 0.0008 0.0016 0.0012
4.7 0.0018 0.0009 0.0014
3.82 0.0008 0.0052 0.003
4.56 0.0004 -0.0033 -0.0015
3 0.0006 0.0084 0.0045
2.78 0.0009 0.002 0.0015
2.66 0.0011 0.0017 0.0014
2.62 0.0012 0.0014 0.0013
2.56 0.0014 0.0017 0.0015
2.54 0.0014 0.0015 0.0015
1.86 0.0015 0.0049 0.0032
1.84 0.0016 0.0017 0.0016
1.7 0.0016 0.0023 0.002
1.76 0.0017 0.0014 0.0015
1.38 0.0015 0.0034 0.0025
1.34 0.0014 0.0016 0.0015
1.16 0.0012 0.0021 0.0016
1.12 0.0009 0.0011 0.001
1.12 0.0007 0.0007 0.0007
1.06 0.0005 0.0008 0.0007
1.02 0.0002 0.0004 0.0003
0.86 -0.0004 0.0004 0
0.76 -0.0006 -0.0001 -0.0004
0.68 -0.0009 -0.0005 -0.0007
0.4 0.0004 0.0005 0.0004
0.5 0.0008 0.0003 0.0006
0.6 0.0007 0.0002 0.0004
0.58 0.0002 0.0003 0.0003
0.58 0 0 0
0.6 -0.0002 -0.0003 -0.0003
0.56 -0.0006 -0.0004 -0.0005
0.62 -0.0006 -0.0009 -0.0007
3.3 0.0018 0.0004 0.0011
3.26 0 0.0002 0.0001
3.32 0.0008 0.0005 0.0006
3.36 0.0007 0.0005 0.0006
3.42 0.0003 0 0.0002
3.76 0.0014 -0.0003 0.0005
3.62 0.0014 0.0021 0.0018
3.3 0.0005 0.0021 0.0013
3.16 0.0007 0.0014 0.001
3.28 0.0011 0.0005 0.0008
3.28 0.0005 0.0005 0.0005
3.82 0.003 0.0003 0.0017
3.6 -0.0008 0.0003 -0.0003
3.6 0.0002 0.0002 0.0002
3.64 0.0003 0.0001 0.0002
3.74 0.0007 0.0002 0.0005
3.74 0.0005 0.0005 0.0005
3.82 0.001 0.0006 0.0008
3.9 0.0009 0.0005 0.0007
3.98 0.0006 0.0002 0.0004
3.9 -0.0001 0.0003 0.0001
3.84 0.0002 0.0005 0.0003
3.84 0.0003 0.0003 0.0003
3.82 0.0006 0.0007 0.0007
3.9 0.0009 0.0005 0.0007
3.92 0.0009 0.0008 0.0008
3.56 0.0011 0.0029 0.002
2.76 0.0012 0.0052 0.0032
2.8 0.0013 0.0011 0.0012
2.84 0.0013 0.0011 0.0012
2.8 0.0013 0.0015 0.0014
2.78 0.0011 0.0012 0.0012
2.68 0.0009 0.0014 0.0011
1.9 0.0007 0.0046 0.0027
1.72 0.0009 0.0018 0.0013
1.68 0.0011 0.0013 0.0012
1.54 0.0011 0.0018 0.0015
1.48 0.0013 0.0016 0.0014
1.42 0.0013 0.0016 0.0015
1.5 0.0014 0.001 0.0012
0.8 0.0015 0.005 0.0032
0.68 0.0015 0.0021 0.0018
0.62 0.0015 0.0018 0.0017
0.5 0.0013 0.0019 0.0016
0.18 0.0001 0.0017 0.0009
3.58 0.0047 0.0004 0.0026
3.48 -0.0002 0.0003 0
3.88 0.0022 0.0002 0.0012
3.68 -0.0007 0.0003 -0.0002
3.76 0.0006 0.0002 0.0004
3.86 0.0007 0.0002 0.0005
3.84 0.0003 0.0004 0.0003
3.86 0.0005 0.0004 0.0005
3.82 0.0003 0.0005 0.0004
3.8 0.0004 0.0005 0.0004
3.84 0.0008 0.0006 0.0007
3.86 0.0007 0.0006 0.0007
3.82 0.0002 0.0004 0.0003
3.88 0.0009 0.0006 0.0007
3.98 0.0011 0.0006 0.0009
4.12 0.0011 0.0004 0.0007
4.14 0.0005 0.0004 0.0005
4.14 0.0004 0.0004 0.0004
4.22 0.0007 0.0003 0.0005
4.34 0.0008 0.0002 0.0005
4.3 0.0001 0.0003 0.0002
4.32 0.0006 0.0005 0.0005
4.38 0.0006 0.0003 0.0005
4.42 0.0005 0.0003 0.0004
1.88462 0.000480769 0.000769231 0.000576923
0.461538 0.000673077 0.00778846 0.00423077
0.442308 0.000865385 0.000961538 0.000961538
0.384615 0.000288462 0.000576923 0.000384615
0.346154 0.000576923 0.000769231 0.000673077
0.326923 0.000384615 0.000480769 0.000480769
0.134615 -0.000673077 0.000288462 -0.000192308
4.32692 0.000576923 0.000192308 0.000384615
4.36538 0.000384615 0.000192308 0.000288462
4.38462 0.000480769 0.000384615 0.000384615
4.51923 0.000769231 9.61538e-05 0.000480769
4.76923 0.00105769 -0.000192308 0.000384615
4.15385 0.00115385 0.00423077 0.00269231
4.23077 0.00134615 0.000961538 0.00115385
3.51923 0.00153846 0.00509615 0.00336538
1.5 0.00163462 0.0117308 0.00663462
1.53846 0.00163462 0.00144231 0.00153846
1.53846 0.00153846 0.00153846 0.00153846
1.53846 0.00153846 0.00153846 0.00153846
1.40385 0.00105769 0.00173077 0.00144231
1.26923 0.000769231 0.00144231 0.00105769
1.23077 0.000673077 0.000865385 0.000769231
0.692308 0.000769231 0.00346154 0.00211538
0.673077 0.000865385 0.000961538 0.000961538
0.557692 9.61538e-05 0.000673077 0.000384615
0.346154 -9.61538e-05 0.000961538 0.000384615
0.211538 -0.000192308 0.000480769 0.000192308
1.05769 0 0.000576923 0.000288462
0.923077 0 0.000673077 0.000288462
0.903846 0.000384615 0.000480769 0.000480769
0.884615 0.000384615 0.000480769 0.000384615
1.32692 0.0025 0.000288462 0.00144231
1.48077 0.000480769 -0.000288462 9.61538e-05
1.57692 9.61538e-05 -0.000384615 -0.000192308
1.69231 -0.000192308 -0.000769231 -0.000480769
1.11538 -9.61538e-05 0.00278846 0.00134615
0.961538 -0.000576923 0.000192308 -0.000192308
0.884615 -0.000576923 -0.000192308 -0.000384615
0.942308 -9.61538e-05 -0.000384615 -0.000192308
1.03846 -0.000288462 -0.000769231 -0.000576923
1.05769 -0.000961538 -0.00105769 -0.000961538
4.92308 -0.000480769 -0.0198077 -0.0101923
4.73077 -0.000480769 0.000480769 0
4.75 0.000384615 0.000288462 0.000384615
4.63462 -0.000288462 0.000288462 0
4.94231 0.00163462 9.61538e-05 0.000865385
4.82692 -0.000480769 9.61538e-05 -0.000192308
4.73077 -0.000192308 0.000288462 0
4.69231 0.000192308 0.000384615 0.000288462
4.65385 0.000192308 0.000384615 0.000288462
4.67308 0.000480769 0.000384615 0.000480769
4.69231 0.000576923 0.000480769 0.000480769
4.65385 0.000576923 0.000769231 0.000673077
4.5 0.000769231 0.00153846 0.00115385
4.48077 0.000865385 0.000961538 0.000961538
4.51923 0.000769231 0.000576923 0.000673077
4.57692 0.000865385 0.000576923 0.000673077
4.17308 0.000673077 0.00269231 0.00173077
3.94231 0.000192308 0.00134615 0.000769231
3.82692 0.000384615 0.000961538 0.000673077
3.67308 0.000576923 0.00134615 0.000961538
3.57692 0.000865385 0.00134615 0.00105769
3.55769 0.000865385 0.000961538 0.000961538
3.57692 0.00115385 0.00105769 0.00105769
3.67308 0.00125 0.000769231 0.00105769
3.5 0.00144231 0.00230769 0.00182692
3.51923 0.00153846 0.00144231 0.00153846
2.88462 0.00163462 0.00480769 0.00317308
2.94231 0.00153846 0.00125 0.00144231
3 0.00153846 0.00125 0.00134615
3.03846 0.00144231 0.00125 0.00134615
1.80769 0.00134615 0.0075 0.00442308
1.73077 0.00115385 0.00153846 0.00134615
1.53846 0.000961538 0.00192308 0.00144231
1.55769 0.000865385 0.000769231 0.000865385
1.57692 0.000769231 0.000673077 0.000673077
1 0.000673077 0.00355769 0.00211538
0.384615 0.000673077 0.00375 0.00221154
1.01923 0.000769231 0.000961538 0.000865385
1.05769 0.000865385 0.000673077 0.000769231
1 0.000480769 0.000769231 0.000576923
1.01923 0.000576923 0.000480769 0.000576923
0.903846 0.000384615 0.000961538 0.000673077
0.807692 0.000192308 0.000673077 0.000384615
0.807692 0.000192308 0.000192308 0.000192308
0.923077 0.000384615 -0.000192308 9.61538e-05
0.326923 -0.000192308 0 -9.61538e-05
0.307692 -0.000288462 -0.000192308 -0.000288462
0.288462 -0.000673077 -0.000576923 -0.000576923
1.42308 -0.000673077 -0.00634615 -0.00355769
1.03846 -0.000961538 0.000961538 0
0.923077 -0.000576923 0 -0.000288462
1 0.000288462 -9.61538e-05 9.61538e-05
1.01923 -9.61538e-05 -0.000192308 -9.61538e-05
1.05769 0.000192308 0 9.61538e-05
1.03846 -0.000576923 -0.000480769 -0.000576923
1.03846 -0.000288462 -0.000288462 -0.000288462
1.07692 -0.000192308 -0.000384615 -0.000288462
1.11538 -0.000384615 -0.000576923 -0.000480769
1.11538 -0.000384615 -0.000384615 -0.000384615
0.903846 -0.000576923 0.000480769 0
0.615385 -0.000865385 0.000576923 -0.000192308
0.557692 -0.000961538 -0.000673077 -0.000769231
1.82692 0.00115385 0.000576923 0.000865385
1.86538 0.000480769 0.000288462 0.000384615
2.13462 0.00144231 9.61538e-05 0.000769231
2.36538 0.000865385 -0.000288462 0.000288462
2.07692 0.000673077 0.00211538 0.00134615
2.30769 0.00211538 0.000961538 0.00153846
2.28846 0.000480769 0.000576923 0.000576923
2.40385 0.000961538 0.000384615 0.000673077
2.42308 0.000288462 0.000192308 0.000192308
2.38462 0.000192308 0.000384615 0.000288462
2.28846 0.000480769 0.000961538 0.000769231
2.13462 0.000673077 0.00144231 0.00105769
2.17308 0.000865385 0.000673077 0.000769231
2.26923 0.000961538 0.000480769 0.000673077
2.23077 0.000192308 0.000384615 0.000288462
2.25 0.000480769 0.000384615 0.000480769
2.34615 0.000961538 0.000480769 0.000673077
2.44231 0.000673077 0.000192308 0.000480769
2.53846 0.000673077 0.000192308 0.000384615
2.53846 0.000192308 0.000192308 0.000192308
2.67308 0.000961538 0.000288462 0.000673077
2.78846 0.000769231 0.000192308 0.000480769
2.75 0.000288462 0.000480769 0.000384615
2.71154 0.000288462 0.000480769 0.000384615
2.71154 0.000480769 0.000480769 0.000480769
2.76923 0.000673077 0.000384615 0.000480769
2.96154 0.00153846 0.000576923 0.00105769
3 0.000480769 0.000288462 0.000384615
3.61538 0.00317308 9.61538e-05 0.00163462
3.5 -0.000576923 0 -0.000288462
3.71154 0.00125 0.000192308 0.000769231
3.63462 -0.000288462 9.61538e-05 -9.61538e-05
3.63462 0.000192308 0.000192308 0.000192308
3.63462 0.000288462 0.000288462 0.000288462
3.59615 0.000288462 0.000480769 0.000384615
3.65385 0.000480769 0.000192308 0.000288462
3.71154 0.000576923 0.000288462 0.000480769
3.75 0.000769231 0.000576923 0.000673077
3.78846 0.000961538 0.000769231 0.000865385
3.75 0.000961538 0.00115385 0.00105769
1.90385 0.000961538 0.0101923 0.00557692
1.86538 0.00134615 0.00153846 0.00144231
1.76923 0.00134615 0.00182692 0.00153846
1.46154 0.00163462 0.00317308 0.00240385
1.44231 0.00173077 0.00182692 0.00182692
1.30769 0.00173077 0.00240385 0.00201923
1.26923 0.00173077 0.00192308 0.00182692
0.961538 0.00144231 0.00298077 0.00221154
1.69231 -0.000192308 0.000480769 9.61538e-05
1.53846 -0.000192308 0.000576923 0.000192308
1.44231 -9.61538e-05 0.000384615 0.000192308
1.23077 0.000576923 0.00163462 0.00105769
1.28846 9.61538e-05 -0.000192308 0
1.36538 0 -0.000384615 -0.000192308
1.15385 -9.61538e-05 0.000961538 0.000384615
1.64706 0.00117647 0.000588235 0.000882353
1.62745 0.000490196 0.000588235 0.000588235
1.60784 0.00117647 0.00127451 0.00117647
1.64706 0.00137255 0.00117647 0.00127451
1.78431 0.00196078 0.00127451 0.00166667
1.80392 0.000980392 0.000882353 0.000882353
1.94118 0.00147059 0.000784314 0.00117647
1.90196 0.000392157 0.000588235 0.000490196
1.92157 0.000686275 0.000588235 0.000588235
1.92157 0.000588235 0.000588235 0.000588235
2.03922 0.000784314 0.000196078 0.000490196
2.29412 0.00147059 0.000196078 0.000882353
2.54902 0.00245098 0.000980392 0.00166667
2.60784 0.00147059 0.00117647 0.00137255
2.64706 0.000980392 0.000784314 0.000882353
3.94118 0.00715686 0.000686275 0.00392157
3.70588 -0.000686275 0.000490196 -9.80392e-05
3.66667 0.000196078 0.000392157 0.000294118
3.82353 0.00117647 0.000392157 0.000784314
3.76471 0.000196078 0.000490196 0.000294118
3.90196 0.000980392 0.000294118 0.000686275
3.86275 9.80392e-05 0.000294118 0.000196078
3.96078 0.000882353 0.000392157 0.000588235
4.03922 0.000980392 0.000588235 0.000784314
4.11765 0.000784314 0.000392157 0.000588235
4.23529 0.000784314 0.000196078 0.000490196
4.27451 0.000490196 0.000294118 0.000392157
4.64706 0.00196078 9.80392e-05 0.00107843
4.58824 -0.000196078 9.80392e-05 -9.80392e-05
4.56863 0 9.80392e-05 9.80392e-05
4.56863 9.80392e-05 9.80392e-05 9.80392e-05
4.5098 0 0.000294118 9.80392e-05
4.5098 0.000294118 0.000294118 0.000294118
4.19608 0.000392157 0.00196078 0.00117647
4.11765 0.000588235 0.000980392 0.000784314
4.07843 0.000882353 0.00107843 0.000980392
4.05882 0.000980392 0.00107843 0.00107843
4.09804 0.00107843 0.000882353 0.000980392
4.17647 0.00127451 0.000882353 0.00107843
4.27451 0.00127451 0.000784314 0.000980392
4.41176 0.00137255 0.000686275 0.00107843
4.60784 0.00137255 0.000392157 0.000882353
0.72549 0.00147059 0.0208824 0.0111765
0.784314 0.00137255 0.00107843 0.00117647
2.92157 0.000392157 -0.0102941 -0.00490196
4.07843 -0.000392157 -0.00617647 -0.00333333
2.29412 -0.000294118 0.00862745 0.00421569
1.52941 0.00117647 0.005 0.00303922
1.45098 0.00107843 0.00147059 0.00127451
1.47059 0.00166667 0.00156863 0.00166667
1.37255 0.000980392 0.00147059 0.00117647
1.41176 0.00137255 0.00117647 0.00127451
1.41176 0.00127451 0.00127451 0.00127451
1.23529 0.00117647 0.00205882 0.00166667
1.21569 0.00137255 0.00147059 0.00137255
1.15686 0.00127451 0.00156863 0.00147059
0.882353 0.00137255 0.0027451 0.00205882
0.607843 0.00127451 0.00264706 0.00196078
0.529412 0.00137255 0.00176471 0.00156863
0.392157 0.00117647 0.00186275 0.00147059
0.117647 0.000882353 0.0022549 0.00156863
3.15686 0 0.000294118 0.000196078
3.2549 0.000588235 9.80392e-05 0.000294118
3.19608 -9.80392e-05 0.000196078 9.80392e-05
3.17647 9.80392e-05 0.000196078 9.80392e-05
3.17647 0.000196078 0.000196078 0.000196078
3.13725 0.000196078 0.000392157 0.000294118
3.17647 0.000392157 0.000196078 0.000294118
3.27451 0.000686275 0.000196078 0.000490196
3.33333 0.000490196 0.000196078 0.000294118
3.31373 0.000196078 0.000294118 0.000294118
3.5098 0.00137255 0.000392157 0.000882353
3.5098 0.000392157 0.000392157 0.000392157
3.5098 0.000294118 0.000294118 0.000294118
3.56863 0.000686275 0.000392157 0.000490196
3.52941 0.000294118 0.000490196 0.000392157
3.58824 0.000784314 0.000490196 0.000686275
3.56863 0.000392157 0.000490196 0.000392157
3.68627 0.000980392 0.000392157 0.000686275
3.66667 0.000392157 0.000490196 0.000490196
3.60784 0.000588235 0.000882353 0.000686275
3.5098 9.80392e-05 0.000588235 0.000392157
3.52941 0.000490196 0.000392157 0.000392157
3.64706 0.000784314 0.000196078 0.000490196
3.70588 0.000686275 0.000392157 0.000588235
3.82353 0.000980392 0.000392157 0.000686275
3.45098 0.00117647 0.00303922 0.00205882
3.52941 0.00137255 0.000980392 0.00117647
3.68627 0.00147059 0.000686275 0.00107843
2.90196 0.00156863 0.0054902 0.00352941
3.11765 0.00147059 0.000392157 0.000980392
3.41176 0.00147059 0 0.000686275
2.2549 0.00107843 0.00686275 0.00401961
2.13725 0.000784314 0.00137255 0.00107843
1.72549 0.000294118 0.00235294 0.00127451
1.4902 0.000294118 0.00147059 0.000882353
1.27451 0 0.00107843 0.000588235
1.19608 0.000294118 0.000686275 0.000490196
1.15686 0.000490196 0.000686275 0.000588235
1.09804 0.000392157 0.000686275 0.000490196
1.07843 0.000686275 0.000784314 0.000784314
1 0.000294118 0.000686275 0.000490196
0.901961 9.80392e-05 0.000588235 0.000294118
0.862745 0.000294118 0.000490196 0.000392157
1.09804 -9.80392e-05 -0.00431373 -0.0022549
0.980392 -0.000490196 9.80392e-05 -0.000196078
1 -0.000392157 -0.000490196 -0.000392157
1 -0.000784314 -0.000784314 -0.000784314
1 -0.000980392 -0.000980392 -0.000980392
4.52941 -9.80392e-05 -0.0177451 -0.00892157
0.156863 0.000784314 0.0226471 0.0116667
4.23529 -0.000980392 -0.0213725 -0.0111765
4 -0.000784314 0.000392157 -0.000196078
3.98039 0.000392157 0.000490196 0.000490196
4.01961 0.000686275 0.000490196 0.000588235
4.05882 0.000588235 0.000392157 0.000490196
4.05882 0.000392157 0.000392157 0.000392157
4.13725 0.000686275 0.000294118 0.000490196
4.15686 0.000490196 0.000392157 0.000392157
4.19608 0.000686275 0.000490196 0.000588235
4.2549 0.000784314 0.000490196 0.000686275
4.29412 0.000784314 0.000588235 0.000686275
4.2549 9.80392e-05 0.000294118 0.000196078
4.29412 0.000392157 0.000196078 0.000294118
4.38462 0.00105769 0.000192308 0.000576923
4.73077 0.00201923 0.000288462 0.00115385
4.61538 -0.000288462 0.000288462 0
4.59615 0.000384615 0.000480769 0.000480769
4.51923 0.000192308 0.000576923 0.000384615
4.40385 0.000288462 0.000865385 0.000576923
4.34615 0.000576923 0.000865385 0.000673077
4.38462 0.000769231 0.000576923 0.000673077
4.46154 0.000961538 0.000576923 0.000769231
4.53846 0.000961538 0.000576923 0.000769231
4.53846 0.00125 0.00125 0.00125
4.53846 0.00125 0.00125 0.00125
4.59615 0.00144231 0.00115385 0.00134615
1.07692 0.00153846 0.0191346 0.0102885
0.980769 0.00144231 0.00192308 0.00173077
0.865385 0.00144231 0.00201923 0.00173077
0.75 0.00134615 0.00192308 0.00163462
0.615385 0.00125 0.00192308 0.00153846
0.480769 0.000961538 0.00163462 0.00134615
0.346154 0.000769231 0.00144231 0.00105769
2.88462 0.000480769 0.00163462 0.00105769
2.90385 0.00144231 0.00134615 0.00144231
2.51923 0.000769231 0.00269231 0.00173077
2.57692 0.00153846 0.00125 0.00134615
2.42308 0.000576923 0.00134615 0.000961538
2.46154 0.00163462 0.00144231 0.00153846
2.51923 0.00163462 0.00134615 0.00153846
0.192308 0.000865385 0.000288462 0.000576923
0.0961538 9.61538e-05 0.000576923 0.000384615
2.88462 0.000576923 -0.0133654 -0.00644231
2.53846 0.00153846 0.00326923 0.00240385
2.57692 0.00115385 0.000961538 0.00105769
2.71154 0.00144231 0.000769231 0.00115385
2.82692 0.00115385 0.000576923 0.000865385
2.86538 0.000865385 0.000673077 0.000769231
2.75 0.000961538 0.00153846 0.00125
2.07692 0.000865385 0.00423077 0.0025
2.03846 0.000961538 0.00115385 0.00105769
2.01923 0.00115385 0.00125 0.00125
1.84615 0.00125 0.00211538 0.00163462
1.57692 0.00125 0.00259615 0.00192308
1.53846 0.00125 0.00144231 0.00134615
1.48077 0.00125 0.00153846 0.00144231
1.48077 0.00115385 0.00115385 0.00115385
1.53846 0.00105769 0.000769231 0.000865385
1.63462 0.000865385 0.000384615 0.000673077
0.961538 0.000673077 0.00403846 0.00230769
0.846154 9.61538e-05 0.000673077 0.000384615
0.673077 -0.000480769 0.000384615 0
0.5 -0.000576923 0.000288462 -0.000192308
0.288462 -0.000673077 0.000384615 -9.61538e-05
0.134615 -0.000480769 0.000288462 -9.61538e-05
0.173077 -0.000384615 -0.000576923 -0.000480769
0.134615 -0.000769231 -0.000576923 -0.000673077
0.807692 -9.61538e-05 0.000384615 9.61538e-05
0.807692 0.000192308 0.000192308 0.000192308
0.826923 0.000192308 9.61538e-05 0.000192308
0.826923 0 0 0
0.807692 -9.61538e-05 0 -9.61538e-05
0.826923 9.61538e-05 0 9.61538e-05
0.865385 -0.000192308 -0.000384615 -0.000288462
2.32692 0.0152885 0.00471154 0.01
2.21154 0.000480769 0.00105769 0.000769231
2.15385 0.000769231 0.00105769 0.000865385
2.13462 0.00105769 0.00115385 0.00115385
2.13462 0.00125 0.00125 0.00125
2.25 0.00182692 0.00125 0.00153846
1.76923 0.00125 0.00134615 0.00125
1.67308 0.000192308 0.000673077 0.000480769
1.65385 0.000480769 0.000576923 0.000480769
1.75 0.00115385 0.000673077 0.000961538
1.88462 0.00105769 0.000384615 0.000673077
1.90385 0.000480769 0.000384615 0.000480769
1.92308 0.000480769 0.000384615 0.000384615
1.94231 0.000480769 0.000384615 0.000480769
2.13462 0.00134615 0.000384615 0.000865385
1.98077 -0.000192308 0.000576923 0.000192308
2.03846 0.000865385 0.000576923 0.000673077
2.21154 0.00105769 0.000192308 0.000673077
2.19231 0.000192308 0.000288462 0.000192308
2.28846 0.000673077 0.000192308 0.000480769
2.40385 0.000865385 0.000288462 0.000576923
2.53846 0.000865385 0.000192308 0.000480769
2.63462 0.000673077 0.000192308 0.000480769
2.75 0.000769231 0.000192308 0.000480769
2.80769 0.000576923 0.000288462 0.000384615
2.84615 0.000673077 0.000480769 0.000576923
2.88462 0.000673077 0.000480769 0.000576923
2.88462 0.000673077 0.000673077 0.000673077
2.88462 0.000576923 0.000576923 0.000576923
2.88462 0.000288462 0.000288462 0.000288462
3.07692 0.00125 0.000288462 0.000769231
3.15385 0.000576923 0.000192308 0.000384615
3.23077 0.000480769 9.61538e-05 0.000288462
3.26923 0.000384615 0.000192308 0.000288462
3.26923 0.000480769 0.000480769 0.000480769
3.34615 0.000769231 0.000384615 0.000576923
3.53846 0.00115385 0.000192308 0.000673077
3.69231 0.000961538 0.000192308 0.000576923
3.75 0.000576923 0.000288462 0.000480769
3.78846 0.000576923 0.000384615 0.000480769
3.76923 0.000192308 0.000288462 0.000192308
3.94231 0.00105769 0.000192308 0.000673077
3.94231 0.000192308 0.000192308 0.000192308
3.90385 9.61538e-05 0.000288462 0.000192308
3.92308 0.000384615 0.000288462 0.000288462
3.96154 0.000576923 0.000384615 0.000480769
4 0.000769231 0.000576923 0.000673077
4 0.000865385 0.000865385 0.000865385
4.05769 0.000961538 0.000673077 0.000865385
4.17308 0.00115385 0.000576923 0.000865385
4.30769 0.00125 0.000576923 0.000865385
4.53846 0.00134615 0.000192308 0.000769231
4.01923 0.00153846 0.00413462 0.00288462
1.46154 0.00163462 0.0144231 0.00798077
1.53846 0.00153846 0.00115385 0.00134615
1.48077 0.00125 0.00153846 0.00144231
1.44231 0.000865385 0.00105769 0.000961538
1.42308 0.000480769 0.000576923 0.000480769
1.44231 0.000192308 9.61538e-05 0.000192308
3.67308 0 -0.0111538 -0.00557692
2.88462 -0.000673077 0.00326923 0.00125
2.65385 -9.61538e-05 0.00105769 0.000480769
2.38462 0 0.00134615 0.000673077
2.25 0.000384615 0.00105769 0.000769231
2.21154 0.000673077 0.000865385 0.000769231
2.13462 0.000576923 0.000961538 0.000769231
2.05769 0.000769231 0.00115385 0.000961538
1.98077 0.000865385 0.00125 0.00105769
1.92308 0.000865385 0.00115385 0.000961538
1.86538 0.000961538 0.00125 0.00115385
1.82692 0.00115385 0.00134615 0.00125
1.73077 0.00105769 0.00153846 0.00125
1.75 0.00125 0.00115385 0.00125
1.71154 0.00125 0.00144231 0.00134615
1.73077 0.00105769 0.000961538 0.000961538
1.17308 0.000961538 0.00375 0.00240385
1.15385 0.000961538 0.00105769 0.000961538
1.17308 0.000865385 0.000769231 0.000865385
0.634615 0.000865385 0.00355769 0.00221154
0.480769 0.000865385 0.00163462 0.00125
0.134615 -0.000673077 0.00105769 0.000192308
2.44231 0.000192308 0.000865385 0.000576923
2.34615 0.000480769 0.000961538 0.000673077
2.38462 0.000961538 0.000769231 0.000865385
2.40385 0.000673077 0.000576923 0.000673077
2.42308 0.000865385 0.000769231 0.000769231
2.51923 0.00134615 0.000865385 0.00115385
2.46154 0.000480769 0.000769231 0.000576923
2.42308 0.000288462 0.000480769 0.000384615
2.51923 0.000865385 0.000384615 0.000673077
2.57692 0.000769231 0.000480769 0.000576923
2.55769 0.000769231 0.000865385 0.000865385
2.44231 0.000673077 0.00125 0.000961538
2.44231 0.000576923 0.000576923 0.000576923
2.38462 0.000192308 0.000480769 0.000288462
2.51923 0.00105769 0.000384615 0.000769231
2.48077 9.61538e-05 0.000288462 0.000192308
2.55769 0.000769231 0.000384615 0.000576923
2.61538 0.000769231 0.000480769 0.000576923
2.63462 0.000673077 0.000576923 0.000673077
2.65385 0.000576923 0.000480769 0.000480769
2.67308 0.000576923 0.000480769 0.000576923
2.82692 0.00115385 0.000384615 0.000769231
2.82692 0.000480769 0.000480769 0.000480769
2.90385 0.00134615 0.000961538 0.00115385
1.17308 0.000288462 0.000576923 0.000480769
1.15385 0.000288462 0.000384615 0.000288462
1.13462 9.61538e-05 0.000192308 0.000192308
1.21154 0.000384615 0 0.000192308
1.19231 -9.61538e-05 0 -9.61538e-05
1.26923 0.000288462 -9.61538e-05 9.61538e-05
1.30769 9.61538e-05 -9.61538e-05 0
1.21154 0.000288462 0.000769231 0.000576923
1.11538 9.61538e-05 0.000576923 0.000288462
1.23077 0.000865385 0.000288462 0.000576923
1.21154 0 9.61538e-05 9.61538e-05
1.32692 0.000769231 0.000192308 0.000480769
1.36538 0.000288462 9.61538e-05 0.000192308
2.75 9.61538e-05 0.000865385 0.000480769
2.80769 0.000769231 0.000480769 0.000576923
2.94231 0.00125 0.000576923 0.000961538
2.92308 0.000673077 0.000769231 0.000673077
2.84615 0.000384615 0.000769231 0.000576923
2.94231 0.00105769 0.000576923 0.000865385
3.07692 0.00125 0.000576923 0.000865385
2.98077 0.000192308 0.000673077 0.000480769
3.05769 0.000769231 0.000384615 0.000576923
3.23077 0.00105769 0.000192308 0.000576923
3.28846 0.000384615 9.61538e-05 0.000288462
3.46154 0.00105769 0.000192308 0.000576923
3.44231 0.000769231 0.000865385 0.000865385
3.36538 0 0.000384615 0.000192308
3.34615 0.000192308 0.000288462 0.000192308
3.28846 0.000480769 0.000769231 0.000673077
3.21154 0.000576923 0.000961538 0.000769231
3.19231 0.000769231 0.000865385 0.000769231
3.26923 0.000961538 0.000576923 0.000769231
3.36538 0.00105769 0.000576923 0.000865385
1.40385 0.00134615 0.0111538 0.00625
1.42308 0.00144231 0.00134615 0.00134615
1.57692 0.00163462 0.000865385 0.00125
0.961538 0.00153846 0.00461538 0.00307692
0.884615 0.00163462 0.00201923 0.00182692
0.788462 0.00163462 0.00211538 0.00192308
0.692308 0.00153846 0.00201923 0.00173077
0.615385 0.00134615 0.00173077 0.00153846
0.480769 0.00115385 0.00182692 0.00153846
1.80769 0.000673077 0.00105769 0.000865385
1.84615 0.00105769 0.000865385 0.000961538
2.19231 0.00240385 0.000673077 0.00153846
2.17308 0.000192308 0.000288462 0.000288462
2.28846 0.000673077 9.61538e-05 0.000384615
1.75 0 0.00269231 0.00134615
1.75 -9.61538e-05 -9.61538e-05 -9.61538e-05
1.32692 -0.000384615 0.00173077 0.000673077
1.36538 -0.000673077 -0.000865385 -0.000769231
1.42308 -0.000961538 -0.00125 -0.00115385
3.05769 0.00134615 0.000673077 0.00105769
3.19231 0.000961538 0.000288462 0.000576923
3.30769 0.000769231 0.000192308 0.000480769
3.15385 0.00240385 0.00317308 0.00278846
3.21154 0.000865385 0.000576923 0.000769231
4.90385 0.00884615 0.000384615 0.00461538
4.5 0.00173077 0 0.000865385
4.42308 -0.000192308 0.000192308 0
4.40385 9.61538e-05 0.000192308 0.000192308
4.44231 0.000480769 0.000288462 0.000384615
4.48077 0.000480769 0.000288462 0.000384615
4.48077 0.000192308 0.000192308 0.000192308
4.61538 0.00115385 0.000480769 0.000769231
4.63462 0.000288462 0.000192308 0.000288462
4.57692 9.61538e-05 0.000384615 0.000192308
4.53846 0.000288462 0.000480769 0.000384615
4.55769 0.000480769 0.000384615 0.000480769
4.53846 0.000288462 0.000384615 0.000288462
3.98077 0.000576923 0.00336538 0.00201923
3.88462 0.000576923 0.00105769 0.000769231
3.86538 0.000865385 0.000961538 0.000961538
3.90385 0.00105769 0.000865385 0.000961538
3.92308 0.00115385 0.00105769 0.00105769
3.84615 0.00125 0.00163462 0.00144231
3.92308 0.00134615 0.000961538 0.00115385
4.03846 0.00144231 0.000865385 0.00115385
3.92308 0.00134615 0.00192308 0.00163462
3.94231 0.00125 0.00115385 0.00125
0.423077 0.00134615 0.0189423 0.0100962
0.346154 0.00125 0.00163462 0.00144231
0.25 0.000865385 0.00134615 0.00115385
0.0961538 0.000480769 0.00125 0.000865385
3 0.00163462 0.00115385 0.00134615
2.38462 0.000865385 0.00394231 0.00240385
2.42308 0.00105769 0.000865385 0.000961538
2.44231 0.00105769 0.000961538 0.00105769
2.32692 0.00125 0.00182692 0.00153846
2.42308 0.00163462 0.00115385 0.00134615
2.42308 0.000769231 0.000769231 0.000769231
2.53846 0.00105769 0.000480769 0.000769231
2.5 0.000384615 0.000576923 0.000480769
2.36538 0.000384615 0.00105769 0.000769231
2.17308 0.000673077 0.00163462 0.00115385
2.23077 0.000576923 0.000288462 0.000384615
2.28846 0.000576923 0.000288462 0.000480769
2.32692 0.000384615 0.000192308 0.000288462
2.30769 9.61538e-05 0.000192308 9.61538e-05
0.230769 -0.000865385 0.00951923 0.00432692
1.26923 -0.000961538 9.61538e-05 -0.000480769
1.13462 -0.000769231 -9.61538e-05 -0.000384615
1.05769 -0.000384615 0 -0.000192308
1.13462 0.000288462 -9.61538e-05 9.61538e-05
1.03846 -0.000576923 -9.61538e-05 -0.000384615
0.961538 -0.000384615 0 -0.000192308
0.788462 -0.000576923 0.000288462 -9.61538e-05
0.75 -0.000480769 -0.000288462 -0.000384615
0.615385 -0.000576923 9.61538e-05 -0.000288462
0.384615 -0.000769231 0.000384615 -0.000192308
2.44231 0.00144231 0.000769231 0.00115385
2.48077 0.000769231 0.000576923 0.000673077
2.5 0.000576923 0.000480769 0.000480769
2.65385 0.00125 0.000480769 0.000865385
2.78846 0.00105769 0.000384615 0.000769231
2.78846 0.000384615 0.000384615 0.000384615
2.88462 0.000961538 0.000480769 0.000673077
2.88462 0.000288462 0.000288462 0.000288462
2.96154 0.000673077 0.000288462 0.000480769
3.09615 0.000961538 0.000288462 0.000673077
3.09615 0.000384615 0.000384615 0.000384615
3.25 0.00115385 0.000384615 0.000769231
3.13462 -0.000192308 0.000384615 9.61538e-05
3.23077 0.000865385 0.000384615 0.000576923
3.21154 0.000288462 0.000384615 0.000384615
3.28846 0.000673077 0.000288462 0.000480769
3.44231 0.000865385 9.61538e-05 0.000480769
3.46154 0.000480769 0.000384615 0.000384615
3.38462 -0.000192308 0.000192308 0
3.73077 0.00182692 9.61538e-05 0.000961538
3.88462 0.000865385 9.61538e-05 0.000480769
3.98077 0.000576923 9.61538e-05 0.000384615
4.03846 0.000673077 0.000384615 0.000480769
3.94231 9.61538e-05 0.000576923 0.000384615
4.09615 0.00105769 0.000288462 0.000673077
4.19231 0.000865385 0.000384615 0.000576923
4.40385 0.00134615 0.000288462 0.000865385
4.48077 0.000576923 0.000192308 0.000384615
4.34615 -9.61538e-05 0.000576923 0.000192308
4.26923 0.000192308 0.000576923 0.000384615
4.23077 0.000480769 0.000673077 0.000576923
4.26923 0.000576923 0.000384615 0.000480769
4.34615 0.000865385 0.000480769 0.000673077
4.32692 0.000961538 0.00105769 0.00105769
4.39216 0.00117647 0.00137255 0.00127451
4.41176 0.00137255 0.00127451 0.00137255
4.4902 0.00156863 0.00117647 0.00137255
1.23529 0.00166667 0.0179412 0.00980392
1.19608 0.00176471 0.00196078 0.00186275
1.31373 0.00186275 0.00127451 0.00156863
1.41176 0.00166667 0.00117647 0.00137255
1.58824 0.00156863 0.000686275 0.00117647
0.882353 0.00107843 0.00460784 0.00284314
0.372549 0.00107843 0.00362745 0.00235294
0.372549 0.00107843 0.00107843 0.00107843
0.313725 0.000686275 0.000980392 0.000784314
2.76471 0.000980392 0.00147059 0.00127451
2.7451 0.00117647 0.00127451 0.00117647
2.7451 0.00117647 0.00117647 0.00117647
2.47059 0.000980392 0.00235294 0.00166667
2.80392 0.00264706 0.000980392 0.00186275
2.84314 0.000784314 0.000588235 0.000686275
3.09804 0.00156863 0.000294118 0.000882353
2.41176 0.00107843 0.0045098 0.00284314
2.78431 0.00264706 0.000784314 0.00166667
2.72549 9.80392e-05 0.000392157 0.000294118
2.21569 0.00117647 0.00372549 0.00245098
2.47059 0.00235294 0.00107843 0.00166667
2.17647 0.00117647 0.00264706 0.00196078
2 0.000392157 0.00127451 0.000784314
1.90196 0.000392157 0.000882353 0.000686275
1.7451 0.000686275 0.00147059 0.00107843
1.62745 0.000882353 0.00147059 0.00117647
1.62745 0.00107843 0.00107843 0.00107843
1.56863 0.00107843 0.00137255 0.00117647
1.64706 0.00127451 0.000882353 0.00107843
1.78431 0.00127451 0.000588235 0.000980392
1.19608 0.00117647 0.00411765 0.00264706
0.666667 0.00107843 0.00372549 0.00235294
0.588235 0.000980392 0.00137255 0.00117647
0.235294 0.000588235 0.00235294 0.00147059
0.0980392 0.000490196 0.00117647 0.000882353
2.37255 0.00127451 0.00117647 0.00127451
2.2549 0.000392157 0.000980392 0.000686275
2.03922 0.000294118 0.00137255 0.000784314
2.07843 0.00117647 0.000980392 0.00107843
2 0.000196078 0.000588235 0.000392157
2 0.000588235 0.000588235 0.000588235
2.21569 0.00166667 0.000588235 0.00117647
2.39216 0.00117647 0.000294118 0.000686275
2.56863 0.00107843 0.000196078 0.000686275
2.56863 0.000196078 0.000196078 0.000196078
2.66667 0.000588235 9.80392e-05 0.000294118
2.78431 0.000686275 9.80392e-05 0.000392157
2.76471 9.80392e-05 0.000196078 0.000196078
2.80392 0.000196078 0 9.80392e-05
2.90196 0.000588235 9.80392e-05 0.000294118
3.01961 0.000686275 9.80392e-05 0.000392157
3.07843 0.000392157 9.80392e-05 0.000294118
3.09804 0.000196078 9.80392e-05 9.80392e-05
3.13725 0.000294118 9.80392e-05 0.000196078
3.2549 0.000686275 9.80392e-05 0.000392157
3.33333 0.000588235 0.000196078 0.000392157
3.45098 0.000784314 0.000196078 0.000490196
3.52941 0.000490196 9.80392e-05 0.000294118
3.68627 0.000686275 -9.80392e-05 0.000294118
3.56863 0.000882353 0.00147059 0.00117647
3.7451 0.00156863 0.000686275 0.00117647
3.54902 0.000294118 0.00127451 0.000784314
3.58824 0.000588235 0.000392157 0.000490196
3.7451 0.000980392 0.000196078 0.000588235
3.84314 0.000686275 0.000196078 0.000392157
3.98039 0.000686275 0 0.000392157
4.01961 0.000294118 9.80392e-05 0.000196078
4.09804 0.000392157 0 0.000196078
4.11765 0.000196078 9.80392e-05 9.80392e-05
4.17647 0.000294118 0 0.000196078
3.90196 0.000490196 0.00186275 0.00117647
3.92157 0.000686275 0.000588235 0.000588235
4.03922 0.000882353 0.000294118 0.000588235
4.15686 0.000980392 0.000392157 0.000686275
4.35294 0.00107843 9.80392e-05 0.000588235
4.27451 0.00117647 0.00156863 0.00137255
4.2549 0.00137255 0.00147059 0.00147059
2.4902 0.00137255 0.0101961 0.00578431
2.56863 0.00156863 0.00117647 0.00137255
2.76471 0.00166667 0.000686275 0.00117647
1.70588 0.00166667 0.00696078 0.00431373
0.392157 0.00147059 0.00803922 0.00470588
0.333333 0.00137255 0.00166667 0.00156863
0.27451 0.00107843 0.00137255 0.00117647
1.29412 0.000882353 -0.00421569 -0.00166667
1.15686 0.000686275 0.00137255 0.00107843
1.03922 0.000686275 0.00127451 0.000980392
1.01961 0.000980392 0.00107843 0.000980392
0.921569 0.000980392 0.00147059 0.00127451
0.745098 0.000980392 0.00186275 0.00137255
0.666667 0.00107843 0.00147059 0.00127451
0.509804 0.000882353 0.00166667 0.00127451
0.411765 0.000882353 0.00137255 0.00117647
0.294118 0.000588235 0.00117647 0.000882353
2.58824 0.000294118 0.000980392 0.000588235
3.64706 0.00617647 0.000882353 0.00352941
3.35294 -0.000784314 0.000686275 0
3.19608 -0.000490196 0.000294118 -9.80392e-05
3.17647 0.000196078 0.000294118 0.000196078
3.27451 0.000784314 0.000294118 0.000588235
3.27451 0.000588235 0.000588235 0.000588235
3.21569 0.000784314 0.00107843 0.000882353
3.70588 0.00294118 0.000490196 0.00176471
3.62745 -9.80392e-05 0.000294118 9.80392e-05
3.70588 0.000490196 9.80392e-05 0.000294118
3.76471 0.000588235 0.000294118 0.000392157
3.7451 0.000392157 0.000490196 0.000490196
3.78431 0.000588235 0.000392157 0.000490196
3.7451 0.000392157 0.000588235 0.000490196
3.78431 0.000490196 0.000294118 0.000392157
3.82353 0.000588235 0.000392157 0.000490196
3.80392 0.000784314 0.000882353 0.000784314
3.88235 0.00117647 0.000784314 0.000980392
3.90196 0.000784314 0.000686275 0.000784314
3.92157 0.000588235 0.000490196 0.000490196
4.05882 0.000980392 0.000294118 0.000686275
4.15686 0.000686275 0.000196078 0.000392157
3.56863 0.000882353 0.00382353 0.00235294
3.64706 0.00107843 0.000686275 0.000882353
3.78431 0.00107843 0.000392157 0.000784314
3.78431 0.000490196 0.000490196 0.000490196
3.43137 0.000294118 0.00205882 0.00117647
3.41176 0.000588235 0.000686275 0.000588235
3.41176 0.000686275 0.000686275 0.000686275
3.47059 0.000882353 0.000588235 0.000784314
3.62745 0.00107843 0.000294118 0.000686275
3.84314 0.00127451 0.000196078 0.000686275
4.11765 0.00137255 0 0.000686275
4.45098 0.00147059 -0.000196078 0.000686275
2.21569 0.00166667 0.0128431 0.0072549
2.23529 0.00166667 0.00156863 0.00156863
2.33333 0.00186275 0.00137255 0.00166667
1.15686 0.00176471 0.00764706 0.00470588
0.921569 0.00166667 0.00284314 0.0022549
0.411765 -9.80392e-05 0 0
0.352941 -0.000490196 -0.000196078 -0.000392157
0.235294 -0.000882353 -0.000294118 -0.000588235
1.52941 0.0165686 0.010098 0.0133333
1.58824 0.00137255 0.00107843 0.00127451
1.62745 0.00127451 0.00107843 0.00117647
1.66667 0.00127451 0.00107843 0.00117647
1.68627 0.00117647 0.00107843 0.00107843
1.78431 0.00166667 0.00117647 0.00147059
1.68627 0.00117647 0.00166667 0.00137255
1.90196 0.00186275 0.000784314 0.00137255
3.88235 0.00196078 0.000294118 0.00107843
4.01961 0.000882353 0.000196078 0.000588235
4.05882 0.000294118 9.80392e-05 0.000196078
4.01961 0.000196078 0.000392157 0.000294118
3.86275 0.000588235 0.00137255 0.000980392
3.86275 0.000784314 0.000784314 0.000784314
4.68627 0.00431373 0.000196078 0.0022549
4.47059 -0.000980392 9.80392e-05 -0.000490196
4.4902 0.000196078 9.80392e-05 0.000196078
4.41176 9.80392e-05 0.000490196 0.000294118
4.41176 0.000392157 0.000392157 0.000392157
4.43137 0.000490196 0.000392157 0.000392157
4.5098 0.000686275 0.000294118 0.000490196
4.54902 0.000686275 0.000490196 0.000588235
4.52941 0.000882353 0.000980392 0.000980392
4.60784 0.000980392 0.000588235 0.000784314
4.07843 0.00107843 0.00372549 0.00235294
4.11765 0.00117647 0.000980392 0.00107843
4.21569 0.00137255 0.000882353 0.00117647
3.96078 0.00147059 0.0027451 0.00205882
2.17647 0.00176471 0.0106863 0.00627451
2.11765 0.00176471 0.00205882 0.00186275
2.19608 0.00186275 0.00147059 0.00166667
2.27451 0.00176471 0.00137255 0.00156863
0.764706 0.00176471 0.00931373 0.00558824
0.745098 0.00156863 0.00166667 0.00156863
0.745098 0.00117647 0.00117647 0.00117647
0.72549 0.000686275 0.000784314 0.000784314
0.431373 0.000294118 0.00176471 0.000980392
1.17647 0.000882353 0.00117647 0.000980392
1.09804 0.000588235 0.000980392 0.000784314
1.07843 0.000294118 0.000392157 0.000392157
2.35294 0.000294118 -0.00607843 -0.00294118
2.17647 0.000196078 0.00107843 0.000686275
2.05882 0.000196078 0.000784314 0.000490196
2.03922 0.000686275 0.000784314 0.000686275
2.11765 0.000882353 0.000490196 0.000686275
2.43137 0.00196078 0.000392157 0.00117647
2.47059 0.000686275 0.000490196 0.000588235
2.27451 -0.000392157 0.000588235 9.80392e-05
2.07843 0.000294118 0.00127451 0.000784314
2.07843 0.000588235 0.000588235 0.000588235
2.03922 0.000588235 0.000784314 0.000686275
2.15686 0.000784314 0.000196078 0.000490196
2.29412 0.000686275 0 0.000392157
1.84314 0.000686275 0.00294118 0.00176471
1.62745 0.000784314 0.00186275 0.00137255
1.43137 0.000784314 0.00176471 0.00127451
1.58824 0.000882353 9.80392e-05 0.000490196
1.82353 0.000882353 -0.000294118 0.000294118
2 0.000392157 -0.000490196 -9.80392e-05
2.03922 -0.000392157 -0.000588235 -0.000490196
2.01961 -0.000784314 -0.000686275 -0.000686275
0.901961 0.000588235 0.000784314 0.000686275
0.843137 0.000196078 0.000490196 0.000392157
0.823529 0.000294118 0.000392157 0.000294118
0.745098 9.80392e-05 0.000490196 0.000294118
0.666667 9.80392e-05 0.000490196 0.000294118
0.54902 0 0.000588235 0.000294118
0.490196 -9.80392e-05 0.000196078 9.80392e-05
0.45098 -0.000294118 -9.80392e-05 -0.000196078
0.490196 -0.000392157 -0.000588235 -0.000490196
0.627451 -0.000588235 -0.00127451 -0.000980392
1.94118 0.000490196 0.000294118 0.000392157
1.98039 0.000588235 0.000392157 0.000490196
2.01961 0.000490196 0.000294118 0.000392157
2.07843 0.000686275 0.000392157 0.000490196
2.05882 0.000784314 0.000882353 0.000882353
1.90196 0.000490196 0.00127451 0.000882353
1.78431 0.000588235 0.00117647 0.000882353
1.96078 0.00166667 0.000784314 0.00117647
1.88235 0.000392157 0.000784314 0.000588235
1.90196 0.000686275 0.000588235 0.000686275
2.05882 0.00117647 0.000392157 0.000784314
2.09804 0.000490196 0.000294118 0.000392157
2.27451 0.00127451 0.000392157 0.000784314
2.17647 0.000490196 0.000980392 0.000784314
2.11765 0.000294118 0.000588235 0.000392157
2.15686 0.000490196 0.000294118 0.000392157
2.11765 0.000196078 0.000392157 0.000294118
2.09804 0.000392157 0.000490196 0.000490196
2.23529 0.00147059 0.000784314 0.00107843
2.37255 0.000980392 0.000294118 0.000686275
2.41176 0.000392157 0.000196078 0.000294118
2.5098 0.000784314 0.000294118 0.000490196
2.58824 0.000588235 0.000196078 0.000392157
2.80392 0.00137255 0.000294118 0.000882353
2.76471 9.80392e-05 0.000294118 0.000196078
2.88235 0.000980392 0.000392157 0.000686275
2.88235 0.000294118 0.000294118 0.000294118
2.94118 0.000490196 0.000196078 0.000294118
2.98039 0.000490196 0.000294118 0.000392157
3.09804 0.000882353 0.000294118 0.000588235
3.66667 0.00303922 0.000196078 0.00166667
3.66667 0.000196078 0.000196078 0.000196078
3.68627 0.000196078 9.80392e-05 9.80392e-05
3.82353 0.000882353 0.000196078 0.000588235
3.80392 9.80392e-05 0.000196078 9.80392e-05
3.82353 0.000294118 0.000196078 0.000294118
3.78431 0 0.000196078 9.80392e-05
3.78431 0.000294118 0.000294118 0.000294118
3.78431 0.000588235 0.000588235 0.000588235
3.78431 0.000588235 0.000588235 0.000588235
3.86275 0.000882353 0.000490196 0.000686275
3.98039 0.000882353 0.000294118 0.000588235
4.19608 0.00117647 9.80392e-05 0.000588235
3.15686 0.00127451 0.00647059 0.00392157
3.15686 0.00137255 0.00137255 0.00137255
3.23529 0.00156863 0.00117647 0.00137255
3.29412 0.00166667 0.00137255 0.00147059
3.41176 0.00166667 0.00107843 0.00137255
3.4902 0.00147059 0.00107843 0.00127451
3.54902 0.000980392 0.000686275 0.000882353
3.62745 0.000686275 0.000294118 0.000490196
2.60784 0.000490196 0.00558824 0.00303922
2.39216 0.000196078 0.00127451 0.000686275
2.2549 0.000392157 0.00107843 0.000784314
2.21569 0.000392157 0.000588235 0.000490196
1.21569 0.000686275 0.00568627 0.00313725
1.29412 0.000980392 0.000588235 0.000784314
1.23529 0.000588235 0.000882353 0.000784314
1.03922 0.000490196 0.00147059 0.000980392
0.960784 0.000392157 0.000784314 0.000588235
0.882353 0.000392157 0.000784314 0.000588235
0.784314 0 0.000490196 0.000196078
0.294118 -0.000294118 0.00215686 0.000980392
3.09804 -0.000784314 0.000882353 0
2.90196 -0.000392157 0.000588235 9.80392e-05
2.88235 0.000294118 0.000392157 0.000392157
2.94118 0.000882353 0.000588235 0.000686275
2.96078 0.000882353 0.000784314 0.000882353
3 0.000588235 0.000392157 0.000490196
3.23529 0.00137255 0.000196078 0.000784314
3.39216 0.00127451 0.000490196 0.000882353
3.2549 0.00137255 0.00205882 0.00166667
3.2549 0.000784314 0.000784314 0.000784314
3.35294 0.000882353 0.000392157 0.000686275
3.39216 0.000686275 0.000490196 0.000588235
3.4902 0.000784314 0.000294118 0.000490196
3.58824 0.000686275 0.000196078 0.000490196
3.88235 0.00156863 9.80392e-05 0.000784314
3.98039 0.000490196 0 0.000294118
4.03922 0.000392157 9.80392e-05 0.000196078
4.15686 0.000588235 0 0.000294118
4.2549 0.000588235 9.80392e-05 0.000392157
4.41176 0.000882353 9.80392e-05 0.000490196
4.45098 0.000196078 0 9.80392e-05
4.4902 0.000392157 0.000196078 0.000294118
4.4902 0.000294118 0.000294118 0.000294118
4.43137 0.000196078 0.000490196 0.000294118
4.35294 0.000196078 0.000588235 0.000392157
4.29412 0.000490196 0.000784314 0.000686275
4.33333 0.000784314 0.000588235 0.000686275
4.41176 0.000882353 0.000490196 0.000686275
4.4902 0.000980392 0.000588235 0.000784314
4.64706 0.00127451 0.000490196 0.000882353
4.80392 0.00127451 0.000490196 0.000882353
0.176471 0.00117647 0.0243137 0.0127451
3.88235 0.000980392 0.00117647 0.00107843
3.90196 0.00117647 0.00107843 0.00117647
3.94118 0.00166667 0.00147059 0.00156863
3.94118 0.00166667 0.00166667 0.00166667
4.01961 0.00166667 0.00127451 0.00147059
4.03922 0.00107843 0.000980392 0.000980392
1.05882 0.00127451 0.0161765 0.00872549
1.13725 0.00147059 0.00107843 0.00127451
0.372549 0.00147059 0.00529412 0.00343137
0.235294 0.00156863 0.0022549 0.00186275
1.54902 0.000196078 0.000392157 0.000294118
1.2549 0.000392157 0.00186275 0.00107843
1 -0.000392157 0.000882353 0.000294118
0.980392 0 9.80392e-05 0
0.843137 -0.000196078 0.000490196 0.000196078
0.745098 -0.000686275 -0.000196078 -0.000490196
0.803922 -0.000392157 -0.000686275 -0.000490196
2.47059 0.00196078 0.00117647 0.00156863
2.45098 0.000686275 0.000784314 0.000784314
2.5098 0.00117647 0.000882353 0.000980392
2.41176 0.000588235 0.00107843 0.000882353
2.45098 0.00107843 0.000882353 0.000980392
2.41176 0.000588235 0.000784314 0.000686275
2.60784 0.00147059 0.000490196 0.000980392
2.58824 0.000294118 0.000392157 0.000294118
2.88235 0.00186275 0.000392157 0.00117647
2.94118 0.000686275 0.000392157 0.000490196
3.09804 0.00127451 0.000490196 0.000882353
3.03922 -9.80392e-05 0.000196078 9.80392e-05
3.39216 0.00196078 0.000196078 0.00107843
2.72549 0.000686275 0.000784314 0.000784314
2.76471 0.000980392 0.000784314 0.000882353
3.09804 0.00303922 0.00137255 0.00215686
3.11765 0.00117647 0.00107843 0.00117647
1.45098 0.00196078 0.0102941 0.00607843
1.35294 0.000686275 0.00117647 0.000980392
1.35294 0.000882353 0.000882353 0.000882353
1.11765 0.00127451 0.00245098 0.00186275
1.17647 0.00176471 0.00147059 0.00156863
1.29412 0.00166667 0.00107843 0.00137255
1.29412 0.00117647 0.00117647 0.00117647
1.15686 0.000686275 0.00137255 0.00107843
1.15686 0.00107843 0.00107843 0.00107843
1.15686 0.000588235 0.000588235 0.000588235
1.07843 0.000686275 0.00107843 0.000882353
0.921569 0.000686275 0.00147059 0.00107843
0.764706 0.000490196 0.00127451 0.000882353
0.72549 0.000392157 0.000588235 0.000490196
0.705882 0.000294118 0.000392157 0.000294118
0.705882 9.80392e-05 9.80392e-05 9.80392e-05
0.647059 -0.000196078 9.80392e-05 0
3.94118 -0.000490196 -0.0191176 -0.00980392
3.80392 -0.000490196 0.000196078 -0.000196078
3.78431 0 9.80392e-05 9.80392e-05
3.80392 0.000196078 9.80392e-05 9.80392e-05
3.80392 0.000392157 0.000392157 0.000392157
4.01961 0.00156863 0.000490196 0.00107843
3.94118 -9.80392e-05 0.000294118 9.80392e-05
3.94118 0.000294118 0.000294118 0.000294118
3.98039 0.000686275 0.000490196 0.000588235
4.09804 0.000784314 0.000196078 0.000490196
4.05882 0 0.000196078 9.80392e-05
4.15686 0.000686275 0.000196078 0.000392157
4.19608 0.000686275 0.000490196 0.000588235
4.37255 0.00127451 0.000392157 0.000882353
4.2549 9.80392e-05 0.000686275 0.000392157
4.27451 0.000686275 0.000588235 0.000588235
4.23529 0.000392157 0.000588235 0.000490196
4.13725 9.80392e-05 0.000588235 0.000392157
4.07843 0.000294118 0.000588235 0.000392157
4.05882 0.000784314 0.000882353 0.000882353
4.07843 0.000784314 0.000686275 0.000686275
4.13725 0.00107843 0.000784314 0.000980392
4.23529 0.00127451 0.000784314 0.000980392
4.33333 0.00147059 0.000980392 0.00127451
4.39216 0.00147059 0.00117647 0.00127451
4.47059 0.00137255 0.000980392 0.00117647
4.60784 0.00166667 0.000980392 0.00137255
0.784314 0.00107843 0.0201961 0.0105882
4.45098 0.000392157 -0.0179412 -0.00872549
2.15686 0.000196078 0.0116667 0.00588235
1.94118 0.000196078 0.00127451 0.000784314
1.7451 0.000294118 0.00127451 0.000784314
1.60784 0.000490196 0.00117647 0.000784314
1.4902 0.000882353 0.00147059 0.00117647
1.47059 0.00107843 0.00117647 0.00117647
1.09804 0.00107843 0.00294118 0.00196078
0.960784 0.00117647 0.00186275 0.00156863
0.901961 0.00117647 0.00147059 0.00127451
0.862745 0.00127451 0.00147059 0.00137255
0.784314 0.00127451 0.00166667 0.00147059
0.607843 0.00137255 0.0022549 0.00186275
0.470588 0.00137255 0.00205882 0.00166667
0.392157 0.00117647 0.00156863 0.00137255
0.254902 0.000882353 0.00156863 0.00127451
1.62745 0.000294118 0.000980392 0.000686275
1.52941 0.000588235 0.00107843 0.000784314
1.4902 0.000588235 0.000784314 0.000686275
1.47059 0.000588235 0.000686275 0.000686275
1.43137 0.000686275 0.000882353 0.000784314
1.35294 0.000686275 0.00107843 0.000882353
1.47059 0.00127451 0.000686275 0.000980392
1.4902 0.000686275 0.000588235 0.000588235
1.5098 0.000882353 0.000784314 0.000882353
1.33333 0.000686275 0.00156863 0.00107843
1.39216 0.00107843 0.000784314 0.000980392
1.39216 0.000686275 0.000686275 0.000686275
1.4902 0.00127451 0.000784314 0.000980392
1.39216 0.000392157 0.000882353 0.000686275
1.39216 0.000882353 0.000882353 0.000882353
1.4902 0.00117647 0.000686275 0.000882353
1.19608 0.000686275 0.00215686 0.00147059
1.2549 0.00127451 0.000980392 0.00107843
1.19608 0.000490196 0.000784314 0.000686275
1.37255 0.00156863 0.000686275 0.00107843
1.29412 0.000196078 0.000588235 0.000392157
1.31373 0.000784314 0.000686275 0.000784314
1.35294 0.000686275 0.000490196 0.000588235
1.37255 0.000588235 0.000490196 0.000490196
1.33333 0.000294118 0.000490196 0.000392157
1.27451 0.000490196 0.000784314 0.000686275
1.11765 0.000392157 0.00117647 0.000784314
1 0.000686275 0.00127451 0.000980392
0.921569 0.000686275 0.00107843 0.000882353
0.921569 0.000784314 0.000784314 0.000784314
0.921569 0.000882353 0.000882353 0.000882353
0.568627 0.000784314 0.00254902 0.00166667
0.45098 0.000882353 0.00147059 0.00117647
0.313725 0.000588235 0.00127451 0.000882353
2.13725 0.000882353 0.000980392 0.000980392
2.15686 0.000588235 0.000490196 0.000490196
2.15686 0.000588235 0.000588235 0.000588235
1.94118 0.000980392 0.00205882 0.00156863
1.98039 0.000882353 0.000686275 0.000784314
1.88235 0.000294118 0.000784314 0.000490196
1.94118 0.000980392 0.000686275 0.000882353
1.96078 0.000784314 0.000686275 0.000686275
1.98039 0.000784314 0.000686275 0.000784314
2.05882 0.00127451 0.000882353 0.00107843
2.07843 0.000686275 0.000588235 0.000588235
2.09804 0.000588235 0.000490196 0.000588235
2.11765 0.000490196 0.000392157 0.000392157
2.27451 0.00117647 0.000392157 0.000784314
2.35294 0.000882353 0.000490196 0.000686275
2.43137 0.000784314 0.000392157 0.000588235
2.45098 0.000686275 0.000588235 0.000686275
2.43137 0.000588235 0.000686275 0.000588235
2.43137 0.000784314 0.000784314 0.000784314
2.43137 0.000490196 0.000490196 0.000490196
2.47059 0.000784314 0.000588235 0.000686275
2.41176 9.80392e-05 0.000392157 0.000294118
2.52941 0.000980392 0.000392157 0.000686275
2.5098 0.000294118 0.000392157 0.000294118
2.64706 0.000882353 0.000196078 0.000588235
2.82353 0.00107843 0.000196078 0.000588235
2.80392 0.000196078 0.000294118 0.000294118
2.82353 0.000392157 0.000294118 0.000294118
2.86275 0.000392157 0.000196078 0.000294118
3.01961 0.000882353 9.80392e-05 0.000490196
3.07843 0.000490196 0.000196078 0.000392157
3.11765 0.000392157 0.000196078 0.000294118
0.980769 0.000384615 0.000769231 0.000576923
0.980769 0.000384615 0.000384615 0.000384615
1.13462 0.00153846 0.000769231 0.00115385
1.09615 0.000192308 0.000384615 0.000288462
1.03846 -0.000192308 9.61538e-05 -9.61538e-05
1.01923 9.61538e-05 0.000192308 0.000192308
1.07692 0.000384615 9.61538e-05 0.000192308
1.13462 -0.000192308 -0.000480769 -0.000288462
1.44231 0.000288462 -0.00125 -0.000480769
3.11538 0.000576923 0.000288462 0.000384615
3.25 0.00105769 0.000384615 0.000769231
3.19231 0.000288462 0.000576923 0.000384615
3.19231 0.000961538 0.000961538 0.000961538
3.17308 0.000576923 0.000673077 0.000673077
3.34615 0.000961538 9.61538e-05 0.000480769
2.98077 0.000865385 0.00269231 0.00182692
3 0.000865385 0.000769231 0.000769231
3.05769 0.000865385 0.000576923 0.000769231
3.15385 0.00134615 0.000865385 0.00105769
3.07692 0.00105769 0.00144231 0.00125
3.01923 0.000576923 0.000865385 0.000769231
3.07692 0.000769231 0.000480769 0.000576923
3.13462 0.000769231 0.000480769 0.000673077
3.13462 0.000769231 0.000769231 0.000769231
3.21154 0.00115385 0.000769231 0.000961538
2.92308 0.00115385 0.00259615 0.00182692
2.90385 0.00134615 0.00144231 0.00144231
3.07692 0.00153846 0.000673077 0.00105769
3.15385 0.00153846 0.00115385 0.00134615
3.17308 0.00163462 0.00153846 0.00163462
3.44231 0.00173077 0.000384615 0.00105769
0.692308 0.00163462 0.0153846 0.00846154
0.711538 0.00144231 0.00134615 0.00144231
0.730769 0.00125 0.00115385 0.00115385
0.5 0.00105769 0.00221154 0.00163462
0.423077 0.000769231 0.00115385 0.000961538
0.384615 0.000384615 0.000576923 0.000480769
0.134615 -0.000865385 0.000384615 -0.000192308
2.69231 9.61538e-05 0 0
1.03846 -0.000288462 0.00798077 0.00384615
0.923077 -0.000384615 0.000192308 -9.61538e-05
0.807692 -0.000288462 0.000288462 0
0.769231 -9.61538e-05 9.61538e-05 0
0.673077 -0.000480769 0 -0.000192308
0.653846 -0.000288462 -0.000192308 -0.000288462
0.730769 0 -0.000384615 -0.000192308
0.788462 -0.000288462 -0.000576923 -0.000384615
0.730769 -0.000865385 -0.000576923 -0.000769231
0.615385 -0.000865385 -0.000288462 -0.000576923
3.03846 0.000769231 0.000576923 0.000673077
3.21154 0.00125 0.000384615 0.000865385
3.11538 0.000192308 0.000673077 0.000384615
2.96154 9.61538e-05 0.000865385 0.000480769
3.05769 0.00115385 0.000673077 0.000961538
3.09615 0.000576923 0.000384615 0.000480769
3.51923 0.00240385 0.000288462 0.00134615
3.78846 0.00182692 0.000480769 0.00115385
3.71154 0 0.000384615 0.000192308
3.75 0.000480769 0.000288462 0.000384615
3.86538 0.000865385 0.000288462 0.000576923
4 0.000769231 9.61538e-05 0.000384615
4.57692 0.00288462 0 0.00144231
4.5 -0.000192308 0.000192308 0
4.5 0.000288462 0.000288462 0.000288462
4.48077 0 9.61538e-05 9.61538e-05
4.48077 0.000192308 0.000192308 0.000192308
4.53846 0.000480769 0.000192308 0.000288462
4.30769 0.000576923 0.00173077 0.00115385
4.28846 0.000673077 0.000769231 0.000769231
4.28846 0.000865385 0.000865385 0.000865385
4.38462 0.00105769 0.000576923 0.000769231
3.34615 0.00115385 0.00634615 0.00375
3.38462 0.00134615 0.00115385 0.00125
3.17308 0.00134615 0.00240385 0.00192308
3.19231 0.00144231 0.00134615 0.00134615
3.26923 0.00125 0.000865385 0.00105769
3.26923 0.000865385 0.000865385 0.000865385
1.38462 0.00125 0.0106731 0.00596154
1.34615 0.00125 0.00144231 0.00134615
1.34615 0.00125 0.00125 0.00125
1.32692 0.00134615 0.00144231 0.00144231
1.34615 0.00115385 0.00105769 0.00105769
1.40385 0.00134615 0.00105769 0.00125
1.36538 0.00115385 0.00134615 0.00125
1.19231 0.00105769 0.00192308 0.00144231
1.19231 0.000480769 0.000480769 0.000480769
1.11538 -0.000384615 0 -0.000192308
1 -0.000961538 -0.000384615 -0.000673077
0.942308 0.000769231 0.00288462 0.00182692
0.826923 0.000769231 0.00134615 0.00105769
0.730769 0.000576923 0.00105769 0.000769231
0.730769 0.000576923 0.000576923 0.000576923
0.788462 0.000673077 0.000384615 0.000576923
0.846154 0.000384615 9.61538e-05 0.000192308
0.923077 0.000480769 9.61538e-05 0.000288462
0.923077 -9.61538e-05 -9.61538e-05 -9.61538e-05
0.884615 -9.61538e-05 9.61538e-05 0
0.923077 0 -0.000192308 -9.61538e-05
1.07692 0.000384615 -0.000384615 0
1.15385 -9.61538e-05 -0.000480769 -0.000288462
1.11538 -0.000480769 -0.000288462 -0.000384615
0.25 0.00240385 0.00673077 0.00461538
0.461538 -0.000673077 -0.000384615 -0.000576923
0.269231 -0.000673077 0.000288462 -0.000192308
0.346154 -9.61538e-05 -0.000480769 -0.000288462
0.403846 -0.000480769 -0.000769231 -0.000576923
2.17308 -0.000480769 -0.00932692 -0.00490385
2.19231 0.000480769 0.000384615 0.000384615
2.21154 0.000288462 0.000192308 0.000288462
2.17308 -9.61538e-05 9.61538e-05 0
2.21154 0.000576923 0.000384615 0.000480769
2.23077 0.000673077 0.000576923 0.000576923
2.19231 0.000673077 0.000865385 0.000769231
2.55769 0.00230769 0.000480769 0.00144231
2.53846 9.61538e-05 0.000192308 9.61538e-05
2.61538 0.000769231 0.000384615 0.000576923
2.71154 0.000961538 0.000480769 0.000769231
2.71154 0.000384615 0.000384615 0.000384615
2.88462 0.00144231 0.000576923 0.000961538
2.92308 0.000384615 0.000192308 0.000288462
3.03846 0.000769231 0.000192308 0.000480769
2.86538 0.000384615 0.00125 0.000865385
2.88462 0.000673077 0.000576923 0.000576923
3.03846 0.00105769 0.000288462 0.000673077
3.32692 0.00182692 0.000384615 0.00115385
4.73077 0.00730769 0.000288462 0.00375
4.67308 9.61538e-05 0.000384615 0.000288462
1.17308 0.000192308 0 9.61538e-05
1.26923 0.000576923 9.61538e-05 0.000288462
1.32692 0.000480769 0.000192308 0.000384615
0.884615 0 0.00221154 0.00105769
0.826923 -0.000192308 9.61538e-05 0
0.807692 -0.000384615 -0.000288462 -0.000384615
0.807692 -0.000480769 -0.000480769 -0.000480769
0.596154 -0.000576923 0.000480769 0
0.365385 -9.61538e-05 0.000192308 9.61538e-05
0.326923 -9.61538e-05 9.61538e-05 0
0.307692 0 9.61538e-05 0
0.326923 -0.000288462 -0.000384615 -0.000288462
0.307692 -0.000673077 -0.000576923 -0.000673077
0.269231 -0.000865385 -0.000673077 -0.000769231
4.25 -0.000480769 9.61538e-05 -0.000192308
4.26923 9.61538e-05 0 0
4.21154 -9.61538e-05 0.000192308 9.61538e-05
4.13462 0.000192308 0.000576923 0.000384615
4.01923 0.000288462 0.000865385 0.000576923
3.96154 0.000384615 0.000673077 0.000480769
3.94231 0.000576923 0.000673077 0.000673077
3.84615 0.000576923 0.00105769 0.000769231
3.88462 0.000865385 0.000673077 0.000769231
3.92308 0.000865385 0.000673077 0.000769231
3.32692 0.00115385 0.00413462 0.00269231
3.38462 0.00115385 0.000865385 0.000961538
3.42308 0.00125 0.00105769 0.00115385
3.42308 0.00125 0.00125 0.00125
0.692308 0.00125 0.0149038 0.00807692
0.653846 0.00115385 0.00134615 0.00125
0.576923 0.000673077 0.00105769 0.000865385
0.403846 -9.61538e-05 0.000769231 0.000384615
0.5 0 -0.000480769 -0.000288462
2.65385 9.61538e-05 -0.0106731 -0.00528846
2.26923 0.000673077 0.00259615 0.00163462
2.20755 0.000943396 0.00103774 0.00103774
2.24528 0.000943396 0.000754717 0.000849057
2.26415 0.000660377 0.000566038 0.000566038
2.30189 0.000849057 0.000660377 0.000754717
1.75472 0.00103774 0.00377358 0.00245283
1.73585 0.00103774 0.00113208 0.00103774
1.64151 0.00113208 0.00160377 0.00141509
1.60377 0.00113208 0.00132075 0.00122642
1.64151 0.00122642 0.00103774 0.00113208
1.45283 0.00122642 0.00216981 0.00169811
0.90566 0.00122642 0.00396226 0.00254717
0.509434 0.00122642 0.00320755 0.00226415
0.471698 0.00103774 0.00122642 0.00113208
0.45283 0.000849057 0.000943396 0.000849057
0.377358 0.000566038 0.000943396 0.000754717
0.283019 0.000188679 0.000660377 0.000471698
0.207547 0.000188679 0.000660377 0.000471698
0.264151 0.000566038 0.000283019 0.000377358
0.188679 -0.000283019 9.43396e-05 -9.43396e-05
0.150943 -0.000283019 -9.43396e-05 -0.000188679
0.150943 -0.000377358 -0.000377358 -0.000377358
0.169811 -0.000377358 -0.000471698 -0.000377358
0.245283 -0.000660377 -0.00103774 -0.000849057
1.22642 0.000566038 0.000754717 0.000660377
1.22642 0.000471698 0.000471698 0.000471698
1.26415 0.000566038 0.000377358 0.000471698
1.35849 0.000849057 0.000377358 0.000566038
1.50943 0.00122642 0.000471698 0.000849057
1.56604 0.00122642 0.000943396 0.00113208
1.64151 0.00103774 0.000660377 0.000849057
1.62264 0.000377358 0.000471698 0.000377358
1.67925 0.000754717 0.000471698 0.000660377
1.69811 0.000660377 0.000566038 0.000566038
1.73585 0.000849057 0.000660377 0.000754717
1.83019 0.00141509 0.000943396 0.00122642
1.73585 0.000377358 0.000849057 0.000566038
1.79245 0.00113208 0.000849057 0.00103774
2.60377 0.000849057 0.000943396 0.000849057
2.69811 0.00103774 0.000566038 0.000849057
2.62264 0.000377358 0.000754717 0.000566038
2.60377 0.000754717 0.000849057 0.000754717
2.62264 0.000849057 0.000754717 0.000849057
2.79245 0.00132075 0.000471698 0.000849057
2.9434 0.00141509 0.000660377 0.00103774
2.79245 -0.000188679 0.000566038 0.000188679
2.81132 0.000660377 0.000566038 0.000660377
2.86792 0.00103774 0.000754717 0.000849057
2.96226 0.00141509 0.000943396 0.00122642
3.0566 0.00160377 0.00113208 0.00132075
2.98113 9.43396e-05 0.000471698 0.000283019
3 0.000377358 0.000283019 0.000377358
2.98113 0.000188679 0.000283019 0.000188679
3.01887 0.000471698 0.000283019 0.000377358
3.16981 0.00103774 0.000283019 0.000660377
3.22642 0.000566038 0.000283019 0.000471698
3.28302 0.000377358 9.43396e-05 0.000188679
3.45283 0.000943396 9.43396e-05 0.000566038
3.43396 0.000188679 0.000283019 0.000188679
3.58491 0.00122642 0.000471698 0.000849057
3.58491 0.00150943 0.00150943 0.00150943
3.58491 0.000471698 0.000471698 0.000471698
3.58491 0.000188679 0.000188679 0.000188679
3.64151 0.000566038 0.000283019 0.000471698
3.75472 0.000943396 0.000377358 0.000660377
3.71698 0.000188679 0.000377358 0.000283019
3.66038 0.000188679 0.000471698 0.000283019
3.35849 0.000377358 0.00188679 0.00113208
3.33962 0.000566038 0.000660377 0.000660377
3.39623 0.000849057 0.000566038 0.000660377
3.45283 0.000943396 0.000660377 0.000849057
3.54717 0.00113208 0.000660377 0.000849057
2.90566 0.00113208 0.00433962 0.00273585
2.9434 0.00113208 0.000943396 0.00103774
3.11321 0.00160377 0.000754717 0.00122642
2.56604 0.00150943 0.00424528 0.00283019
2.5283 0.00132075 0.00150943 0.00141509
2.49057 0.00103774 0.00122642 0.00113208
1.64151 0.000943396 0.00518868 0.00311321
1.45283 0.00103774 0.00198113 0.00150943
1.28302 0.00113208 0.00198113 0.00150943
1.18868 0.00132075 0.00179245 0.00160377
0.754717 0.00141509 0.00358491 0.00245283
0.622642 0.00132075 0.00198113 0.00169811
0.566038 0.00150943 0.00179245 0.00160377
0.377358 0.00132075 0.00226415 0.00179245
0.301887 0.000566038 0.00132075 0.000943396
0.320755 0.000660377 0.000566038 0.000660377
0.358491 0.000566038 0.000377358 0.000471698
0.377358 0.000188679 9.43396e-05 9.43396e-05
0.358491 -0.000283019 -0.000188679 -0.000188679
0.396226 -0.000566038 -0.000754717 -0.000660377
0.377358 -0.000754717 -0.000660377 -0.000754717
0.45283 -0.000566038 -0.000943396 -0.000754717
2.73585 -9.43396e-05 -0.0110377 -0.00556604
2.54717 -0.000566038 0.000377358 -9.43396e-05
2.4717 -9.43396e-05 0.000283019 9.43396e-05
2.5283 0.000566038 0.000283019 0.000377358
2.4717 0.000377358 0.000660377 0.000566038
2.43396 0.000471698 0.000660377 0.000566038
2.54717 0.000943396 0.000377358 0.000660377
2.67925 0.00113208 0.000471698 0.000754717
3.03774 -0.000943396 -0.0137736 -0.00735849
3.15094 0.00103774 0.000471698 0.000754717
3.03774 -9.43396e-05 0.000471698 0.000188679
3.16981 0.000943396 0.000283019 0.000566038
3.20755 0.000566038 0.000377358 0.000471698
3.18868 0.000283019 0.000377358 0.000377358
3.22642 0.000377358 0.000188679 0.000283019
3.28302 0.000471698 0.000188679 0.000283019
3.30189 0.000283019 0.000188679 0.000283019
3.37736 0.000660377 0.000283019 0.000471698
3.45283 0.000849057 0.000471698 0.000660377
3.4717 0.000471698 0.000377358 0.000377358
3.49057 0.000283019 0.000188679 0.000283019
3.4717 9.43396e-05 0.000188679 9.43396e-05
3.49057 0.000283019 0.000188679 0.000283019
3.54717 0.000377358 9.43396e-05 0.000188679
3.32075 0.000660377 0.00179245 0.00122642
3.26415 0.000943396 0.00122642 0.00113208
3.22642 0.000943396 0.00113208 0.00103774
3.28302 0.00113208 0.000849057 0.000943396
3.28302 0.00132075 0.00132075 0.00132075
3.33962 0.00150943 0.00122642 0.00141509
3.41509 0.00150943 0.00113208 0.00132075
0.226415 0.00103774 0.0169811 0.00896226
1.18868 0 0.000471698 0.000283019
1.22642 0.000566038 0.000377358 0.000471698
1.24528 0.000566038 0.000471698 0.000471698
1.20755 0.000188679 0.000377358 0.000283019
1.13208 0.000283019 0.000660377 0.000471698
1.07547 0.000283019 0.000566038 0.000471698
1.16981 0.000943396 0.000471698 0.000660377
1.24528 0.000849057 0.000471698 0.000660377
1.43396 0.00141509 0.000471698 0.000943396
1.24528 -0.000566038 0.000377358 -9.43396e-05
1.24528 0.000471698 0.000471698 0.000471698
1.33962 0.000754717 0.000283019 0.000566038
2.35849 0.000471698 0.00132075 0.000943396
2.30189 0.000754717 0.00103774 0.000849057
2.01887 0.000943396 0.00235849 0.00169811
1.98113 0.000754717 0.000943396 0.000849057
1.90566 0.00113208 0.00150943 0.00132075
1.67925 0.000943396 0.00207547 0.00150943
1.64151 0.00113208 0.00132075 0.00122642
1.45283 0.000849057 0.00179245 0.00132075
1.43396 0.00113208 0.00122642 0.00113208
1.43396 0.00103774 0.00103774 0.00103774
1.50943 0.00113208 0.000754717 0.000943396
1.01887 0.00132075 0.00377358 0.00254717
0.528302 0.00132075 0.00377358 0.00254717
0.45283 0.00132075 0.00169811 0.00150943
0.320755 0.00122642 0.00188679 0.00160377
2.58491 0.00103774 0.00103774 0.00103774
2.69811 0.00141509 0.000849057 0.00113208
2.90566 0.00179245 0.000754717 0.00122642
2.86792 0.000283019 0.000471698 0.000377358
2.96226 0.000849057 0.000377358 0.000660377
2.90566 0.000188679 0.000471698 0.000283019
3.03774 0.00113208 0.000471698 0.000849057
3 0.000377358 0.000566038 0.000471698
2.98113 0.000471698 0.000566038 0.000471698
2.9434 0.000188679 0.000377358 0.000283019
3.03774 0.000943396 0.000471698 0.000754717
3.11321 0.000943396 0.000566038 0.000754717
3.20755 0.00103774 0.000566038 0.000754717
3.15094 9.43396e-05 0.000377358 0.000283019
3.18868 0.000660377 0.000471698 0.000566038
3.18868 0.000471698 0.000471698 0.000471698
3.30189 0.00103774 0.000471698 0.000754717
3.33962 0.000377358 0.000188679 0.000283019
3.39623 0.000471698 0.000188679 0.000283019
3.37736 0.000188679 0.000283019 0.000283019
3.56604 0.00113208 0.000188679 0.000660377
3.62264 0.000566038 0.000283019 0.000377358
3.75472 0.000754717 9.43396e-05 0.000471698
3.88679 0.000660377 0 0.000283019
3.96226 0.000471698 9.43396e-05 0.000283019
4.01887 0.000283019 0 0.000188679
3.71698 0.000283019 0.00179245 0.00103774
3.66038 0.000377358 0.000660377 0.000471698
3.64151 0.000471698 0.000566038 0.000566038
3.64151 0.000660377 0.000660377 0.000660377
3.69811 0.000660377 0.000377358 0.000471698
3.81132 0.00103774 0.000471698 0.000754717
3.98113 0.00113208 0.000283019 0.000754717
4.18868 0.00122642 0.000188679 0.000660377
3.69811 0.00132075 0.00377358 0.00254717
3.73585 0.00132075 0.00113208 0.00122642
3.88679 0.00141509 0.000660377 0.00103774
3.41509 0.00132075 0.00367925 0.00254717
0.943396 0.00122642 0.0135849 0.00735849
0.490566 0.00113208 0.00339623 0.00226415
0.45283 0.00132075 0.00150943 0.00141509
0.358491 0.00122642 0.00169811 0.00150943
0.301887 0.000943396 0.00122642 0.00103774
0.207547 0.000566038 0.00103774 0.000849057
0.188679 0.000566038 0.000660377 0.000566038
0.377358 0.000660377 -0.000471698 9.43396e-05
1.86792 0 -0.00745283 -0.00367925
1.69811 0.000188679 0.00103774 0.000566038
1.30189 0.000566038 0.00254717 0.00160377
1.18868 0.000566038 0.00113208 0.000849057
1.20755 0.000943396 0.000849057 0.000849057
1.24528 0.00103774 0.000849057 0.000943396
1.32075 0.000943396 0.000566038 0.000754717
1.43396 0.00113208 0.000566038 0.000849057
1.22642 0.00160377 0.00264151 0.00216981
1.11321 9.43396e-05 0.000660377 0.000377358
1.11321 0.000283019 0.000283019 0.000283019
1.07547 9.43396e-05 0.000283019 0.000188679
1.0566 0.000377358 0.000471698 0.000377358
1.13208 0.000471698 9.43396e-05 0.000283019
0.943396 0.000377358 0.00132075 0.000849057
0.962264 9.43396e-05 0 9.43396e-05
1.69811 0.000660377 0.000660377 0.000660377
1.71698 0.00103774 0.000943396 0.00103774
1.62264 0.000754717 0.00122642 0.000943396
2.09434 0.00377358 0.00141509 0.00264151
1.88679 -9.43396e-05 0.000943396 0.000377358
1.9434 0.000943396 0.000660377 0.000849057
1.90566 0.000471698 0.000660377 0.000566038
1.86792 0.000660377 0.000849057 0.000754717
1.88679 0.000849057 0.000754717 0.000754717
2.39623 0.00301887 0.000471698 0.00179245
2.49057 0.00103774 0.000566038 0.000754717
2.37736 0.000188679 0.000754717 0.000471698
2.30189 9.43396e-05 0.000471698 0.000283019
2.35849 0.000566038 0.000283019 0.000471698
2.33962 0.000283019 0.000377358 0.000283019
2.39623 0.000660377 0.000377358 0.000566038
2.45283 0.000566038 0.000283019 0.000377358
2.96226 0.00292453 0.000377358 0.00169811
2.75472 -0.000188679 0.000849057 0.000283019
2.69811 9.43396e-05 0.000377358 0.000283019
2.75472 0.000471698 0.000188679 0.000283019
2.9434 0.00113208 0.000188679 0.000660377
2.92453 9.43396e-05 0.000188679 0.000188679
3.11321 0.00103774 9.43396e-05 0.000566038
3.11321 0.000188679 0.000188679 0.000188679
3.11321 0.000283019 0.000283019 0.000283019
3.18868 0.000943396 0.000566038 0.000754717
3.15094 0.000188679 0.000377358 0.000283019
3.45283 0.00179245 0.000283019 0.00103774
3.39623 9.43396e-05 0.000377358 0.000188679
3.4717 0.000849057 0.000471698 0.000660377
3.5283 0.000566038 0.000283019 0.000471698
3.50943 0.000188679 0.000283019 0.000188679
3.5283 0.000471698 0.000377358 0.000471698
3.49057 0.000377358 0.000566038 0.000471698
3.49057 0.000566038 0.000566038 0.000566038
3.5283 0.000754717 0.000566038 0.000660377
3.60377 0.000943396 0.000566038 0.000754717
3.71698 0.00122642 0.000660377 0.000943396
3.86792 0.00141509 0.000660377 0.00103774
0.603774 0.00150943 0.0178302 0.00962264
0.471698 0.00160377 0.00226415 0.00198113
0.320755 0.00150943 0.00226415 0.00188679
1.79245 0.0154717 0.00716981 0.0113208
2.11321 0.00226415 0.000660377 0.00141509
1.92453 0.000188679 0.00113208 0.000660377
1.69811 0.000283019 0.00141509 0.000849057
1.88679 0.00198113 0.00103774 0.00150943
1.88679 0.00150943 0.00150943 0.00150943
1.75472 0.000471698 0.00113208 0.000849057
1.71698 0.000660377 0.000849057 0.000754717
1.71698 0.000849057 0.000849057 0.000849057
1.41509 0.000660377 0.00216981 0.00141509
1.37736 0.000660377 0.000849057 0.000754717
1.35849 0.000754717 0.000849057 0.000754717
1.35849 0.000943396 0.000943396 0.000943396
1.26415 0.00103774 0.00150943 0.00132075
1.16981 0.00103774 0.00150943 0.00122642
1.22642 0.00113208 0.000849057 0.00103774
1.30189 0.000943396 0.000566038 0.000754717
1.32075 0.000660377 0.000566038 0.000566038
1.32075 0.000377358 0.000377358 0.000377358
1.30189 0.000188679 0.000283019 0.000283019
0.339623 -0.000188679 0.00462264 0.00216981
1.15094 0.000377358 0.000754717 0.000566038
1.22642 0.000849057 0.000471698 0.000660377
1.26415 0.00103774 0.000849057 0.000943396
1.24528 0.000943396 0.00103774 0.000943396
1.30189 0.000849057 0.000566038 0.000754717
1.20755 0.000471698 0.000943396 0.000660377
1.35849 0.00132075 0.000566038 0.000943396
1.22642 9.43396e-05 0.000754717 0.000471698
1.41509 0.00132075 0.000377358 0.000849057
1.49057 0.000566038 0.000188679 0.000377358
1.45283 0.000377358 0.000566038 0.000471698
1.5283 0.000566038 0.000188679 0.000377358
3.15094 9.43396e-05 -0.00801887 -0.00396226
3.20755 0.000754717 0.000471698 0.000566038
3.30189 0.00103774 0.000566038 0.000849057
3.03774 0 0.00132075 0.000660377
3.09434 0.00122642 0.000943396 0.00103774
3.0566 0.000377358 0.000566038 0.000471698
3 0.000377358 0.000660377 0.000566038
3 0.000566038 0.000566038 0.000566038
3.13208 0.00113208 0.000471698 0.000754717
3.15094 0.000377358 0.000283019 0.000377358
3.13208 0.000283019 0.000377358 0.000283019
3.24528 0.000943396 0.000377358 0.000660377
3.26415 0.000471698 0.000377358 0.000471698
3.26415 0.000377358 0.000377358 0.000377358
3.26415 0.000566038 0.000566038 0.000566038
3.18868 0.000471698 0.000849057 0.000660377
3.16981 0.000471698 0.000566038 0.000471698
3.24528 0.000754717 0.000377358 0.000566038
3.33962 0.000754717 0.000283019 0.000566038
3.35849 0.000471698 0.000377358 0.000377358
3.37736 0.000471698 0.000377358 0.000471698
3.50943 0.00113208 0.000471698 0.000754717
3.62264 0.000849057 0.000283019 0.000566038
3.83019 0.00132075 0.000283019 0.000849057
3.88679 0.000377358 9.43396e-05 0.000188679
3.86792 0.000283019 0.000377358 0.000377358
