Celerities (plug_length top_celerity bottom_celerity center_celerity) unit of Diameters and Diameters/s
5.22 -0.0004 0.0001 -0.0001
5.12 -0.0003 0.0002 -0.0001
5.06 -0.0001 0.0002 0.0001
5.06 0 0 0
5.06 0.0001 0.0001 0.0001
5.1 0.0001 -0.0001 0
5.1 0.0002 0.0002 0.0002
5.12 0.0002 0.0001 0.0001
5.18 0.0001 0.0003 0.0002
5.22 0.0002 0 0.0001
5.24 0.0002 0.0001 0.0001
5.3 0.0002 -0.0001 0.0001
5.3 0.0001 0.0001 0.0001
5.34 0.0002 0 0.0001
5.36 0 -0.0001 -0.0001
5.34 0 0.0001 0.0001
5.3 -0.0003 -0.0001 -0.0002
5.22 -0.0004 0 -0.0002
5.16 -0.0003 0 -0.0002
5.18 0 -0.0001 0
5.12 -0.0001 0.0002 0
5.14 0 -0.0001 0
5.16 0.0001 0 0
5.18 0.0002 0.0001 0.0002
5.3 0.0003 -0.0003 0
5.34 0.0002 0 0.0001
4.82353 9.80392e-05 9.80392e-05 9.80392e-05
4.86275 9.80392e-05 -9.80392e-05 0
4.88235 0.000196078 9.80392e-05 0.000196078
4.94118 9.80392e-05 -0.000196078 -9.80392e-05
5.70588 0 -0.00382353 -0.00186275
5.54902 -0.000196078 0.000588235 0.000196078
5.56863 9.80392e-05 0 0
5.4902 -9.80392e-05 0.000294118 9.80392e-05
5.45098 0 0.000196078 9.80392e-05
5.37255 0 0.000392157 0.000196078
5.29412 9.80392e-05 0.000490196 0.000294118
5.33333 9.80392e-05 -9.80392e-05 0
5.37255 9.80392e-05 -9.80392e-05 0
5.21569 -0.000490196 0.000294118 -9.80392e-05
5.09804 -0.000686275 -9.80392e-05 -0.000392157
5.05882 -0.000294118 -9.80392e-05 -0.000196078
4.94118 -9.80392e-05 0.000490196 0.000196078
4.90196 -9.80392e-05 9.80392e-05 0
4.94118 0.000294118 9.80392e-05 0.000196078
4.90196 0 0.000196078 9.80392e-05
4.94118 9.80392e-05 -9.80392e-05 0
4.98039 9.80392e-05 -9.80392e-05 0
5.34 0.0002 -0.0002 0
5.32 0.0001 0.0002 0.0001
5.32 0.0001 0.0001 0.0001
5.28 -0.0001 0.0001 0
5.28 0.0001 0.0001 0.0001
5.34 0 -0.0003 -0.0001
5.26 -0.0002 0.0002 0
5.2 -0.0003 0 -0.0002
5.2 -0.0001 -0.0001 -0.0001
5.18 0 0.0001 0.0001
4.8 -0.0001 0.0005 0.0002
4.8 0 0 0
4.74 0 0.0003 0.0002
4.76 0.0001 0 0
4.82 0.0002 -0.0001 0.0001
4.84 0.0002 0.0001 0.0001
4.9 0.0002 -0.0001 0.0001
4.88 0.0001 0.0002 0.0001
4.92 0.0002 0 0.0001
4.94 0.0001 0 0.0001
4.92 0 0.0001 0
4.92 -0.0001 -0.0001 -0.0001
4.88 -0.0001 0.0001 0
4.82 -0.0003 0 -0.0001
4.82 -0.0001 -0.0001 -0.0001
4.8 -0.0001 0 -0.0001
4.78 -0.0001 0 0
4.74 -0.0002 0 -0.0001
4.74 0 0 0
4.76 0 -0.0001 -0.0001
4.78 0.0002 0.0001 0.0002
4.86 0.0002 -0.0002 0
4.88 0.0002 0.0001 0.0001
4.92 0.0002 0 0.0001
4.94 0.0001 0 0.0001
4.94 0.0001 0.0001 0.0001
4.96 0 -0.0001 -0.0001
4.94 -0.0002 -0.0001 -0.0001
4.92 -0.0001 0 -0.0001
4.94 -0.0001 -0.0002 -0.0001
4.88 -0.0002 0.0001 -0.0001
4.84 -0.0003 -0.0001 -0.0002
4.78 -0.0001 0.0002 0.0001
4.78 0 0 0
4.8 0.0001 0 0
4.82 0.0002 0.0001 0.0002
4.88 0.0002 -0.0001 0
4.92 0.0003 0.0001 0.0002
4.92 0 0 0
4.9 -0.0001 0 0
4.86 -0.0002 0 -0.0001
4.86 -0.0001 -0.0001 -0.0001
4.82 -0.0001 0.0001 0
4.82 0 0 0
4.82 0 0 0
4.84 0.0001 0 0
4.88 0.0001 -0.0001 0
4.88 0.0001 0.0001 0.0001
4.92 0.0001 -0.0001 0
5.06 0.0003 -0.0004 0
5.64 0 -0.0029 -0.0015
5.72 0 -0.0004 -0.0002
5.58 -0.0002 0.0005 0.0002
5.54 0 0.0002 0.0001
5.52 -0.0002 -0.0001 -0.0002
5.44 -0.0003 0.0001 -0.0001
5.48 0 -0.0002 -0.0001
5.44 -0.0001 0.0001 0
5.5 0.0001 -0.0002 0
4.96 0.0002 0.0001 0.0001
5 0.0002 0 0.0001
5.04 0.0001 -0.0001 0
5.12 0.0001 -0.0003 -0.0001
5.08 0.0001 0.0003 0.0002
5.08 0 0 0
5.08 -0.0003 -0.0003 -0.0003
4.96 -0.0004 0.0002 -0.0001
4.82 -0.0001 0.0001 0
4.84 0.0001 0 0
4.8 0 0.0002 0.0001
4.84 0.0001 -0.0001 0
4.82 0 0.0001 0.0001
4.82 0.0001 0.0001 0.0001
4.86 0.0001 -0.0001 0
4.88 0.0001 0 0
4.98 0.0001 -0.0004 -0.0001
4.96 0.0001 0.0002 0.0001
4.98 0.0001 0 0.0001
5.04 0.0001 -0.0002 -0.0001
5 0 0.0002 0.0001
5.04 0.0001 -0.0001 0
5.02 0.0001 0.0002 0.0002
5 0 0.0001 0
5 0 0 0
4.98 0 0.0001 0.0001
5 -0.0001 -0.0002 -0.0002
4.96 0 0.0002 0.0001
4.88 0 0.0004 0.0002
4.84 -0.0001 0.0001 0
2.66 0 0.0109 0.0055
4.84 -0.0002 -0.0111 -0.0057
4.8 -0.0003 -0.0001 -0.0002
4.74 -0.0003 0 -0.0001
3.24 0.0002 0.0003 0.0002
3.28 0.0001 -0.0001 0
3.26 0 0.0001 0.0001
3.24 -0.0002 -0.0001 -0.0002
1.72 -0.0001 0.0075 0.0037
1.62 0.0001 0.0006 0.0004
1.5 0 0.0006 0.0003
1.5 0.0001 0.0001 0.0001
1.48 0 0.0001 0
2.52 0.0001 -0.0051 -0.0025
2.54 0.0002 0.0001 0.0002
3.48 0 0.0001 0
3.46 0.0001 0.0002 0.0002
3.34 0.0002 0.0008 0.0005
3.36 0.0002 0.0001 0.0001
3.42 0.0003 0 0.0002
3.44 0.0001 0 0
3.48 0 -0.0002 -0.0001
3.44 -0.0002 0 -0.0001
3.5 0 -0.0003 -0.0001
1.7 0.0003 0.0008 0.0006
1.64 0.0001 0.0004 0.0002
1.6 0.0002 0.0004 0.0003
1.36 0.0002 0.0014 0.0008
1.3 0.0002 0.0005 0.0004
1.34 0 -0.0002 -0.0001
1.5 0.0003 0.0004 0.0004
1.26 0.0003 0.0015 0.0009
1.08 0.0003 0.0012 0.0007
1.06 0.0002 0.0003 0.0003
1.06 0.0002 0.0002 0.0002
0.68 0.0002 0.0021 0.0011
0.6 0 0.0004 0.0002
0.6 -0.0001 -0.0001 -0.0001
0.26 -0.0004 0.0013 0.0005
