Celerities (plug_length top_celerity bottom_celerity center_celerity) unit of Diameters and Diameters/s
6.96429 0.000982143 0.00285714 0.001875
6.78571 0.000803571 0.00169643 0.00125
6.46429 0.000982143 0.00258929 0.00178571
6.32143 0.000982143 0.00169643 0.00133929
6.125 0.000803571 0.00178571 0.00133929
5.875 0.000892857 0.00214286 0.00151786
5.75 0.00107143 0.00169643 0.00133929
5.82143 0.00133929 0.000982143 0.00116071
5.51786 0.00142857 0.00294643 0.00223214
5.48214 0.00133929 0.00151786 0.00142857
5.25 0.00125 0.00241071 0.00178571
4.91071 0.00142857 0.003125 0.00232143
4.76786 0.00142857 0.00214286 0.00178571
4.57143 0.00125 0.00223214 0.00169643
4.5 0.00142857 0.00178571 0.00160714
4.44643 0.00133929 0.00160714 0.00151786
4.16071 0.00133929 0.00276786 0.00205357
3.67857 0.00160714 0.00401786 0.00276786
3.71429 0.00196429 0.00178571 0.001875
3.80357 0.00223214 0.00178571 0.00205357
3.28571 0.00223214 0.00482143 0.00348214
2.57143 0.00241071 0.00598214 0.00419643
2.66071 0.00241071 0.00196429 0.00223214
2.5 0.00214286 0.00294643 0.0025
2.30357 0.001875 0.00285714 0.00241071
2.30357 0.00169643 0.00169643 0.00169643
2.21429 0.00133929 0.00178571 0.00151786
1.71429 0.000535714 0.00303571 0.00178571
1.57143 0.000982143 0.00169643 0.00133929
5.41071 0.00142857 0.00285714 0.00214286
5.67857 0.00178571 0.000446429 0.00107143
4.85714 0.00178571 0.00589286 0.00383929
4.91071 0.00178571 0.00151786 0.00169643
4.875 0.00232143 0.0025 0.00241071
4.85714 0.00125 0.00133929 0.00125
5 0.00214286 0.00142857 0.00178571
5.16071 0.00160714 0.000803571 0.00125
5.58929 0.00241071 0.000267857 0.00133929
5.03571 0.00133929 0.00410714 0.00267857
5.25 0.00223214 0.00116071 0.00169643
5.41071 0.00133929 0.000535714 0.000982143
4.57143 0.00267857 0.006875 0.00473214
4.53571 0.00125 0.00142857 0.00133929
4.60714 0.00151786 0.00116071 0.00133929
4.35714 0.00196429 0.00321429 0.00258929
4.69643 0.00258929 0.000892857 0.00178571
4.83929 0.00125 0.000535714 0.000892857
4.94643 0.00142857 0.000892857 0.00116071
4.96429 0.001875 0.00178571 0.00178571
5.07143 0.00205357 0.00151786 0.00178571
4.85714 0.000178571 0.00125 0.000714286
4.92857 0.00107143 0.000714286 0.000892857
4.91071 0.000892857 0.000982143 0.000982143
4.83929 0.000982143 0.00133929 0.00116071
4.91071 0.00133929 0.000982143 0.00116071
5.25 0.00214286 0.000446429 0.00125
2.83929 8.92857e-05 0.000357143 0.000267857
2.89286 0.000535714 0.000267857 0.000357143
2.96429 0.000446429 8.92857e-05 0.000267857
3.17857 0.000982143 -8.92857e-05 0.000446429
3.41071 0.000892857 -0.000267857 0.000357143
3.53571 8.92857e-05 -0.000535714 -0.000267857
3.875 0.000357143 -0.00133929 -0.000446429
5.35714 0.000714286 0.000625 0.000625
5.5 0.000892857 0.000178571 0.000535714
5.66071 0.000803571 0 0.000446429
5.78571 0.00116071 0.000535714 0.000803571
5.85714 0.000714286 0.000357143 0.000535714
5.85714 0.000267857 0.000267857 0.000267857
5.875 0.000267857 0.000178571 0.000267857
5.75 -0.000178571 0.000446429 8.92857e-05
5.67857 0 0.000357143 0.000178571
5.64286 0 0.000178571 8.92857e-05
5.625 8.92857e-05 0.000178571 0.000178571
5.55357 0.000267857 0.000625 0.000446429
5.48214 0.000357143 0.000714286 0.000535714
5.48214 0.000446429 0.000446429 0.000446429
5.55357 0.000625 0.000267857 0.000446429
5.60714 0.000714286 0.000446429 0.000535714
5.71429 0.000625 8.92857e-05 0.000357143
5.58929 0.000535714 0.00116071 0.000892857
5.58929 0.000625 0.000625 0.000625
5.44643 0.000535714 0.00125 0.000892857
4.16071 0.000535714 0.00696429 0.00375
4.14286 0.000714286 0.000803571 0.000714286
4.23214 0.000892857 0.000446429 0.000714286
4.21429 0.000803571 0.000892857 0.000803571
3.85714 0.000803571 0.00258929 0.00169643
3.875 0.000803571 0.000714286 0.000803571
3.46429 0.000892857 0.00294643 0.001875
3.08929 0.000892857 0.00276786 0.001875
3.08929 0.000982143 0.000982143 0.000982143
3.125 0.000982143 0.000803571 0.000892857
3.14286 0.00116071 0.00107143 0.00107143
3.21429 0.000803571 0.000446429 0.000625
2.17857 0.000714286 0.00589286 0.00330357
2.17857 0.000625 0.000625 0.000625
2.125 0.000803571 0.00107143 0.000982143
1.96429 0.000535714 0.00133929 0.000892857
1.67857 0.000446429 0.001875 0.00116071
1.66071 0.000267857 0.000357143 0.000357143
0.285714 0 0.006875 0.00339286
0.0714286 -0.000357143 0.000714286 0.000178571
4.69643 0.000803571 0.00357143 0.00223214
4.80357 0.00116071 0.000625 0.000892857
4.76786 0.00116071 0.00133929 0.00125
4.83929 0.000803571 0.000446429 0.000625
5.07143 0.00151786 0.000357143 0.000892857
5.32143 0.00151786 0.000267857 0.000892857
5.41071 0.000357143 -8.92857e-05 0.000178571
5.82143 0.00142857 -0.000625 0.000357143
5.85714 0.00205357 0.001875 0.00196429
5.80357 0.000625 0.000892857 0.000803571
6.01786 0.00142857 0.000357143 0.000892857
6.33929 0.00160714 0 0.000803571
6.32143 8.92857e-05 0.000178571 8.92857e-05
6.25 -8.92857e-05 0.000267857 8.92857e-05
6.19643 0.000357143 0.000625 0.000535714
6.08929 0 0.000535714 0.000267857
6 -8.92857e-05 0.000357143 8.92857e-05
5.98214 0.000178571 0.000267857 0.000267857
5.92857 0.000267857 0.000535714 0.000357143
5.94643 0.000446429 0.000357143 0.000446429
5.96429 0.000357143 0.000267857 0.000267857
5.94643 0.000625 0.000714286 0.000714286
5.83929 0.000535714 0.00107143 0.000803571
5.83929 0.000714286 0.000714286 0.000714286
5.875 0.000803571 0.000625 0.000714286
5.82143 0.000714286 0.000982143 0.000803571
5.64286 0.000803571 0.00169643 0.00125
5.625 0.000803571 0.000892857 0.000892857
5.64286 0.000803571 0.000714286 0.000714286
5.32143 0.000714286 0.00232143 0.00151786
4.78571 0.000357143 0.00303571 0.00169643
4.60714 0.000446429 0.00133929 0.000892857
4.53571 0.000357143 0.000714286 0.000535714
4.23214 0.000446429 0.00196429 0.00125
4.14286 0.000446429 0.000892857 0.000625
3.76786 0.000625 0.0025 0.00160714
3.69643 0.000625 0.000982143 0.000803571
3.69643 0.000892857 0.000892857 0.000892857
3.71429 0.00107143 0.000982143 0.000982143
3.60714 0.00107143 0.00160714 0.00133929
3.46429 0.00107143 0.00178571 0.00142857
3.46429 0.000982143 0.000982143 0.000982143
3.46429 0.000625 0.000625 0.000625
3.125 0.000357143 0.00205357 0.00125
2.92857 0.000446429 0.00142857 0.000892857
2.75 0.000178571 0.00107143 0.000625
2.71429 0.000535714 0.000714286 0.000625
2.66071 0.000446429 0.000714286 0.000625
2.55357 8.92857e-05 0.000625 0.000357143
2.53571 0.000267857 0.000357143 0.000267857
2.5 0.000446429 0.000625 0.000535714
1.91071 0.000535714 0.00348214 0.00205357
1.85714 0.000446429 0.000714286 0.000535714
1.85714 0.000625 0.000625 0.000625
1.60714 0.000714286 0.00196429 0.00133929
3.55357 0.000178571 0.000267857 0.000267857
3.5 -0.000178571 8.92857e-05 -8.92857e-05
3.57143 0.000357143 0 0.000178571
3.07143 0.000178571 0.00267857 0.00142857
3.05357 0.000357143 0.000446429 0.000446429
2.75 0.000178571 0.00169643 0.000892857
2.67857 0.000178571 0.000535714 0.000357143
2.71429 0.000267857 8.92857e-05 0.000178571
2.76786 0.000446429 0.000178571 0.000357143
2.66071 0.000357143 0.000892857 0.000625
2.21429 0.000535714 0.00276786 0.00160714
2.21429 0.000535714 0.000535714 0.000535714
2.32143 0.000446429 -8.92857e-05 0.000178571
1.51786 0.000357143 0.004375 0.00241071
1.42857 0.000178571 0.000625 0.000357143
1.30357 0 0.000625 0.000357143
1.32143 8.92857e-05 0 0
0.571429 0 0.00375 0.001875
0.464286 -0.000535714 0 -0.000267857
3.94643 -0.000446429 -0.0182143 -0.00928571
3.91071 -8.92857e-05 8.92857e-05 0
3.96429 -8.92857e-05 -0.000357143 -0.000267857
3.94643 0.00214286 0.00223214 0.00223214
3.83929 -0.000357143 0.000178571 -8.92857e-05
3.78571 -0.000357143 -8.92857e-05 -0.000267857
3.55357 8.92857e-05 0.00125 0.000714286
3.625 0.000178571 -0.000178571 0
3.76786 0.000267857 -0.000446429 -8.92857e-05
3.60714 0.000446429 0.00125 0.000803571
1.78182 0.000363636 0.001 0.000636364
1.8 0.000181818 9.09091e-05 0.000181818
1.92727 0.000454545 -0.000181818 9.09091e-05
2 0.000181818 -0.000181818 0
2.12727 9.09091e-05 -0.000545455 -0.000181818
1.4 0.000181818 0.00381818 0.002
1.05455 -0.000636364 0.00109091 0.000181818
0.945455 -0.000727273 -0.000181818 -0.000454545
2.45455 9.09091e-05 0.000454545 0.000272727
2.54545 0.000363636 -9.09091e-05 9.09091e-05
2.18182 0.000454545 0.00227273 0.00136364
1.63636 0.000545455 0.00327273 0.00190909
1.65455 0.000727273 0.000636364 0.000727273
1.61818 0.000363636 0.000545455 0.000454545
1.56364 0 0.000272727 9.09091e-05
1.52727 0.000181818 0.000363636 0.000272727
1.43636 -0.000272727 0.000181818 0
1.47273 -0.000181818 -0.000363636 -0.000272727
0.890909 -0.000272727 0.00263636 0.00118182
0.818182 -0.000181818 0.000181818 0
0.836364 -0.000545455 -0.000636364 -0.000636364
4.2037 0.000277778 -0.000185185 9.25926e-05
3.85185 0.000277778 0.00203704 0.00111111
3.77778 0.000277778 0.000648148 0.000462963
3.68519 9.25926e-05 0.000555556 0.00037037
3.48148 9.25926e-05 0.00111111 0.000555556
3.42593 -0.000277778 0 -9.25926e-05
3.09259 -0.00037037 0.0012963 0.000462963
3.03704 0 0.000277778 9.25926e-05
2.75926 -0.000185185 0.0012037 0.000555556
2.7037 0 0.000277778 9.25926e-05
2.68519 0 9.25926e-05 9.25926e-05
2.64815 0 0.000185185 9.25926e-05
2.7037 0.000185185 -9.25926e-05 0
2.87037 0.000277778 -0.000555556 -9.25926e-05
1.61111 0.000462963 0.000648148 0.000555556
1.62963 0.000462963 0.00037037 0.00037037
1.83333 0.000555556 -0.000462963 9.25926e-05
1.42593 0.000462963 0.0025 0.00148148
1.48148 0.00037037 9.25926e-05 0.000185185
1.12963 0.000555556 0.00231481 0.00148148
2.92593 0.000555556 0.00203704 0.0012963
2.92593 0.000648148 0.000648148 0.000648148
2.81481 0.000740741 0.0012963 0.00101852
2.85185 0.000555556 0.00037037 0.000462963
2.59259 0.000555556 0.00185185 0.0012037
2.46296 0.000277778 0.000925926 0.000648148
2.55556 0.00037037 -9.25926e-05 9.25926e-05
1.27778 0.000277778 0.00666667 0.00351852
1.2037 0.000277778 0.000648148 0.000462963
1.22222 0.00037037 0.000277778 0.000277778
0.685185 0.000277778 0.00296296 0.00166667
3.03704 0.00037037 0.000185185 0.000277778
2.75926 0.000462963 0.00185185 0.0012037
2.68519 0.000462963 0.000833333 0.000648148
2.72222 0.000555556 0.00037037 0.000462963
2.75926 0.000555556 0.00037037 0.000462963
2.72222 0.000462963 0.000648148 0.000555556
2.09259 0.000462963 0.00361111 0.00203704
2.07407 0.000277778 0.00037037 0.000277778
2.09259 0.00037037 0.000277778 0.00037037
1.25926 0.00037037 0.00453704 0.00240741
1.16667 0.000462963 0.000925926 0.000740741
1.07407 0.000462963 0.000925926 0.000648148
0.962963 0 0.000555556 0.000277778
0.87037 0.000185185 0.000648148 0.000462963
0.796296 0.000277778 0.000648148 0.000462963
0.611111 -0.000277778 0.000648148 0.000185185
0.314815 -0.000277778 0.0012037 0.000462963
