Celerities (plug_length top_celerity bottom_celerity center_celerity) unit of Diameters and Diameters/s
0.150943 0.000377358 0.000754717 0.000566038
0.245283 0.000377358 -9.43396e-05 0.000188679
0.320755 9.43396e-05 -0.000283019 -9.43396e-05
0.396226 -9.43396e-05 -0.000471698 -0.000283019
0.433962 -9.43396e-05 -0.000283019 -0.000188679
0.509434 -0.000283019 -0.000660377 -0.000471698
5.0566 0.00198113 0.000377358 0.00113208
5.24528 0.00216981 0.00122642 0.00169811
5.60377 0.00216981 0.000377358 0.00132075
5.66038 0.000471698 0.000188679 0.000283019
6.01887 0.00150943 -0.000283019 0.000660377
2.18868 0.00122642 0.0203774 0.0107547
0.377358 0.00122642 0.010283 0.00575472
0.226415 0.000849057 0.00160377 0.00122642
