Brightness in each height
Heights/D : 39.2105 38.4316 37.6526 36.8737 36.0947 35.3158 34.5368 33.7579 32.9789 32.2 31.4211 30.6421 29.8632 29.0842 28.3053 27.5263 26.7474 25.9684 25.1895 24.4105 23.6316 22.8526 22.0737 21.2947 20.5158 19.7368 18.9579 18.1789 17.4 16.6211 15.8421 15.0632 14.2842 13.5053 12.7263 11.9474 11.1684 10.3895 9.61053 8.83158 8.05263 7.27368 6.49474 5.71579 4.93684 4.15789 3.37895 2.6 1.82105 1.04211 0.263158
1 : 165 154 153 157 158 164 160 160 164 164 167 167 167 167 164 173 172 174 175 174 164 65 0 0 0 0 0 0 0 0 0 0 0 0 0 0 0 0 0 0 0 0 0 0 0 0 0 0 0 0 0
2 : 164 153 153 157 158 164 161 160 165 165 166 168 167 168 165 173 172 174 176 175 165 66 0 0 0 0 0 0 0 0 0 0 0 0 0 0 0 0 0 0 0 0 0 0 0 0 0 0 0 0 0
3 : 165 155 155 158 159 166 162 161 166 165 168 169 169 169 166 174 173 175 177 176 166 67 0 0 0 0 0 0 0 0 0 0 0 0 0 0 0 0 0 0 0 0 0 0 0 0 0 0 0 0 0
4 : 164 153 153 156 157 164 161 160 164 163 166 168 167 168 164 173 172 173 175 174 164 66 0 0 0 0 0 0 0 0 0 0 0 0 0 0 0 0 0 0 0 0 0 0 0 0 0 0 0 0 0
5 : 164 153 152 156 157 164 160 159 164 164 167 168 167 168 165 172 172 173 175 175 164 66 0 0 0 0 0 0 0 0 0 0 0 0 0 0 0 0 0 0 0 0 0 0 0 0 0 0 0 0 0
6 : 165 153 153 156 157 164 160 160 164 163 166 168 166 167 164 172 172 173 175 174 164 66 0 0 0 0 0 0 0 0 0 0 0 0 0 0 0 0 0 0 0 0 0 0 0 0 0 0 0 0 0
7 : 164 153 152 156 157 164 160 159 164 163 166 168 167 167 165 172 172 174 175 174 164 67 0 0 0 0 0 0 0 0 0 0 0 0 0 0 0 0 0 0 0 0 0 0 0 0 0 0 0 0 0
8 : 165 155 153 157 158 165 162 160 165 164 167 169 167 168 165 173 172 174 175 174 164 67 0 0 0 0 0 0 0 0 0 0 0 0 0 0 0 0 0 0 0 0 0 0 0 0 0 0 0 0 0
9 : 164 153 153 156 157 163 160 159 164 164 166 167 166 167 164 172 171 173 174 174 163 67 0 0 0 0 0 0 0 0 0 0 0 0 0 0 0 0 0 0 0 0 0 0 0 0 0 0 0 0 0
10 : 165 154 153 157 158 164 161 160 165 164 167 168 167 168 165 173 172 174 175 175 164 67 0 0 0 0 0 0 0 0 0 0 0 0 0 0 0 0 0 0 0 0 0 0 0 0 0 0 0 0 0
11 : 164 153 153 156 157 163 160 159 164 163 166 167 167 168 164 172 172 173 175 174 164 66 0 0 0 0 0 0 0 0 0 0 0 0 0 0 0 0 0 0 0 0 0 0 0 0 0 0 0 0 0
12 : 164 153 153 156 157 164 160 160 164 164 167 168 167 168 164 173 172 173 175 174 164 67 0 0 0 0 0 0 0 0 0 0 0 0 0 0 0 0 0 0 0 0 0 0 0 0 0 0 0 0 0
13 : 165 154 154 157 158 164 161 160 165 164 167 168 167 169 165 173 173 174 175 175 165 67 0 0 0 0 0 0 0 0 0 0 0 0 0 0 0 0 0 0 0 0 0 0 0 0 0 0 0 0 0
14 : 164 153 152 156 157 163 161 160 164 163 166 168 166 167 164 172 172 173 175 174 163 67 0 0 0 0 0 0 0 0 0 0 0 0 0 0 0 0 0 0 0 0 0 0 0 0 0 0 0 0 0
15 : 164 153 153 156 157 163 161 160 164 164 166 168 166 168 164 173 171 173 175 174 164 68 0 0 0 0 0 0 0 0 0 0 0 0 0 0 0 0 0 0 0 0 0 0 0 0 0 0 0 0 0
16 : 164 153 153 156 157 163 161 160 164 164 167 168 167 167 164 173 172 173 175 174 164 68 0 0 0 0 0 0 0 0 0 0 0 0 0 0 0 0 0 0 0 0 0 0 0 0 0 0 0 0 0
17 : 163 152 152 155 157 163 159 158 163 163 165 166 166 167 163 171 171 172 173 174 163 69 0 0 0 0 0 0 0 0 0 0 0 0 0 0 0 0 0 0 0 0 0 0 0 0 0 0 0 0 0
18 : 165 155 154 158 159 165 162 161 165 165 168 169 168 169 166 174 173 174 176 175 166 71 0 0 0 0 0 0 0 0 0 0 0 0 0 0 0 0 0 0 0 0 0 0 0 0 0 0 0 0 0
19 : 164 153 153 156 157 164 161 159 164 164 166 167 167 167 164 172 172 173 175 174 164 71 0 0 0 0 0 0 0 0 0 0 0 0 0 0 0 0 0 0 0 0 0 0 0 0 0 0 0 0 0
20 : 163 153 153 156 156 163 160 159 163 163 166 167 166 167 164 171 171 172 174 173 163 71 0 0 0 0 0 0 0 0 0 0 0 0 0 0 0 0 0 0 0 0 0 0 0 0 0 0 0 0 0
21 : 163 153 153 156 156 163 160 159 163 163 165 167 167 167 164 171 171 173 174 173 164 71 0 0 0 0 0 0 0 0 0 0 0 0 0 0 0 0 0 0 0 0 0 0 0 0 0 0 0 0 0
22 : 163 152 153 155 157 163 160 158 163 162 165 166 166 166 163 171 171 172 173 173 163 71 0 0 0 0 0 0 0 0 0 0 0 0 0 0 0 0 0 0 0 0 0 0 0 0 0 0 0 0 0
23 : 165 154 154 157 158 164 161 160 165 164 167 168 167 168 164 173 173 173 175 174 165 73 0 0 0 0 0 0 0 0 0 0 0 0 0 0 0 0 0 0 0 0 0 0 0 0 0 0 0 0 0
24 : 164 153 154 156 157 164 161 159 163 163 166 168 167 167 164 172 172 173 174 173 165 72 0 0 0 0 0 0 0 0 0 0 0 0 0 0 0 0 0 0 0 0 0 0 0 0 0 0 0 0 0
25 : 163 153 152 156 156 163 160 159 163 163 166 166 165 166 164 171 172 172 174 173 163 72 0 0 0 0 0 0 0 0 0 0 0 0 0 0 0 0 0 0 0 0 0 0 0 0 0 0 0 0 0
26 : 164 153 153 156 156 163 160 159 163 163 166 166 166 166 164 171 172 172 174 173 164 73 0 0 0 0 0 0 0 0 0 0 0 0 0 0 0 0 0 0 0 0 0 0 0 0 0 0 0 0 0
27 : 163 152 153 155 156 162 159 158 162 161 165 166 165 165 163 171 170 172 173 172 162 73 0 0 0 0 0 0 0 0 0 0 0 0 0 0 0 0 0 0 0 0 0 0 0 0 0 0 0 0 0
28 : 165 154 154 156 157 164 162 160 165 164 167 168 167 168 165 172 172 174 175 174 164 74 0 0 0 0 0 0 0 0 0 0 0 0 0 0 0 0 0 0 0 0 0 0 0 0 0 0 0 0 0
29 : 164 153 153 156 157 163 161 159 164 163 166 167 167 167 164 171 172 173 175 174 162 74 0 0 0 0 0 0 0 0 0 0 0 0 0 0 0 0 0 0 0 0 0 0 0 0 0 0 0 0 0
30 : 164 154 154 156 157 164 161 160 164 164 167 168 167 168 165 172 173 173 175 174 163 74 0 0 0 0 0 0 0 0 0 0 0 0 0 0 0 0 0 0 0 0 0 0 0 0 0 0 0 0 0
31 : 164 153 154 156 156 163 161 160 164 164 166 167 167 167 164 172 172 173 174 174 162 74 0 0 0 0 0 0 0 0 0 0 0 0 0 0 0 0 0 0 0 0 0 0 0 0 0 0 0 0 0
32 : 163 152 153 155 155 162 160 159 163 163 165 166 165 166 164 171 171 172 174 173 161 73 0 0 0 0 0 0 0 0 0 0 0 0 0 0 0 0 0 0 0 0 0 0 0 0 0 0 0 0 0
33 : 165 154 155 157 157 165 162 160 165 164 167 168 167 168 165 173 173 174 175 175 164 74 0 0 0 0 0 0 0 0 0 0 0 0 0 0 0 0 0 0 0 0 0 0 0 0 0 0 0 0 0
34 : 164 154 153 156 157 163 160 159 164 163 165 167 166 167 164 171 172 173 174 174 162 74 0 0 0 0 0 0 0 0 0 0 0 0 0 0 0 0 0 0 0 0 0 0 0 0 0 0 0 0 0
35 : 163 153 153 156 156 163 160 159 163 163 165 167 166 167 164 171 172 172 174 173 163 73 0 0 0 0 0 0 0 0 0 0 0 0 0 0 0 0 0 0 0 0 0 0 0 0 0 0 0 0 0
36 : 164 154 154 156 157 164 161 160 164 164 166 167 167 167 165 172 172 173 175 174 163 74 0 0 0 0 0 0 0 0 0 0 0 0 0 0 0 0 0 0 0 0 0 0 0 0 0 0 0 0 0
37 : 163 152 152 155 156 163 160 158 163 162 166 167 166 166 164 171 171 172 173 173 162 73 0 0 0 0 0 0 0 0 0 0 0 0 0 0 0 0 0 0 0 0 0 0 0 0 0 0 0 0 0
38 : 166 154 155 157 158 165 162 161 165 164 167 168 168 168 166 172 173 174 175 174 165 74 0 0 0 0 0 0 0 0 0 0 0 0 0 0 0 0 0 0 0 0 0 0 0 0 0 0 0 0 0
39 : 164 153 153 155 156 162 160 159 163 163 166 167 166 167 164 171 171 172 174 173 163 73 0 0 0 0 0 0 0 0 0 0 0 0 0 0 0 0 0 0 0 0 0 0 0 0 0 0 0 0 0
40 : 163 153 153 155 156 163 160 159 163 162 166 166 166 166 163 171 172 172 174 173 163 73 0 0 0 0 0 0 0 0 0 0 0 0 0 0 0 0 0 0 0 0 0 0 0 0 0 0 0 0 0
41 : 165 153 153 155 157 163 160 160 164 163 166 168 167 167 164 171 172 173 174 173 163 74 0 0 0 0 0 0 0 0 0 0 0 0 0 0 0 0 0 0 0 0 0 0 0 0 0 0 0 0 0
42 : 164 153 154 156 157 163 161 159 164 163 166 167 167 167 164 171 172 173 175 174 163 74 0 0 0 0 0 0 0 0 0 0 0 0 0 0 0 0 0 0 0 0 0 0 0 0 0 0 0 0 0
43 : 166 155 155 157 159 165 162 161 166 165 168 169 168 169 166 173 174 174 176 175 165 74 0 0 0 0 0 0 0 0 0 0 0 0 0 0 0 0 0 0 0 0 0 0 0 0 0 0 0 0 0
44 : 164 152 153 155 156 162 160 159 163 162 165 166 165 166 163 171 171 171 173 173 162 73 0 0 0 0 0 0 0 0 0 0 0 0 0 0 0 0 0 0 0 0 0 0 0 0 0 0 0 0 0
45 : 164 153 153 156 156 163 161 159 164 163 166 167 166 167 164 172 172 173 174 174 163 74 0 0 0 0 0 0 0 0 0 0 0 0 0 0 0 0 0 0 0 0 0 0 0 0 0 0 0 0 0
46 : 164 153 153 156 157 163 161 159 163 163 166 167 166 167 164 171 172 173 174 173 163 73 0 0 0 0 0 0 0 0 0 0 0 0 0 0 0 0 0 0 0 0 0 0 0 0 0 0 0 0 0
47 : 163 152 152 155 155 162 159 158 162 162 165 166 165 166 163 171 171 172 174 173 161 73 0 0 0 0 0 0 0 0 0 0 0 0 0 0 0 0 0 0 0 0 0 0 0 0 0 0 0 0 0
48 : 165 153 154 157 157 164 161 160 164 163 166 168 167 167 165 172 172 173 175 174 163 74 0 0 0 0 0 0 0 0 0 0 0 0 0 0 0 0 0 0 0 0 0 0 0 0 0 0 0 0 0
49 : 164 152 154 156 157 164 161 159 164 164 166 167 166 167 164 171 172 173 175 173 163 74 0 0 0 0 0 0 0 0 0 0 0 0 0 0 0 0 0 0 0 0 0 0 0 0 0 0 0 0 0
50 : 164 153 153 156 156 163 160 159 163 163 166 167 166 167 164 171 172 172 174 173 163 74 0 0 0 0 0 0 0 0 0 0 0 0 0 0 0 0 0 0 0 0 0 0 0 0 0 0 0 0 0
51 : 164 153 154 156 157 163 160 159 164 163 166 167 167 167 165 171 172 172 174 174 163 74 0 0 0 0 0 0 0 0 0 0 0 0 0 0 0 0 0 0 0 0 0 0 0 0 0 0 0 0 0
52 : 163 152 153 155 156 163 160 159 163 163 165 167 166 166 163 171 172 172 174 173 162 73 0 0 0 0 0 0 0 0 0 0 0 0 0 0 0 0 0 0 0 0 0 0 0 0 0 0 0 0 0
53 : 166 155 156 158 158 165 162 161 165 165 167 169 168 169 166 173 173 174 175 175 165 74 0 0 0 0 0 0 0 0 0 0 0 0 0 0 0 0 0 0 0 0 0 0 0 0 0 0 0 0 0
54 : 163 153 153 155 157 162 160 159 163 162 166 167 166 167 164 171 172 172 174 173 163 74 0 0 0 0 0 0 0 0 0 0 0 0 0 0 0 0 0 0 0 0 0 0 0 0 0 0 0 0 0
55 : 164 153 153 155 156 164 161 159 164 163 166 167 167 167 165 171 173 173 173 173 164 74 0 0 0 0 0 0 0 0 0 0 0 0 0 0 0 0 0 0 0 0 0 0 0 0 0 0 0 0 0
56 : 164 153 154 156 157 163 161 159 164 164 166 167 167 167 165 172 172 173 174 174 163 74 0 0 0 0 0 0 0 0 0 0 0 0 0 0 0 0 0 0 0 0 0 0 0 0 0 0 0 0 0
57 : 163 152 153 155 156 162 160 158 163 162 165 167 166 167 163 171 171 172 173 172 163 74 0 0 0 0 0 0 0 0 0 0 0 0 0 0 0 0 0 0 0 0 0 0 0 0 0 0 0 0 0
58 : 166 155 155 158 158 165 162 161 165 165 168 169 169 168 166 173 174 175 176 175 165 75 0 0 0 0 0 0 0 0 0 0 0 0 0 0 0 0 0 0 0 0 0 0 0 0 0 0 0 0 0
59 : 164 153 153 156 156 163 160 159 163 164 166 167 166 167 164 171 172 173 174 174 163 74 0 0 0 0 0 0 0 0 0 0 0 0 0 0 0 0 0 0 0 0 0 0 0 0 0 0 0 0 0
60 : 164 153 154 156 156 163 161 159 164 164 166 167 167 167 164 172 172 173 174 174 163 74 0 0 0 0 0 0 0 0 0 0 0 0 0 0 0 0 0 0 0 0 0 0 0 0 0 0 0 0 0
61 : 164 153 153 156 156 162 160 159 163 163 165 167 165 167 164 171 171 172 173 173 162 74 0 0 0 0 0 0 0 0 0 0 0 0 0 0 0 0 0 0 0 0 0 0 0 0 0 0 0 0 0
62 : 163 152 152 155 154 161 159 158 163 162 165 166 165 166 163 170 171 172 173 173 162 74 0 0 0 0 0 0 0 0 0 0 0 0 0 0 0 0 0 0 0 0 0 0 0 0 0 0 0 0 0
63 : 165 154 155 157 157 164 162 160 164 164 166 168 167 168 165 172 172 173 175 174 163 75 0 0 0 0 0 0 0 0 0 0 0 0 0 0 0 0 0 0 0 0 0 0 0 0 0 0 0 0 0
64 : 164 153 153 155 156 163 160 159 163 163 166 167 166 167 165 171 172 173 174 174 163 74 0 0 0 0 0 0 0 0 0 0 0 0 0 0 0 0 0 0 0 0 0 0 0 0 0 0 0 0 0
65 : 164 153 153 155 156 163 160 159 163 162 166 166 166 166 164 171 172 173 174 173 162 74 0 0 0 0 0 0 0 0 0 0 0 0 0 0 0 0 0 0 0 0 0 0 0 0 0 0 0 0 0
66 : 164 153 154 156 156 164 160 159 164 163 166 167 167 167 164 171 172 173 174 174 163 74 0 0 0 0 0 0 0 0 0 0 0 0 0 0 0 0 0 0 0 0 0 0 0 0 0 0 0 0 0
67 : 163 152 153 155 156 162 160 159 163 163 165 167 166 166 163 171 171 172 173 173 163 75 0 0 0 0 0 0 0 0 0 0 0 0 0 0 0 0 0 0 0 0 0 0 0 0 0 0 0 0 0
68 : 166 154 155 157 158 164 161 160 165 165 167 168 168 168 166 172 174 174 176 174 165 76 0 0 0 0 0 0 0 0 0 0 0 0 0 0 0 0 0 0 0 0 0 0 0 0 0 0 0 0 0
69 : 164 153 154 156 157 163 160 159 164 164 166 167 167 167 165 171 172 172 174 173 164 77 0 0 0 0 0 0 0 0 0 0 0 0 0 0 0 0 0 0 0 0 0 0 0 0 0 0 0 0 0
70 : 164 153 153 156 156 163 160 159 163 163 165 167 166 167 164 170 172 172 173 172 165 77 0 0 0 0 0 0 0 0 0 0 0 0 0 0 0 0 0 0 0 0 0 0 0 0 0 0 0 0 0
71 : 164 153 153 156 157 163 161 159 163 163 166 167 167 166 164 171 172 172 173 173 166 79 0 0 0 0 0 0 0 0 0 0 0 0 0 0 0 0 0 0 0 0 0 0 0 0 0 0 0 0 0
72 : 163 152 152 155 155 162 160 158 163 162 165 166 165 166 164 169 171 172 173 171 166 80 0 0 0 0 0 0 0 0 0 0 0 0 0 0 0 0 0 0 0 0 0 0 0 0 0 0 0 0 0
73 : 165 154 154 156 157 164 161 159 163 163 167 168 167 167 165 170 172 172 174 172 167 82 0 0 0 0 0 0 0 0 0 0 0 0 0 0 0 0 0 0 0 0 0 0 0 0 0 0 0 0 0
74 : 164 153 154 156 155 163 160 159 164 163 166 167 166 167 165 169 172 172 172 172 167 84 0 0 0 0 0 0 0 0 0 0 0 0 0 0 0 0 0 0 0 0 0 0 0 0 0 0 0 0 0
75 : 164 153 154 157 156 163 161 159 163 163 166 167 166 167 165 169 173 172 173 172 167 86 0 0 0 0 0 0 0 0 0 0 0 0 0 0 0 0 0 0 0 0 0 0 0 0 0 0 0 0 0
76 : 164 153 153 156 156 163 160 159 163 163 166 167 166 166 165 169 172 172 172 173 168 88 0 0 0 0 0 0 0 0 0 0 0 0 0 0 0 0 0 0 0 0 0 0 0 0 0 0 0 0 0
77 : 163 152 153 155 155 161 159 158 163 162 164 165 165 165 163 167 171 170 171 171 168 89 0 0 0 0 0 0 0 0 0 0 0 0 0 0 0 0 0 0 0 0 0 0 0 0 0 0 0 0 0
78 : 164 154 154 156 157 164 161 159 163 163 167 166 167 167 166 169 173 172 173 172 171 92 0 0 0 0 0 0 0 0 0 0 0 0 0 0 0 0 0 0 0 0 0 0 0 0 0 0 0 0 0
79 : 163 153 154 155 155 162 160 159 163 162 165 166 166 165 164 168 171 171 172 171 171 93 0 0 0 0 0 0 0 0 0 0 0 0 0 0 0 0 0 0 0 0 0 0 0 0 0 0 0 0 0
80 : 164 153 154 156 156 163 160 158 163 162 166 167 167 165 164 168 172 171 172 171 169 96 0 0 0 0 0 0 0 0 0 0 0 0 0 0 0 0 0 0 0 0 0 0 0 0 0 0 0 0 0
81 : 164 153 153 156 156 162 160 158 163 162 166 167 167 165 164 168 172 172 172 171 167 100 0 0 0 0 0 0 0 0 0 0 0 0 0 0 0 0 0 0 0 0 0 0 0 0 0 0 0 0 0
82 : 163 151 152 154 155 161 159 156 162 161 165 165 166 164 163 166 171 170 170 170 162 104 0 0 0 0 0 0 0 0 0 0 0 0 0 0 0 0 0 0 0 0 0 0 0 0 0 0 0 0 0
83 : 165 154 155 157 156 163 161 158 164 163 166 167 168 166 165 168 173 172 172 171 163 109 0 0 0 0 0 0 0 0 0 0 0 0 0 0 0 0 0 0 0 0 0 0 0 0 0 0 0 0 0
84 : 163 153 153 155 155 162 159 157 163 162 165 166 167 165 164 167 172 171 171 170 161 111 1 0 0 0 0 0 0 0 0 0 0 0 0 0 0 0 0 0 0 0 0 0 0 0 0 0 0 0 0
85 : 164 153 154 157 156 163 160 158 164 163 166 167 167 166 164 168 172 172 172 170 164 120 1 0 0 0 0 0 0 0 0 0 0 0 0 0 0 0 0 0 0 0 0 0 0 0 0 0 0 0 0
86 : 164 153 154 156 156 162 160 157 163 162 165 166 167 166 164 167 172 171 172 170 165 120 1 0 0 0 0 0 0 0 0 0 0 0 0 0 0 0 0 0 0 0 0 0 0 0 0 0 0 0 0
87 : 163 152 152 155 155 162 159 157 162 161 165 166 166 165 164 167 171 171 171 169 166 118 1 0 0 0 0 0 0 0 0 0 0 0 0 0 0 0 0 0 0 0 0 0 0 0 0 0 0 0 0
88 : 165 154 154 156 156 163 160 158 163 163 166 166 166 166 164 167 172 171 172 170 168 119 1 0 0 0 0 0 0 0 0 0 0 0 0 0 0 0 0 0 0 0 0 0 0 0 0 0 0 0 0
89 : 164 154 153 156 156 163 160 158 163 162 166 167 167 165 164 167 172 172 172 171 169 123 2 0 0 0 0 0 0 0 0 0 0 0 0 0 0 0 0 0 0 0 0 0 0 0 0 0 0 0 0
90 : 165 153 154 156 156 163 160 158 164 163 166 166 167 166 165 168 173 172 172 171 170 124 2 0 0 0 0 0 0 0 0 0 0 0 0 0 0 0 0 0 0 0 0 0 0 0 0 0 0 0 0
91 : 164 153 153 156 156 163 160 158 163 162 166 166 167 165 165 167 173 171 172 171 170 121 2 0 0 0 0 0 0 0 0 0 0 0 0 0 0 0 0 0 0 0 0 0 0 0 0 0 0 0 0
92 : 163 152 153 156 156 162 160 157 163 161 165 166 167 164 164 167 172 171 171 170 170 119 2 0 0 0 0 0 0 0 0 0 0 0 0 0 0 0 0 0 0 0 0 0 0 0 0 0 0 0 0
93 : 164 154 153 157 156 163 161 158 164 162 166 167 167 165 165 167 172 171 172 171 170 120 2 0 0 0 0 0 0 0 0 0 0 0 0 0 0 0 0 0 0 0 0 0 0 0 0 0 0 0 0
94 : 164 153 153 156 156 162 160 158 163 162 166 166 167 165 164 167 172 171 171 170 170 120 2 0 0 0 0 0 0 0 0 0 0 0 0 0 0 0 0 0 0 0 0 0 0 0 0 0 0 0 0
95 : 164 153 153 157 157 163 161 158 164 163 166 167 167 166 165 167 172 172 172 171 169 120 2 0 0 0 0 0 0 0 0 0 0 0 0 0 0 0 0 0 0 0 0 0 0 0 0 0 0 0 0
96 : 165 153 154 156 156 163 161 158 163 162 166 167 167 166 165 167 173 171 172 170 169 120 2 0 0 0 0 0 0 0 0 0 0 0 0 0 0 0 0 0 0 0 0 0 0 0 0 0 0 0 0
97 : 164 152 153 156 155 162 159 157 162 162 165 165 166 164 164 166 172 170 171 169 166 117 2 0 0 0 0 0 0 0 0 0 0 0 0 0 0 0 0 0 0 0 0 0 0 0 0 0 0 0 0
98 : 165 154 154 157 157 163 161 159 164 163 166 167 168 166 165 168 173 172 172 171 166 119 1 0 0 0 0 0 0 0 0 0 0 0 0 0 0 0 0 0 0 0 0 0 0 0 0 0 0 0 0
99 : 164 153 153 157 156 163 160 158 163 162 166 166 167 165 164 167 172 171 172 170 165 119 1 0 0 0 0 0 0 0 0 0 0 0 0 0 0 0 0 0 0 0 0 0 0 0 0 0 0 0 0
100 : 163 152 153 155 155 162 160 157 162 162 165 166 167 165 164 166 172 170 171 169 163 119 1 0 0 0 0 0 0 0 0 0 0 0 0 0 0 0 0 0 0 0 0 0 0 0 0 0 0 0 0
101 : 164 153 153 156 155 162 160 158 163 162 165 166 167 165 164 167 172 171 171 169 161 121 1 0 0 0 0 0 0 0 0 0 0 0 0 0 0 0 0 0 0 0 0 0 0 0 0 0 0 0 0
