Brightness in each height
Heights/D : 41.3889 40.5667 39.7444 38.9222 38.1 37.2778 36.4556 35.6333 34.8111 33.9889 33.1667 32.3444 31.5222 30.7 29.8778 29.0556 28.2333 27.4111 26.5889 25.7667 24.9444 24.1222 23.3 22.4778 21.6556 20.8333 20.0111 19.1889 18.3667 17.5444 16.7222 15.9 15.0778 14.2556 13.4333 12.6111 11.7889 10.9667 10.1444 9.32222 8.5 7.67778 6.85556 6.03333 5.21111 4.38889 3.56667 2.74444 1.92222 1.1 0.277778
1 : 201 198 188 187 193 199 199 197 203 202 200 203 197 201 181 80 0 0 0 0 0 0 0 0 0 0 0 0 0 0 0 0 0 0 0 0 0 0 0 0 0 0 0 0 0 0 0 0 0 0 0
2 : 201 198 187 185 191 198 199 197 201 201 199 202 196 200 181 80 0 0 0 0 0 0 0 0 0 0 0 0 0 0 0 0 0 0 0 0 0 0 0 0 0 0 0 0 0 0 0 0 0 0 0
3 : 203 199 188 187 193 199 200 198 202 201 200 202 197 201 182 81 0 0 0 0 0 0 0 0 0 0 0 0 0 0 0 0 0 0 0 0 0 0 0 0 0 0 0 0 0 0 0 0 0 0 0
4 : 200 196 185 184 190 197 197 195 199 199 197 200 194 198 179 80 0 0 0 0 0 0 0 0 0 0 0 0 0 0 0 0 0 0 0 0 0 0 0 0 0 0 0 0 0 0 0 0 0 0 0
5 : 201 197 187 185 191 197 198 196 200 200 198 201 195 199 180 82 0 0 0 0 0 0 0 0 0 0 0 0 0 0 0 0 0 0 0 0 0 0 0 0 0 0 0 0 0 0 0 0 0 0 0
6 : 202 199 188 187 194 200 200 198 202 201 200 203 197 201 183 85 0 0 0 0 0 0 0 0 0 0 0 0 0 0 0 0 0 0 0 0 0 0 0 0 0 0 0 0 0 0 0 0 0 0 0
7 : 202 199 187 186 193 199 198 197 202 201 199 202 197 200 182 84 0 0 0 0 0 0 0 0 0 0 0 0 0 0 0 0 0 0 0 0 0 0 0 0 0 0 0 0 0 0 0 0 0 0 0
8 : 201 198 186 186 193 198 197 196 201 201 199 202 197 199 183 85 0 0 0 0 0 0 0 0 0 0 0 0 0 0 0 0 0 0 0 0 0 0 0 0 0 0 0 0 0 0 0 0 0 0 0
9 : 202 199 188 187 193 199 198 197 202 202 200 202 197 199 184 86 0 0 0 0 0 0 0 0 0 0 0 0 0 0 0 0 0 0 0 0 0 0 0 0 0 0 0 0 0 0 0 0 0 0 0
10 : 202 199 187 186 193 198 198 197 202 201 200 202 197 198 185 87 0 0 0 0 0 0 0 0 0 0 0 0 0 0 0 0 0 0 0 0 0 0 0 0 0 0 0 0 0 0 0 0 0 0 0
11 : 202 198 187 186 193 198 197 197 201 201 199 202 197 197 186 90 0 0 0 0 0 0 0 0 0 0 0 0 0 0 0 0 0 0 0 0 0 0 0 0 0 0 0 0 0 0 0 0 0 0 0
12 : 201 197 186 186 192 197 197 196 201 200 199 201 196 196 185 92 0 0 0 0 0 0 0 0 0 0 0 0 0 0 0 0 0 0 0 0 0 0 0 0 0 0 0 0 0 0 0 0 0 0 0
13 : 201 198 187 187 193 199 198 196 202 201 200 202 197 198 186 98 1 0 0 0 0 0 0 0 0 0 0 0 0 0 0 0 0 0 0 0 0 0 0 0 0 0 0 0 0 0 0 0 0 0 0
14 : 202 199 187 187 194 198 198 197 202 202 200 202 197 199 188 101 1 0 0 0 0 0 0 0 0 0 0 0 0 0 0 0 0 0 0 0 0 0 0 0 0 0 0 0 0 0 0 0 0 0 0
15 : 200 198 185 185 192 197 195 196 201 200 198 201 196 197 186 101 1 0 0 0 0 0 0 0 0 0 0 0 0 0 0 0 0 0 0 0 0 0 0 0 0 0 0 0 0 0 0 0 0 0 0
16 : 200 198 186 186 194 198 196 196 201 201 199 202 196 198 187 104 1 0 0 0 0 0 0 0 0 0 0 0 0 0 0 0 0 0 0 0 0 0 0 0 0 0 0 0 0 0 0 0 0 0 0
17 : 200 198 186 185 192 197 196 196 201 201 199 201 196 197 187 106 1 0 0 0 0 0 0 0 0 0 0 0 0 0 0 0 0 0 0 0 0 0 0 0 0 0 0 0 0 0 0 0 0 0 0
18 : 199 198 185 185 193 197 196 195 201 201 199 201 196 197 188 108 1 0 0 0 0 0 0 0 0 0 0 0 0 0 0 0 0 0 0 0 0 0 0 0 0 0 0 0 0 0 0 0 0 0 0
19 : 198 199 186 185 193 197 195 195 200 200 199 200 196 196 188 110 1 0 0 0 0 0 0 0 0 0 0 0 0 0 0 0 0 0 0 0 0 0 0 0 0 0 0 0 0 0 0 0 0 0 0
20 : 199 200 187 187 194 198 197 197 203 202 201 202 198 198 187 116 1 0 0 0 0 0 0 0 0 0 0 0 0 0 0 0 0 0 0 0 0 0 0 0 0 0 0 0 0 0 0 0 0 0 0
21 : 200 200 187 187 195 199 197 197 203 203 201 202 198 198 187 124 1 0 0 0 0 0 0 0 0 0 0 0 0 0 0 0 0 0 0 0 0 0 0 0 0 0 0 0 0 0 0 0 0 0 0
22 : 198 199 185 185 192 197 195 196 201 200 198 200 196 195 185 130 1 0 0 0 0 0 0 0 0 0 0 0 0 0 0 0 0 0 0 0 0 0 0 0 0 0 0 0 0 0 0 0 0 0 0
23 : 200 201 187 187 194 199 197 197 202 202 200 203 198 198 185 136 1 0 0 0 0 0 0 0 0 0 0 0 0 0 0 0 0 0 0 0 0 0 0 0 0 0 0 0 0 0 0 0 0 0 0
24 : 198 199 185 184 192 196 193 195 201 199 198 201 196 194 182 137 2 0 0 0 0 0 0 0 0 0 0 0 0 0 0 0 0 0 0 0 0 0 0 0 0 0 0 0 0 0 0 0 0 0 0
25 : 198 200 186 185 193 198 194 195 203 201 198 201 197 195 183 135 2 0 0 0 0 0 0 0 0 0 0 0 0 0 0 0 0 0 0 0 0 0 0 0 0 0 0 0 0 0 0 0 0 0 0
26 : 199 202 187 187 194 199 195 196 203 202 200 202 198 197 184 134 3 0 0 0 0 0 0 0 0 0 0 0 0 0 0 0 0 0 0 0 0 0 0 0 0 0 0 0 0 0 0 0 0 0 0
27 : 196 200 186 185 193 197 193 195 202 201 199 201 196 196 183 137 3 0 0 0 0 0 0 0 0 0 0 0 0 0 0 0 0 0 0 0 0 0 0 0 0 0 0 0 0 0 0 0 0 0 0
28 : 197 199 186 185 192 197 193 195 201 200 197 199 195 194 182 143 5 0 0 0 0 0 0 0 0 0 0 0 0 0 0 0 0 0 0 0 0 0 0 0 0 0 0 0 0 0 0 0 0 0 0
29 : 195 198 185 184 191 196 192 194 200 199 196 198 195 193 182 142 7 0 0 0 0 0 0 0 0 0 0 0 0 0 0 0 0 0 0 0 0 0 0 0 0 0 0 0 0 0 0 0 0 0 0
30 : 196 199 185 184 191 196 193 194 200 200 197 199 195 193 183 146 10 0 0 0 0 0 0 0 0 0 0 0 0 0 0 0 0 0 0 0 0 0 0 0 0 0 0 0 0 0 0 0 0 0 0
31 : 195 198 185 184 191 196 193 194 200 199 196 198 195 192 183 146 14 0 0 0 0 0 0 0 0 0 0 0 0 0 0 0 0 0 0 0 0 0 0 0 0 0 0 0 0 0 0 0 0 0 0
32 : 196 199 186 185 192 198 194 194 200 200 197 199 196 193 185 145 12 0 0 0 0 0 0 0 0 0 0 0 0 0 0 0 0 0 0 0 0 0 0 0 0 0 0 0 0 0 0 0 0 0 0
33 : 196 200 186 185 191 198 194 194 201 200 198 199 196 194 186 148 13 0 0 0 0 0 0 0 0 0 0 0 0 0 0 0 0 0 0 0 0 0 0 0 0 0 0 0 0 0 0 0 0 0 0
34 : 194 197 184 182 189 196 192 192 200 198 196 197 194 191 185 149 13 0 0 0 0 0 0 0 0 0 0 0 0 0 0 0 0 0 0 0 0 0 0 0 0 0 0 0 0 0 0 0 0 0 0
35 : 197 199 188 186 191 199 195 195 202 201 199 200 197 194 188 154 12 0 0 0 0 0 0 0 0 0 0 0 0 0 0 0 0 0 0 0 0 0 0 0 0 0 0 0 0 0 0 0 0 0 0
36 : 196 199 187 185 191 198 195 194 201 200 198 199 197 193 187 155 13 0 0 0 0 0 0 0 0 0 0 0 0 0 0 0 0 0 0 0 0 0 0 0 0 0 0 0 0 0 0 0 0 0 0
37 : 198 200 188 186 192 198 196 195 202 202 199 200 198 193 188 157 12 0 0 0 0 0 0 0 0 0 0 0 0 0 0 0 0 0 0 0 0 0 0 0 0 0 0 0 0 0 0 0 0 0 0
38 : 198 199 189 187 192 198 196 195 202 202 199 200 198 194 190 159 13 0 0 0 0 0 0 0 0 0 0 0 0 0 0 0 0 0 0 0 0 0 0 0 0 0 0 0 0 0 0 0 0 0 0
39 : 196 199 188 186 193 197 195 195 202 201 199 199 198 193 189 159 14 0 0 0 0 0 0 0 0 0 0 0 0 0 0 0 0 0 0 0 0 0 0 0 0 0 0 0 0 0 0 0 0 0 0
40 : 195 197 187 185 192 195 194 193 200 200 197 198 197 191 188 159 14 0 0 0 0 0 0 0 0 0 0 0 0 0 0 0 0 0 0 0 0 0 0 0 0 0 0 0 0 0 0 0 0 0 0
41 : 196 198 189 186 194 196 196 195 201 200 199 200 198 192 189 163 16 0 0 0 0 0 0 0 0 0 0 0 0 0 0 0 0 0 0 0 0 0 0 0 0 0 0 0 0 0 0 0 0 0 0
42 : 196 197 187 185 193 195 195 194 200 200 198 199 197 191 187 164 17 0 0 0 0 0 0 0 0 0 0 0 0 0 0 0 0 0 0 0 0 0 0 0 0 0 0 0 0 0 0 0 0 0 0
43 : 196 198 188 186 193 195 195 195 200 201 198 199 198 192 187 166 19 0 0 0 0 0 0 0 0 0 0 0 0 0 0 0 0 0 0 0 0 0 0 0 0 0 0 0 0 0 0 0 0 0 0
44 : 196 196 188 185 192 194 194 196 200 201 198 199 198 190 187 168 21 0 0 0 0 0 0 0 0 0 0 0 0 0 0 0 0 0 0 0 0 0 0 0 0 0 0 0 0 0 0 0 0 0 0
45 : 194 196 187 185 192 193 194 196 199 200 197 198 199 190 185 169 24 0 0 0 0 0 0 0 0 0 0 0 0 0 0 0 0 0 0 0 0 0 0 0 0 0 0 0 0 0 0 0 0 0 0
46 : 196 198 190 188 194 196 197 198 202 203 200 201 201 192 187 174 27 0 0 0 0 0 0 0 0 0 0 0 0 0 0 0 0 0 0 0 0 0 0 0 0 0 0 0 0 0 0 0 0 0 0
47 : 193 196 188 186 191 193 195 197 199 200 197 198 200 189 184 175 30 0 0 0 0 0 0 0 0 0 0 0 0 0 0 0 0 0 0 0 0 0 0 0 0 0 0 0 0 0 0 0 0 0 0
48 : 197 200 191 190 195 196 198 200 203 203 200 202 204 192 188 181 35 0 0 0 0 0 0 0 0 0 0 0 0 0 0 0 0 0 0 0 0 0 0 0 0 0 0 0 0 0 0 0 0 0 0
49 : 193 196 187 186 191 193 194 195 200 199 197 198 201 188 184 178 38 0 0 0 0 0 0 0 0 0 0 0 0 0 0 0 0 0 0 0 0 0 0 0 0 0 0 0 0 0 0 0 0 0 0
50 : 194 195 188 186 191 192 194 196 199 200 198 197 201 189 185 177 40 0 0 0 0 0 0 0 0 0 0 0 0 0 0 0 0 0 0 0 0 0 0 0 0 0 0 0 0 0 0 0 0 0 0
51 : 195 196 190 188 190 192 196 197 200 201 198 197 202 190 187 179 44 0 0 0 0 0 0 0 0 0 0 0 0 0 0 0 0 0 0 0 0 0 0 0 0 0 0 0 0 0 0 0 0 0 0
52 : 193 195 189 187 189 192 194 196 198 200 197 197 201 188 187 178 47 0 0 0 0 0 0 0 0 0 0 0 0 0 0 0 0 0 0 0 0 0 0 0 0 0 0 0 0 0 0 0 0 0 0
53 : 194 197 190 188 190 193 197 198 199 202 198 199 203 189 190 182 52 0 0 0 0 0 0 0 0 0 0 0 0 0 0 0 0 0 0 0 0 0 0 0 0 0 0 0 0 0 0 0 0 0 0
54 : 193 197 190 188 190 193 196 198 200 202 197 198 203 188 191 183 56 0 0 0 0 0 0 0 0 0 0 0 0 0 0 0 0 0 0 0 0 0 0 0 0 0 0 0 0 0 0 0 0 0 0
55 : 191 195 188 187 188 193 196 197 198 201 196 197 202 186 188 182 60 0 0 0 0 0 0 0 0 0 0 0 0 0 0 0 0 0 0 0 0 0 0 0 0 0 0 0 0 0 0 0 0 0 0
56 : 190 195 187 186 187 192 195 196 198 200 196 197 200 185 189 182 66 0 0 0 0 0 0 0 0 0 0 0 0 0 0 0 0 0 0 0 0 0 0 0 0 0 0 0 0 0 0 0 0 0 0
57 : 190 198 188 188 189 194 197 199 200 202 197 199 202 187 192 185 74 0 0 0 0 0 0 0 0 0 0 0 0 0 0 0 0 0 0 0 0 0 0 0 0 0 0 0 0 0 0 0 0 0 0
58 : 186 196 188 188 188 192 195 198 198 201 195 197 200 185 192 187 85 0 0 0 0 0 0 0 0 0 0 0 0 0 0 0 0 0 0 0 0 0 0 0 0 0 0 0 0 0 0 0 0 0 0
59 : 186 196 187 188 189 191 197 199 198 201 193 197 199 188 191 188 98 0 0 0 0 0 0 0 0 0 0 0 0 0 0 0 0 0 0 0 0 0 0 0 0 0 0 0 0 0 0 0 0 0 0
60 : 189 196 189 189 191 194 197 200 199 202 196 197 198 193 193 189 114 0 0 0 0 0 0 0 0 0 0 0 0 0 0 0 0 0 0 0 0 0 0 0 0 0 0 0 0 0 0 0 0 0 0
61 : 187 194 188 187 187 191 195 198 197 198 194 194 195 192 190 187 133 1 0 0 0 0 0 0 0 0 0 0 0 0 0 0 0 0 0 0 0 0 0 0 0 0 0 0 0 0 0 0 0 0 0
62 : 185 194 189 188 190 192 195 199 199 200 197 193 196 192 191 190 152 3 0 0 0 0 0 0 0 0 0 0 0 0 0 0 0 0 0 0 0 0 0 0 0 0 0 0 0 0 0 0 0 0 0
63 : 174 194 189 190 193 194 199 199 202 203 199 197 198 196 194 190 169 8 0 0 0 0 0 0 0 0 0 0 0 0 0 0 0 0 0 0 0 0 0 0 0 0 0 0 0 0 0 0 0 0 0
64 : 159 185 187 192 190 195 196 196 201 200 199 200 197 196 194 187 177 19 0 0 0 0 0 0 0 0 0 0 0 0 0 0 0 0 0 0 0 0 0 0 0 0 0 0 0 0 0 0 0 0 0
65 : 153 169 187 190 190 197 195 193 199 199 198 198 201 198 195 188 185 47 0 0 0 0 0 0 0 0 0 0 0 0 0 0 0 0 0 0 0 0 0 0 0 0 0 0 0 0 0 0 0 0 0
66 : 146 147 183 188 191 195 193 194 195 197 196 195 202 198 193 191 188 95 0 0 0 0 0 0 0 0 0 0 0 0 0 0 0 0 0 0 0 0 0 0 0 0 0 0 0 0 0 0 0 0 0
67 : 138 131 165 184 194 191 194 197 196 199 195 196 202 196 188 195 190 138 1 0 0 0 0 0 0 0 0 0 0 0 0 0 0 0 0 0 0 0 0 0 0 0 0 0 0 0 0 0 0 0 0
68 : 137 123 143 186 194 190 195 200 197 200 197 199 200 199 189 201 195 170 9 0 0 0 0 0 0 0 0 0 0 0 0 0 0 0 0 0 0 0 0 0 0 0 0 0 0 0 0 0 0 0 0
69 : 138 113 119 175 186 185 193 195 198 196 192 198 198 199 193 196 192 182 48 0 0 0 0 0 0 0 0 0 0 0 0 0 0 0 0 0 0 0 0 0 0 0 0 0 0 0 0 0 0 0 0
70 : 139 116 90 158 185 188 198 196 199 199 191 195 198 203 199 194 191 189 123 0 0 0 0 0 0 0 0 0 0 0 0 0 0 0 0 0 0 0 0 0 0 0 0 0 0 0 0 0 0 0 0
71 : 140 114 79 135 176 187 198 195 196 200 191 190 201 204 201 192 193 190 159 6 0 0 0 0 0 0 0 0 0 0 0 0 0 0 0 0 0 0 0 0 0 0 0 0 0 0 0 0 0 0 0
72 : 140 106 76 111 154 177 198 195 197 198 205 191 202 204 202 192 190 192 181 43 0 0 0 0 0 0 0 0 0 0 0 0 0 0 0 0 0 0 0 0 0 0 0 0 0 0 0 0 0 0 0
73 : 142 103 79 92 134 163 186 193 193 198 202 198 196 204 202 197 191 194 187 121 1 0 0 0 0 0 0 0 0 0 0 0 0 0 0 0 0 0 0 0 0 0 0 0 0 0 0 0 0 0 0
74 : 143 104 78 78 105 135 159 190 195 196 201 202 198 200 204 198 192 190 188 168 17 0 0 0 0 0 0 0 0 0 0 0 0 0 0 0 0 0 0 0 0 0 0 0 0 0 0 0 0 0 0
75 : 143 103 77 73 82 109 126 184 191 196 196 199 192 201 199 196 189 192 189 178 87 0 0 0 0 0 0 0 0 0 0 0 0 0 0 0 0 0 0 0 0 0 0 0 0 0 0 0 0 0 0
76 : 148 107 83 75 74 94 111 149 193 196 199 198 195 201 200 201 200 194 192 181 159 12 0 0 0 0 0 0 0 0 0 0 0 0 0 0 0 0 0 0 0 0 0 0 0 0 0 0 0 0 0
77 : 154 109 86 76 76 81 91 93 178 191 196 201 202 201 202 200 200 199 192 186 176 70 0 0 0 0 0 0 0 0 0 0 0 0 0 0 0 0 0 0 0 0 0 0 0 0 0 0 0 0 0
78 : 168 114 90 78 75 72 76 75 121 179 193 199 205 198 203 201 204 202 194 189 178 149 5 0 0 0 0 0 0 0 0 0 0 0 0 0 0 0 0 0 0 0 0 0 0 0 0 0 0 0 0
79 : 182 119 89 79 75 65 62 55 72 153 179 201 203 199 200 206 201 203 198 188 190 167 58 0 0 0 0 0 0 0 0 0 0 0 0 0 0 0 0 0 0 0 0 0 0 0 0 0 0 0 0
80 : 187 130 90 80 75 65 48 41 50 97 151 192 202 197 196 207 205 199 199 199 192 179 114 8 0 0 0 0 0 0 0 0 0 0 0 0 0 0 0 0 0 0 0 0 0 0 0 0 0 0 0
81 : 184 155 97 87 76 67 43 36 37 64 129 175 196 203 199 204 199 197 196 198 195 193 158 44 1 0 0 0 0 0 0 0 0 0 0 0 0 0 0 0 0 0 0 0 0 0 0 0 0 0 0
82 : 172 171 106 94 75 67 42 34 29 44 91 142 192 205 194 202 199 193 197 199 195 199 183 85 3 0 0 0 0 0 0 0 0 0 0 0 0 0 0 0 0 0 0 0 0 0 0 0 0 0 0
83 : 162 180 127 103 80 67 44 36 29 36 61 109 172 193 197 202 200 198 183 196 193 198 192 153 18 1 0 0 0 0 0 0 0 0 0 0 0 0 0 0 0 0 0 0 0 0 0 0 0 0 0
84 : 153 173 157 116 84 71 43 39 28 31 46 81 129 172 195 198 204 205 195 197 194 202 193 180 65 7 0 0 0 0 0 0 0 0 0 0 0 0 0 0 0 0 0 0 0 0 0 0 0 0 0
85 : 135 154 168 132 88 72 43 37 28 30 38 56 96 149 179 197 202 201 199 189 198 194 198 187 154 17 0 0 0 0 0 0 0 0 0 0 0 0 0 0 0 0 0 0 0 0 0 0 0 0 0
86 : 129 143 166 161 101 80 43 36 26 31 36 46 76 122 160 184 198 199 201 194 200 196 196 192 175 109 1 0 0 0 0 0 0 0 0 0 0 0 0 0 0 0 0 0 0 0 0 0 0 0 0
87 : 122 133 157 169 111 85 42 33 24 32 32 40 62 92 139 154 189 195 198 197 197 202 194 195 186 163 33 0 0 0 0 0 0 0 0 0 0 0 0 0 0 0 0 0 0 0 0 0 0 0 0
88 : 124 136 151 154 137 94 43 29 25 29 29 38 55 73 118 123 161 192 189 194 206 204 199 191 191 183 140 3 0 0 0 0 0 0 0 0 0 0 0 0 0 0 0 0 0 0 0 0 0 0 0
89 : 127 137 143 148 128 100 49 26 28 26 26 34 48 57 103 101 120 167 185 189 193 204 200 198 189 188 173 72 0 0 0 0 0 0 0 0 0 0 0 0 0 0 0 0 0 0 0 0 0 0 0
90 : 138 142 137 145 134 99 62 31 34 26 25 32 43 53 85 89 107 114 160 184 185 204 197 198 192 184 192 158 18 0 0 0 0 0 0 0 0 0 0 0 0 0 0 0 0 0 0 0 0 0 0
91 : 132 148 139 154 134 115 95 41 44 30 30 37 41 52 74 82 92 82 114 160 190 195 203 198 200 192 185 184 117 3 0 0 0 0 0 0 0 0 0 0 0 0 0 0 0 0 0 0 0 0 0
92 : 140 149 136 147 131 111 85 49 46 33 32 38 41 49 61 73 78 63 85 128 173 190 198 199 201 191 187 181 174 35 0 0 0 0 0 0 0 0 0 0 0 0 0 0 0 0 0 0 0 0 0
93 : 145 151 135 144 129 117 79 58 42 38 35 33 41 43 54 69 76 60 70 99 104 178 195 195 198 201 190 186 174 142 11 0 0 0 0 0 0 0 0 0 0 0 0 0 0 0 0 0 0 0 0
94 : 150 154 136 142 128 117 80 63 44 42 36 33 41 40 46 68 64 56 60 62 91 129 185 193 195 201 196 189 182 160 97 1 0 0 0 0 0 0 0 0 0 0 0 0 0 0 0 0 0 0 0
95 : 145 156 137 142 127 123 77 59 47 47 38 35 44 38 41 69 59 52 51 58 80 79 159 187 191 195 208 183 188 171 134 35 0 0 0 0 0 0 0 0 0 0 0 0 0 0 0 0 0 0 0
96 : 151 156 142 144 127 125 81 59 49 50 42 37 42 40 45 68 59 48 43 54 66 63 106 174 182 192 198 192 192 188 142 121 7 0 0 0 0 0 0 0 0 0 0 0 0 0 0 0 0 0 0
97 : 160 156 148 146 126 123 83 58 54 39 40 39 38 44 51 65 57 47 38 45 57 57 67 151 173 181 185 196 192 193 175 124 60 2 0 0 0 0 0 0 0 0 0 0 0 0 0 0 0 0 0
98 : 164 154 154 147 129 128 89 61 62 42 43 41 36 37 58 65 57 45 33 39 50 53 51 123 165 165 184 180 195 193 195 155 107 14 0 0 0 0 0 0 0 0 0 0 0 0 0 0 0 0 0
99 : 157 158 157 146 129 126 91 66 70 57 53 36 36 29 60 63 49 44 28 36 44 45 44 98 148 156 169 165 184 188 191 181 123 50 7 0 0 0 0 0 0 0 0 0 0 0 0 0 0 0 0
100 : 170 166 153 147 129 126 97 73 63 73 53 33 44 29 58 54 39 42 29 33 43 40 38 76 122 142 152 167 162 181 183 191 168 81 11 1 0 0 0 0 0 0 0 0 0 0 0 0 0 0 0
101 : 162 176 157 153 132 131 105 83 69 76 47 37 38 42 57 43 32 33 35 36 45 34 39 70 95 132 135 164 157 171 181 193 186 149 23 6 0 0 0 0 0 0 0 0 0 0 0 0 0 0 0
1 : 173 181 162 159 143 140 117 95 79 89 58 48 47 56 70 53 41 42 45 47 58 42 50 82 107 139 143 166 161 171 180 191 184 149 25 5 0 0 0 0 0 0 0 0 0 0 0 0 0 0 0
2 : 175 182 166 163 143 141 121 100 86 90 56 54 38 71 65 45 37 33 43 50 57 36 52 76 95 130 134 152 155 151 159 180 181 171 74 9 0 0 0 0 0 0 0 0 0 0 0 0 0 0 0
3 : 180 181 172 164 148 148 129 108 110 85 62 67 47 68 59 42 41 34 44 52 56 35 58 74 92 121 132 135 159 147 145 166 176 180 128 22 2 0 0 0 0 0 0 0 0 0 0 0 0 0 0
4 : 178 180 173 168 151 152 135 115 125 78 64 57 61 74 42 32 41 44 40 51 54 38 61 69 90 111 126 120 158 141 139 144 166 180 165 59 15 0 0 0 0 0 0 0 0 0 0 0 0 0 0
5 : 173 179 177 176 157 159 143 126 131 79 68 60 72 68 34 31 31 38 39 49 43 46 58 71 90 102 120 121 157 143 130 134 156 167 168 129 31 2 0 0 0 0 0 0 0 0 0 0 0 0 0
6 : 169 178 174 176 162 165 146 135 132 74 65 70 71 48 34 34 37 35 47 44 34 49 54 80 83 102 115 122 152 145 126 127 148 158 154 154 50 11 0 0 0 0 0 0 0 0 0 0 0 0 0
7 : 173 176 169 178 167 170 146 139 132 77 66 65 70 30 35 32 47 29 45 44 33 40 47 79 77 108 109 120 147 136 119 126 131 147 140 136 85 20 2 0 0 0 0 0 0 0 0 0 0 0 0
8 : 171 174 171 182 171 175 148 150 132 89 82 63 50 31 32 35 38 33 38 42 36 38 45 79 82 115 105 115 142 129 120 125 119 140 139 127 103 34 6 0 0 0 0 0 0 0 0 0 0 0 0
9 : 170 171 170 173 171 177 151 154 129 106 99 75 31 33 33 42 33 41 37 35 43 42 58 66 82 116 104 107 140 126 116 119 113 135 127 125 111 34 11 1 0 0 0 0 0 0 0 0 0 0 0
10 : 173 171 168 168 175 178 159 157 126 129 99 65 30 37 34 36 26 42 44 32 36 41 73 58 79 104 106 101 131 122 117 111 106 130 123 130 101 44 14 3 0 0 0 0 0 0 0 0 0 0 0
11 : 175 174 171 167 181 182 169 161 132 146 110 54 38 37 39 31 38 36 33 37 33 39 71 65 87 97 108 109 127 124 119 108 103 130 119 128 85 53 17 9 0 0 0 0 0 0 0 0 0 0 0
12 : 170 170 168 160 177 181 168 164 139 151 99 50 43 37 37 25 46 39 34 25 43 61 58 67 96 97 98 113 124 113 113 109 96 122 114 120 71 47 21 3 1 0 0 0 0 0 0 0 0 0 0
13 : 175 174 173 163 180 187 179 172 160 162 118 50 53 40 26 30 38 27 28 28 43 70 53 67 100 106 95 122 127 114 114 114 99 125 114 118 62 49 18 6 4 0 0 0 0 0 0 0 0 0 0
14 : 173 171 169 161 174 184 179 172 175 161 122 56 40 38 22 46 32 32 29 35 49 53 48 74 94 96 92 121 108 112 111 112 102 117 114 103 53 35 18 6 6 0 0 0 0 0 0 0 0 0 0
15 : 176 172 171 162 177 182 183 179 182 170 125 74 42 29 30 38 25 28 24 39 57 43 56 80 102 89 98 121 102 111 107 112 101 113 115 87 50 29 22 7 5 0 0 0 0 0 0 0 0 0 0
16 : 177 170 168 156 173 180 185 179 187 176 125 90 40 24 36 29 27 25 31 51 39 38 64 84 106 91 103 116 103 111 104 111 110 109 117 74 50 27 20 4 5 1 0 0 0 0 0 0 0 0 0
17 : 178 171 166 156 174 180 187 181 190 180 136 95 37 34 38 22 24 24 40 44 36 45 68 89 92 94 116 98 104 111 108 103 121 109 117 67 49 24 14 2 4 1 0 0 0 0 0 0 0 0 0
18 : 177 171 165 157 173 180 182 185 191 185 148 93 42 39 28 30 25 31 56 38 34 47 71 89 91 88 120 90 113 115 101 96 110 107 110 66 43 21 9 1 3 1 0 0 0 0 0 0 0 0 0
19 : 176 171 165 157 172 179 181 184 193 188 150 102 57 51 30 22 26 43 37 31 38 49 83 89 98 111 109 96 116 112 95 101 104 104 92 64 34 19 9 3 2 2 0 0 0 0 0 0 0 0 0
20 : 176 169 162 156 170 177 182 183 194 190 152 106 74 43 30 26 31 47 35 34 31 55 88 81 84 107 96 95 108 103 99 102 100 96 76 57 26 16 5 3 1 2 0 0 0 0 0 0 0 0 0
21 : 177 171 164 157 172 179 182 186 196 194 167 113 103 43 27 33 42 30 32 38 32 65 81 84 99 102 90 102 104 103 100 106 101 99 68 58 24 11 2 3 1 1 0 0 0 0 0 0 0 0 0
22 : 177 171 163 156 171 178 179 186 196 195 171 135 95 47 30 39 38 31 34 29 42 79 78 91 105 95 93 102 97 102 97 108 104 90 62 48 24 6 1 1 1 0 0 0 0 0 0 0 0 0 0
23 : 177 170 164 155 171 178 179 184 197 198 175 145 101 48 38 42 33 39 29 32 62 73 86 93 87 79 104 102 89 99 108 99 104 75 50 36 24 6 1 1 1 0 0 0 0 0 0 0 0 0 0
24 : 177 170 162 155 171 177 178 183 197 200 180 156 112 57 52 31 36 29 33 48 61 68 90 96 83 89 99 98 102 88 112 89 92 72 39 27 17 4 2 1 1 0 0 0 0 0 0 0 0 0 0
25 : 176 169 162 154 169 176 176 181 195 200 190 162 121 79 32 26 31 28 32 49 58 75 78 75 82 92 90 89 106 97 107 90 80 59 40 23 9 3 2 1 2 0 0 0 0 0 0 0 0 0 0
26 : 177 170 164 155 170 179 178 181 196 202 197 172 130 64 29 26 23 32 52 42 57 84 77 87 84 95 96 96 94 107 83 93 75 48 37 25 6 0 1 2 1 0 0 0 0 0 0 0 0 0 0
27 : 172 166 160 152 167 175 174 177 191 197 201 182 137 55 29 24 27 38 29 57 87 67 78 76 86 77 80 100 83 100 83 74 65 40 28 16 4 1 1 1 1 0 0 0 0 0 0 0 0 0 0
28 : 175 168 163 154 170 177 176 180 194 200 207 193 150 75 36 27 33 32 43 62 67 74 84 88 80 86 85 95 95 93 90 69 56 44 24 9 3 1 0 1 0 0 0 0 0 0 0 0 0 0 0
29 : 173 167 161 152 168 174 175 178 191 199 204 195 154 90 33 35 32 31 41 66 63 89 80 89 71 83 94 82 88 85 80 56 44 32 26 7 1 1 1 1 0 0 0 0 0 0 0 0 0 0 0
30 : 173 167 161 152 168 175 174 178 190 199 203 197 163 105 47 37 32 47 66 56 69 74 88 65 80 87 92 81 82 81 71 52 40 28 14 5 1 0 0 1 0 0 0 0 0 0 0 0 0 0 0
31 : 175 168 162 154 169 176 175 179 189 199 205 201 183 124 63 45 42 65 61 62 83 82 71 76 85 80 85 96 86 80 59 43 37 26 10 4 1 0 1 0 0 0 0 0 0 0 0 0 0 0 0
32 : 172 166 160 151 167 174 173 176 186 195 203 201 188 138 88 49 47 65 51 74 68 72 67 77 77 88 80 80 82 76 43 39 32 17 7 2 0 1 1 0 0 0 0 0 0 0 0 0 0 0 0
33 : 172 167 161 152 167 174 174 176 185 195 202 200 196 151 95 56 67 56 66 65 70 59 64 80 82 77 92 69 67 59 42 37 30 14 6 1 1 1 0 0 0 0 0 0 0 0 0 0 0 0 0
34 : 172 166 160 151 167 174 174 176 184 195 201 202 198 166 110 77 75 63 68 72 49 68 82 69 86 72 79 80 72 46 38 28 18 11 3 0 1 0 0 0 0 0 0 0 0 0 0 0 0 0 0
35 : 172 165 159 151 166 173 173 175 184 194 200 200 197 172 130 81 55 68 66 63 57 70 73 78 75 88 72 63 57 40 30 26 14 7 0 1 1 0 0 0 0 0 0 0 0 0 0 0 0 0 0
36 : 173 166 159 151 167 173 173 176 184 194 200 200 199 187 141 85 78 62 65 52 66 74 68 76 80 66 68 73 42 36 28 16 12 6 0 0 0 0 0 0 0 0 0 0 0 0 0 0 0 0 0
37 : 171 165 158 150 166 173 172 175 183 192 199 198 199 196 150 110 73 73 46 57 66 67 78 74 78 63 64 57 45 24 23 16 8 1 1 0 0 0 0 0 0 0 0 0 0 0 0 0 0 0 0
38 : 171 166 159 151 166 173 172 175 183 190 200 197 200 200 171 121 88 51 50 64 60 67 73 71 58 59 59 37 31 25 15 12 5 1 1 0 0 0 0 0 0 0 0 0 0 0 0 0 0 0 0
39 : 171 165 159 150 165 172 172 175 182 189 198 195 201 201 185 129 93 51 63 61 55 79 52 57 61 55 40 36 22 20 14 8 1 0 0 0 0 0 0 0 0 0 0 0 0 0 0 0 0 0 0
40 : 171 165 159 149 165 172 172 175 183 188 197 194 201 201 196 142 80 76 64 57 71 56 63 57 58 48 37 21 24 12 12 5 0 0 0 0 0 0 0 0 0 0 0 0 0 0 0 0 0 0 0
41 : 171 164 159 150 165 172 173 175 182 187 197 192 201 201 201 164 117 77 63 73 61 60 51 62 51 32 27 23 15 15 8 1 1 0 0 0 0 0 0 0 0 0 0 0 0 0 0 0 0 0 0
42 : 171 163 158 149 164 170 170 173 182 187 195 191 199 200 205 172 137 80 73 71 45 43 71 49 46 30 23 20 11 11 5 0 0 0 0 0 0 0 0 0 0 0 0 0 0 0 0 0 0 0 0
43 : 170 162 157 149 164 170 169 173 181 185 192 189 197 198 205 184 150 85 77 49 45 59 45 45 28 28 28 12 13 7 1 0 0 0 0 0 0 0 0 0 0 0 0 0 0 0 0 0 0 0 0
44 : 170 163 157 148 164 171 170 173 181 186 193 189 197 200 207 189 158 106 66 54 47 53 45 33 24 21 13 12 9 4 0 0 0 0 0 0 0 0 0 0 0 0 0 0 0 0 0 0 0 0 0
45 : 170 163 157 148 163 170 170 173 181 185 193 188 196 200 207 197 176 121 86 48 60 40 34 23 18 17 10 10 5 0 0 0 0 0 0 0 0 0 0 0 0 0 0 0 0 0 0 0 0 0 0
46 : 168 162 156 147 163 169 169 171 179 184 191 186 192 198 204 199 188 139 80 69 44 41 21 20 20 12 11 7 2 0 0 0 0 0 0 0 0 0 0 0 0 0 0 0 0 0 0 0 0 0 0
47 : 170 162 156 148 163 170 169 172 180 185 192 186 191 199 204 202 193 153 103 52 38 22 25 19 11 10 9 6 0 0 0 0 0 0 0 0 0 0 0 0 0 0 0 0 0 0 0 0 0 0 0
48 : 169 162 156 148 163 170 169 172 180 184 191 185 188 198 203 201 195 171 107 45 31 28 22 9 10 11 8 0 0 0 0 0 0 0 0 0 0 0 0 0 0 0 0 0 0 0 0 0 0 0 0
49 : 170 162 156 148 163 170 170 172 181 185 192 187 187 200 204 202 198 181 126 62 33 25 10 11 12 7 1 0 0 0 0 0 0 0 0 0 0 0 0 0 0 0 0 0 0 0 0 0 0 0 0
50 : 169 160 155 146 161 168 167 171 179 183 190 184 182 196 202 200 196 183 135 73 42 13 10 10 10 3 0 0 0 0 0 0 0 0 0 0 0 0 0 0 0 0 0 0 0 0 0 0 0 0 0
51 : 171 162 157 148 163 170 169 173 181 185 191 187 183 198 202 202 199 187 151 90 47 14 12 12 5 0 0 0 0 0 0 0 0 0 0 0 0 0 0 0 0 0 0 0 0 0 0 0 0 0 0
52 : 168 161 154 147 162 168 167 170 179 183 189 184 181 195 200 201 198 190 161 102 33 23 14 7 1 0 0 0 0 0 0 0 0 0 0 0 0 0 0 0 0 0 0 0 0 0 0 0 0 0 0
53 : 168 161 155 147 162 169 168 171 180 184 189 184 182 194 199 201 198 193 172 127 43 24 13 2 0 0 0 0 0 0 0 0 0 0 0 0 0 0 0 0 0 0 0 0 0 0 0 0 0 0 0
54 : 167 160 153 145 160 167 167 169 178 182 188 182 182 191 196 199 198 194 176 134 80 24 4 0 0 0 0 0 0 0 0 0 0 0 0 0 0 0 0 0 0 0 0 0 0 0 0 0 0 0 0
55 : 166 159 153 145 160 166 166 169 177 182 187 181 182 189 195 198 199 194 182 139 95 20 1 0 0 0 0 0 0 0 0 0 0 0 0 0 0 0 0 0 0 0 0 0 0 0 0 0 0 0 0
56 : 167 161 156 147 162 169 168 171 179 183 189 182 184 188 194 198 200 198 187 147 107 12 0 0 0 0 0 0 0 0 0 0 0 0 0 0 0 0 0 0 0 0 0 0 0 0 0 0 0 0 0
57 : 168 160 153 146 161 167 167 170 178 182 188 182 182 185 191 195 198 198 189 153 104 6 0 0 0 0 0 0 0 0 0 0 0 0 0 0 0 0 0 0 0 0 0 0 0 0 0 0 0 0 0
58 : 167 160 154 145 160 167 166 169 177 181 187 181 181 182 188 192 198 197 190 160 108 4 0 0 0 0 0 0 0 0 0 0 0 0 0 0 0 0 0 0 0 0 0 0 0 0 0 0 0 0 0
59 : 167 159 154 145 160 167 166 169 177 182 187 180 181 181 185 189 196 194 191 171 102 4 0 0 0 0 0 0 0 0 0 0 0 0 0 0 0 0 0 0 0 0 0 0 0 0 0 0 0 0 0
60 : 166 160 154 146 161 167 167 170 179 182 188 181 183 180 182 183 192 193 193 179 106 5 0 0 0 0 0 0 0 0 0 0 0 0 0 0 0 0 0 0 0 0 0 0 0 0 0 0 0 0 0
61 : 167 161 156 147 162 168 168 171 179 183 189 182 184 180 179 181 185 189 196 184 115 8 0 0 0 0 0 0 0 0 0 0 0 0 0 0 0 0 0 0 0 0 0 0 0 0 0 0 0 0 0
62 : 167 161 155 146 161 168 168 170 179 183 189 181 182 179 180 176 173 184 196 183 126 13 0 0 0 0 0 0 0 0 0 0 0 0 0 0 0 0 0 0 0 0 0 0 0 0 0 0 0 0 0
63 : 169 162 156 148 162 169 169 172 180 184 190 182 182 180 178 175 163 180 195 184 146 21 0 0 0 0 0 0 0 0 0 0 0 0 0 0 0 0 0 0 0 0 0 0 0 0 0 0 0 0 0
64 : 168 162 156 148 162 169 169 172 180 185 190 182 181 181 176 173 156 169 186 185 167 37 0 0 0 0 0 0 0 0 0 0 0 0 0 0 0 0 0 0 0 0 0 0 0 0 0 0 0 0 0
65 : 168 162 156 148 163 169 169 172 180 184 190 182 180 181 176 174 153 159 173 182 176 65 0 0 0 0 0 0 0 0 0 0 0 0 0 0 0 0 0 0 0 0 0 0 0 0 0 0 0 0 0
66 : 171 165 160 151 166 173 173 175 184 188 194 186 183 183 178 179 153 157 159 180 185 111 1 0 0 0 0 0 0 0 0 0 0 0 0 0 0 0 0 0 0 0 0 0 0 0 0 0 0 0 0
67 : 170 164 158 149 165 171 171 174 182 186 192 184 181 180 177 178 150 153 140 166 176 154 4 0 0 0 0 0 0 0 0 0 0 0 0 0 0 0 0 0 0 0 0 0 0 0 0 0 0 0 0
68 : 171 165 159 150 165 172 172 175 184 187 193 185 181 181 173 180 151 150 127 159 168 171 27 0 0 0 0 0 0 0 0 0 0 0 0 0 0 0 0 0 0 0 0 0 0 0 0 0 0 0 0
69 : 169 164 158 149 165 170 171 174 182 186 191 183 180 180 172 180 155 151 121 143 151 165 91 0 0 0 0 0 0 0 0 0 0 0 0 0 0 0 0 0 0 0 0 0 0 0 0 0 0 0 0
70 : 171 165 159 150 165 171 171 176 183 187 193 184 180 180 173 181 159 157 117 129 136 156 122 3 0 0 0 0 0 0 0 0 0 0 0 0 0 0 0 0 0 0 0 0 0 0 0 0 0 0 0
71 : 171 165 158 150 165 172 172 176 182 187 192 183 181 180 172 180 163 158 120 121 138 158 140 15 0 0 0 0 0 0 0 0 0 0 0 0 0 0 0 0 0 0 0 0 0 0 0 0 0 0 0
72 : 172 165 158 150 165 172 172 177 184 188 195 185 183 181 173 181 168 160 120 118 127 151 136 55 0 0 0 0 0 0 0 0 0 0 0 0 0 0 0 0 0 0 0 0 0 0 0 0 0 0 0
73 : 171 165 157 150 165 172 172 174 182 187 193 183 182 180 173 180 171 159 121 112 126 140 133 55 5 0 0 0 0 0 0 0 0 0 0 0 0 0 0 0 0 0 0 0 0 0 0 0 0 0 0
74 : 171 165 157 149 165 171 171 172 183 187 192 182 183 179 174 177 172 159 123 111 126 132 125 41 13 0 0 0 0 0 0 0 0 0 0 0 0 0 0 0 0 0 0 0 0 0 0 0 0 0 0
75 : 169 164 157 148 163 171 170 171 182 186 191 182 183 178 174 176 169 160 124 111 124 125 107 42 9 0 0 0 0 0 0 0 0 0 0 0 0 0 0 0 0 0 0 0 0 0 0 0 0 0 0
76 : 170 165 158 150 165 172 172 172 184 188 193 182 185 180 176 177 169 162 124 113 123 124 85 36 10 3 0 0 0 0 0 0 0 0 0 0 0 0 0 0 0 0 0 0 0 0 0 0 0 0 0
77 : 168 166 157 149 165 171 171 171 183 188 193 181 185 181 176 176 168 163 123 114 121 121 78 32 9 5 0 0 0 0 0 0 0 0 0 0 0 0 0 0 0 0 0 0 0 0 0 0 0 0 0
78 : 168 165 158 150 165 172 171 172 183 188 194 181 183 184 177 177 170 163 126 115 122 117 76 27 7 6 0 0 0 0 0 0 0 0 0 0 0 0 0 0 0 0 0 0 0 0 0 0 0 0 0
79 : 168 165 158 149 164 171 171 171 182 187 194 181 179 185 178 178 171 160 126 121 123 111 79 22 6 6 0 0 0 0 0 0 0 0 0 0 0 0 0 0 0 0 0 0 0 0 0 0 0 0 0
80 : 168 165 158 149 165 172 172 172 183 187 194 182 179 187 182 180 173 161 127 124 126 109 80 19 5 5 1 0 0 0 0 0 0 0 0 0 0 0 0 0 0 0 0 0 0 0 0 0 0 0 0
81 : 170 167 160 151 166 174 173 173 184 189 195 183 180 187 183 184 178 162 131 133 131 109 75 16 7 3 2 0 0 0 0 0 0 0 0 0 0 0 0 0 0 0 0 0 0 0 0 0 0 0 0
82 : 167 163 157 148 162 170 169 170 181 185 191 180 177 182 182 180 175 158 130 137 129 102 69 13 8 1 2 0 0 0 0 0 0 0 0 0 0 0 0 0 0 0 0 0 0 0 0 0 0 0 0
83 : 168 164 157 148 163 170 170 170 181 185 192 182 177 182 184 180 178 159 134 140 131 100 67 10 5 0 1 0 0 0 0 0 0 0 0 0 0 0 0 0 0 0 0 0 0 0 0 0 0 0 0
84 : 168 163 157 148 163 170 169 170 180 185 191 181 176 181 178 180 177 159 136 138 131 98 61 8 3 0 0 0 0 0 0 0 0 0 0 0 0 0 0 0 0 0 0 0 0 0 0 0 0 0 0
85 : 165 163 156 148 163 169 168 169 180 185 190 180 177 180 178 180 177 160 139 137 126 96 56 7 3 0 1 0 0 0 0 0 0 0 0 0 0 0 0 0 0 0 0 0 0 0 0 0 0 0 0
86 : 169 166 159 151 166 173 172 172 183 187 194 183 182 184 182 182 180 164 147 141 126 97 55 5 2 0 1 0 0 0 0 0 0 0 0 0 0 0 0 0 0 0 0 0 0 0 0 0 0 0 0
87 : 168 164 157 148 164 171 170 171 182 187 193 181 179 183 182 180 180 164 147 143 123 93 53 5 1 0 0 0 0 0 0 0 0 0 0 0 0 0 0 0 0 0 0 0 0 0 0 0 0 0 0
88 : 168 165 158 150 165 172 171 172 183 186 193 182 181 184 183 180 179 165 150 144 125 92 52 8 0 0 0 0 0 0 0 0 0 0 0 0 0 0 0 0 0 0 0 0 0 0 0 0 0 0 0
89 : 167 165 158 149 165 171 170 171 182 187 193 181 180 183 183 179 178 164 155 144 124 90 50 15 0 1 0 0 0 0 0 0 0 0 0 0 0 0 0 0 0 0 0 0 0 0 0 0 0 0 0
90 : 168 164 157 148 164 171 170 171 182 186 192 181 180 182 183 178 178 163 156 141 123 90 47 9 0 1 0 0 0 0 0 0 0 0 0 0 0 0 0 0 0 0 0 0 0 0 0 0 0 0 0
91 : 167 164 157 148 164 170 169 170 181 185 191 180 179 181 181 178 178 164 156 139 122 91 45 8 0 1 0 0 0 0 0 0 0 0 0 0 0 0 0 0 0 0 0 0 0 0 0 0 0 0 0
92 : 166 163 157 148 164 170 170 170 181 185 191 180 180 181 182 178 179 165 156 136 121 92 48 7 0 0 0 0 0 0 0 0 0 0 0 0 0 0 0 0 0 0 0 0 0 0 0 0 0 0 0
93 : 166 164 157 148 164 171 170 170 181 185 192 181 180 181 182 179 178 167 155 135 120 92 52 6 0 0 0 0 0 0 0 0 0 0 0 0 0 0 0 0 0 0 0 0 0 0 0 0 0 0 0
94 : 166 163 156 148 163 169 170 170 180 185 191 180 179 179 183 179 178 166 153 133 119 92 50 5 0 0 0 0 0 0 0 0 0 0 0 0 0 0 0 0 0 0 0 0 0 0 0 0 0 0 0
95 : 166 163 157 148 164 170 170 171 182 186 192 180 180 179 183 179 179 166 152 134 121 92 47 4 0 0 0 0 0 0 0 0 0 0 0 0 0 0 0 0 0 0 0 0 0 0 0 0 0 0 0
96 : 168 165 159 150 165 172 171 171 182 186 192 182 181 180 182 180 181 167 153 135 123 94 46 4 0 0 0 0 0 0 0 0 0 0 0 0 0 0 0 0 0 0 0 0 0 0 0 0 0 0 0
97 : 167 165 157 149 165 171 171 171 182 187 192 181 181 180 182 180 181 166 152 134 123 93 46 4 0 0 0 0 0 0 0 0 0 0 0 0 0 0 0 0 0 0 0 0 0 0 0 0 0 0 0
98 : 166 164 157 149 164 170 170 171 181 186 191 180 180 179 180 180 180 165 152 134 124 93 45 4 0 0 0 0 0 0 0 0 0 0 0 0 0 0 0 0 0 0 0 0 0 0 0 0 0 0 0
99 : 166 164 157 149 165 172 171 171 182 187 192 181 181 179 181 182 181 167 150 135 124 93 45 4 0 0 0 0 0 0 0 0 0 0 0 0 0 0 0 0 0 0 0 0 0 0 0 0 0 0 0
100 : 166 164 156 148 164 170 170 170 181 186 191 180 180 178 180 181 180 166 149 134 124 92 44 4 0 0 0 0 0 0 0 0 0 0 0 0 0 0 0 0 0 0 0 0 0 0 0 0 0 0 0
101 : 169 167 160 151 166 174 173 173 183 188 194 183 182 180 184 184 183 169 152 136 126 94 45 5 0 0 0 0 0 0 0 0 0 0 0 0 0 0 0 0 0 0 0 0 0 0 0 0 0 0 0
