Brightness in each height
Heights/D : 40.2703 39.4703 38.6703 37.8703 37.0703 36.2703 35.4703 34.6703 33.8703 33.0703 32.2703 31.4703 30.6703 29.8703 29.0703 28.2703 27.4703 26.6703 25.8703 25.0703 24.2703 23.4703 22.6703 21.8703 21.0703 20.2703 19.4703 18.6703 17.8703 17.0703 16.2703 15.4703 14.6703 13.8703 13.0703 12.2703 11.4703 10.6703 9.87027 9.07027 8.27027 7.47027 6.67027 5.87027 5.07027 4.27027 3.47027 2.67027 1.87027 1.07027 0.27027
1 : 180 184 182 185 186 186 193 191 191 195 198 207 205 210 213 210 213 219 223 222 157 2 0 0 0 0 0 0 0 0 0 0 0 0 0 0 0 0 0 0 0 0 0 0 0 0 0 0 0 0 0
2 : 179 184 181 184 185 185 192 190 190 194 197 206 204 209 211 209 213 218 223 221 157 2 0 0 0 0 0 0 0 0 0 0 0 0 0 0 0 0 0 0 0 0 0 0 0 0 0 0 0 0 0
3 : 179 184 181 184 185 186 193 191 191 195 198 207 204 209 212 209 213 218 224 222 157 2 0 0 0 0 0 0 0 0 0 0 0 0 0 0 0 0 0 0 0 0 0 0 0 0 0 0 0 0 0
4 : 179 184 181 184 185 185 192 190 190 195 197 206 203 209 212 208 213 219 224 222 157 2 0 0 0 0 0 0 0 0 0 0 0 0 0 0 0 0 0 0 0 0 0 0 0 0 0 0 0 0 0
5 : 180 184 181 185 186 187 193 191 191 195 198 207 204 210 212 209 213 218 223 222 158 2 0 0 0 0 0 0 0 0 0 0 0 0 0 0 0 0 0 0 0 0 0 0 0 0 0 0 0 0 0
6 : 180 184 181 184 185 186 193 192 191 195 198 206 205 210 212 209 214 219 224 222 159 2 0 0 0 0 0 0 0 0 0 0 0 0 0 0 0 0 0 0 0 0 0 0 0 0 0 0 0 0 0
7 : 179 184 181 185 185 186 192 191 190 195 197 207 204 210 212 209 214 218 224 222 159 2 0 0 0 0 0 0 0 0 0 0 0 0 0 0 0 0 0 0 0 0 0 0 0 0 0 0 0 0 0
8 : 179 184 181 184 185 186 193 191 191 195 198 207 204 210 212 209 213 218 223 222 159 2 0 0 0 0 0 0 0 0 0 0 0 0 0 0 0 0 0 0 0 0 0 0 0 0 0 0 0 0 0
9 : 179 183 181 183 185 186 192 191 190 194 197 206 203 209 211 208 213 217 222 221 159 2 0 0 0 0 0 0 0 0 0 0 0 0 0 0 0 0 0 0 0 0 0 0 0 0 0 0 0 0 0
10 : 180 184 182 185 186 186 193 192 191 195 198 206 205 210 212 209 213 218 223 222 160 2 0 0 0 0 0 0 0 0 0 0 0 0 0 0 0 0 0 0 0 0 0 0 0 0 0 0 0 0 0
11 : 179 184 182 184 185 186 193 192 191 195 197 207 205 210 213 209 214 219 224 222 161 2 0 0 0 0 0 0 0 0 0 0 0 0 0 0 0 0 0 0 0 0 0 0 0 0 0 0 0 0 0
12 : 180 185 182 185 186 186 193 191 191 195 198 207 204 210 212 209 214 218 223 222 162 2 0 0 0 0 0 0 0 0 0 0 0 0 0 0 0 0 0 0 0 0 0 0 0 0 0 0 0 0 0
13 : 179 184 182 185 185 186 193 191 190 195 197 207 205 209 212 209 213 218 223 221 163 2 0 0 0 0 0 0 0 0 0 0 0 0 0 0 0 0 0 0 0 0 0 0 0 0 0 0 0 0 0
14 : 178 184 180 184 185 185 192 190 190 195 197 206 204 209 211 209 213 218 223 220 163 2 0 0 0 0 0 0 0 0 0 0 0 0 0 0 0 0 0 0 0 0 0 0 0 0 0 0 0 0 0
15 : 180 184 182 185 186 187 193 191 190 196 197 207 205 210 212 209 214 218 223 220 164 2 0 0 0 0 0 0 0 0 0 0 0 0 0 0 0 0 0 0 0 0 0 0 0 0 0 0 0 0 0
16 : 179 184 182 185 185 186 193 192 190 195 198 207 205 210 213 210 214 218 223 220 165 2 0 0 0 0 0 0 0 0 0 0 0 0 0 0 0 0 0 0 0 0 0 0 0 0 0 0 0 0 0
17 : 179 185 182 185 185 186 193 191 190 195 198 206 205 210 212 209 213 218 223 220 166 2 0 0 0 0 0 0 0 0 0 0 0 0 0 0 0 0 0 0 0 0 0 0 0 0 0 0 0 0 0
18 : 180 185 182 185 185 186 193 192 191 195 197 207 205 210 212 209 214 218 223 220 166 2 0 0 0 0 0 0 0 0 0 0 0 0 0 0 0 0 0 0 0 0 0 0 0 0 0 0 0 0 0
19 : 179 183 180 184 185 186 192 191 190 195 197 206 204 209 212 209 213 218 222 219 166 2 0 0 0 0 0 0 0 0 0 0 0 0 0 0 0 0 0 0 0 0 0 0 0 0 0 0 0 0 0
20 : 182 186 183 186 187 188 195 193 192 197 199 208 206 211 214 211 215 220 224 220 168 2 0 0 0 0 0 0 0 0 0 0 0 0 0 0 0 0 0 0 0 0 0 0 0 0 0 0 0 0 0
21 : 180 185 182 185 186 186 193 192 191 196 198 207 205 210 213 209 214 218 223 219 165 2 0 0 0 0 0 0 0 0 0 0 0 0 0 0 0 0 0 0 0 0 0 0 0 0 0 0 0 0 0
22 : 179 184 181 185 185 186 193 192 190 195 198 206 204 210 212 209 213 218 222 219 165 2 0 0 0 0 0 0 0 0 0 0 0 0 0 0 0 0 0 0 0 0 0 0 0 0 0 0 0 0 0
23 : 180 184 181 184 186 186 192 191 191 195 197 206 204 210 212 209 213 217 222 219 164 2 0 0 0 0 0 0 0 0 0 0 0 0 0 0 0 0 0 0 0 0 0 0 0 0 0 0 0 0 0
24 : 179 183 181 184 185 185 192 190 189 194 197 206 204 208 211 208 213 217 222 219 163 2 0 0 0 0 0 0 0 0 0 0 0 0 0 0 0 0 0 0 0 0 0 0 0 0 0 0 0 0 0
25 : 180 184 182 185 185 186 193 191 191 195 198 207 204 210 212 209 213 218 222 218 162 2 0 0 0 0 0 0 0 0 0 0 0 0 0 0 0 0 0 0 0 0 0 0 0 0 0 0 0 0 0
26 : 180 183 181 184 185 186 192 191 191 195 198 206 205 210 212 209 214 218 223 219 163 2 0 0 0 0 0 0 0 0 0 0 0 0 0 0 0 0 0 0 0 0 0 0 0 0 0 0 0 0 0
27 : 180 184 182 185 186 186 193 191 191 195 198 206 204 209 212 209 213 217 223 219 163 2 0 0 0 0 0 0 0 0 0 0 0 0 0 0 0 0 0 0 0 0 0 0 0 0 0 0 0 0 0
28 : 179 184 181 185 185 186 193 191 190 195 197 207 204 210 212 209 213 218 223 220 163 2 0 0 0 0 0 0 0 0 0 0 0 0 0 0 0 0 0 0 0 0 0 0 0 0 0 0 0 0 0
29 : 179 183 181 184 185 185 192 191 190 194 197 206 204 209 212 209 213 218 222 219 162 2 0 0 0 0 0 0 0 0 0 0 0 0 0 0 0 0 0 0 0 0 0 0 0 0 0 0 0 0 0
30 : 182 186 183 186 187 188 194 192 192 196 199 208 206 211 213 210 214 219 224 221 164 2 0 0 0 0 0 0 0 0 0 0 0 0 0 0 0 0 0 0 0 0 0 0 0 0 0 0 0 0 0
31 : 180 184 181 184 186 186 193 191 191 195 198 207 205 210 212 210 214 218 223 219 163 2 0 0 0 0 0 0 0 0 0 0 0 0 0 0 0 0 0 0 0 0 0 0 0 0 0 0 0 0 0
32 : 181 185 183 186 187 187 194 192 191 196 198 208 206 211 213 210 215 219 224 220 164 2 0 0 0 0 0 0 0 0 0 0 0 0 0 0 0 0 0 0 0 0 0 0 0 0 0 0 0 0 0
33 : 181 185 182 185 187 187 194 192 192 197 199 208 205 211 214 211 215 220 224 220 165 2 0 0 0 0 0 0 0 0 0 0 0 0 0 0 0 0 0 0 0 0 0 0 0 0 0 0 0 0 0
34 : 179 183 180 184 185 185 192 190 190 194 197 206 204 209 212 209 212 217 222 218 163 2 0 0 0 0 0 0 0 0 0 0 0 0 0 0 0 0 0 0 0 0 0 0 0 0 0 0 0 0 0
35 : 181 186 183 186 187 187 194 192 192 197 199 208 206 211 213 210 215 219 224 220 165 2 0 0 0 0 0 0 0 0 0 0 0 0 0 0 0 0 0 0 0 0 0 0 0 0 0 0 0 0 0
36 : 180 183 181 184 185 186 193 191 190 195 197 207 205 210 212 209 214 218 223 219 164 2 0 0 0 0 0 0 0 0 0 0 0 0 0 0 0 0 0 0 0 0 0 0 0 0 0 0 0 0 0
37 : 181 185 182 185 187 187 194 192 192 196 199 208 206 211 214 211 214 219 224 220 165 2 0 0 0 0 0 0 0 0 0 0 0 0 0 0 0 0 0 0 0 0 0 0 0 0 0 0 0 0 0
38 : 181 185 183 186 186 188 194 192 192 196 199 208 206 211 214 210 215 219 224 220 166 2 0 0 0 0 0 0 0 0 0 0 0 0 0 0 0 0 0 0 0 0 0 0 0 0 0 0 0 0 0
39 : 180 185 182 186 186 187 194 192 191 195 198 207 205 210 213 210 214 219 224 219 165 2 0 0 0 0 0 0 0 0 0 0 0 0 0 0 0 0 0 0 0 0 0 0 0 0 0 0 0 0 0
40 : 181 185 182 185 186 188 194 192 192 196 198 208 205 211 213 210 214 219 223 219 165 2 0 0 0 0 0 0 0 0 0 0 0 0 0 0 0 0 0 0 0 0 0 0 0 0 0 0 0 0 0
41 : 179 184 181 185 185 186 193 191 191 195 198 207 204 210 213 210 214 218 223 219 165 2 0 0 0 0 0 0 0 0 0 0 0 0 0 0 0 0 0 0 0 0 0 0 0 0 0 0 0 0 0
42 : 179 184 181 184 185 186 193 191 190 194 197 206 205 210 212 209 213 218 222 219 164 2 0 0 0 0 0 0 0 0 0 0 0 0 0 0 0 0 0 0 0 0 0 0 0 0 0 0 0 0 0
43 : 180 185 182 185 186 187 194 192 192 196 199 208 206 211 213 210 215 219 224 220 165 2 0 0 0 0 0 0 0 0 0 0 0 0 0 0 0 0 0 0 0 0 0 0 0 0 0 0 0 0 0
44 : 180 184 181 184 186 187 193 192 191 196 198 207 205 211 213 209 214 219 224 220 165 2 0 0 0 0 0 0 0 0 0 0 0 0 0 0 0 0 0 0 0 0 0 0 0 0 0 0 0 0 0
45 : 180 184 181 185 185 186 192 191 191 195 198 206 204 209 212 209 213 218 222 219 165 2 0 0 0 0 0 0 0 0 0 0 0 0 0 0 0 0 0 0 0 0 0 0 0 0 0 0 0 0 0
46 : 180 184 182 185 185 187 193 191 190 195 198 207 205 210 213 209 213 218 223 219 164 2 0 0 0 0 0 0 0 0 0 0 0 0 0 0 0 0 0 0 0 0 0 0 0 0 0 0 0 0 0
47 : 180 184 182 185 186 186 193 192 191 195 198 207 205 210 213 210 214 219 223 219 164 2 0 0 0 0 0 0 0 0 0 0 0 0 0 0 0 0 0 0 0 0 0 0 0 0 0 0 0 0 0
48 : 180 184 181 185 185 186 193 192 191 195 198 207 205 210 213 209 214 218 223 219 165 2 0 0 0 0 0 0 0 0 0 0 0 0 0 0 0 0 0 0 0 0 0 0 0 0 0 0 0 0 0
49 : 180 184 182 186 186 186 193 192 191 195 198 208 205 211 213 210 215 219 224 219 165 2 0 0 0 0 0 0 0 0 0 0 0 0 0 0 0 0 0 0 0 0 0 0 0 0 0 0 0 0 0
50 : 180 185 182 185 186 187 193 192 191 195 198 207 205 210 213 210 214 219 223 219 165 2 0 0 0 0 0 0 0 0 0 0 0 0 0 0 0 0 0 0 0 0 0 0 0 0 0 0 0 0 0
51 : 180 184 181 184 185 186 193 191 191 195 198 207 204 210 212 209 214 219 223 219 164 2 0 0 0 0 0 0 0 0 0 0 0 0 0 0 0 0 0 0 0 0 0 0 0 0 0 0 0 0 0
52 : 180 184 182 185 186 187 193 191 191 195 198 208 205 210 212 209 214 219 223 219 165 2 0 0 0 0 0 0 0 0 0 0 0 0 0 0 0 0 0 0 0 0 0 0 0 0 0 0 0 0 0
53 : 181 185 182 186 187 188 194 192 192 197 199 209 206 212 214 211 215 220 224 220 166 2 0 0 0 0 0 0 0 0 0 0 0 0 0 0 0 0 0 0 0 0 0 0 0 0 0 0 0 0 0
54 : 180 185 182 185 186 186 194 192 191 196 198 207 205 210 213 210 214 219 223 219 165 2 0 0 0 0 0 0 0 0 0 0 0 0 0 0 0 0 0 0 0 0 0 0 0 0 0 0 0 0 0
55 : 181 186 182 186 186 187 194 192 192 196 198 208 206 211 213 210 215 219 223 220 164 2 0 0 0 0 0 0 0 0 0 0 0 0 0 0 0 0 0 0 0 0 0 0 0 0 0 0 0 0 0
56 : 180 184 182 185 186 187 193 192 191 195 198 207 205 211 213 209 214 219 223 219 164 2 0 0 0 0 0 0 0 0 0 0 0 0 0 0 0 0 0 0 0 0 0 0 0 0 0 0 0 0 0
57 : 181 184 182 185 186 186 193 192 191 196 198 207 205 210 213 209 214 219 223 219 164 2 0 0 0 0 0 0 0 0 0 0 0 0 0 0 0 0 0 0 0 0 0 0 0 0 0 0 0 0 0
58 : 180 184 181 184 186 186 192 191 191 195 198 207 205 210 212 209 213 218 222 218 163 2 0 0 0 0 0 0 0 0 0 0 0 0 0 0 0 0 0 0 0 0 0 0 0 0 0 0 0 0 0
59 : 180 184 181 185 185 186 193 191 191 195 197 207 204 210 212 208 214 218 222 218 163 2 0 0 0 0 0 0 0 0 0 0 0 0 0 0 0 0 0 0 0 0 0 0 0 0 0 0 0 0 0
60 : 180 185 182 186 186 187 193 192 191 196 198 208 205 211 213 210 214 219 223 219 164 2 0 0 0 0 0 0 0 0 0 0 0 0 0 0 0 0 0 0 0 0 0 0 0 0 0 0 0 0 0
61 : 179 184 181 185 186 186 193 192 191 194 198 208 205 210 213 209 214 218 223 219 164 2 0 0 0 0 0 0 0 0 0 0 0 0 0 0 0 0 0 0 0 0 0 0 0 0 0 0 0 0 0
62 : 181 185 183 186 187 188 194 193 192 197 199 209 206 212 214 211 215 220 224 220 166 2 0 0 0 0 0 0 0 0 0 0 0 0 0 0 0 0 0 0 0 0 0 0 0 0 0 0 0 0 0
63 : 180 185 182 185 186 187 194 192 191 195 198 207 205 210 213 210 214 219 223 219 165 2 0 0 0 0 0 0 0 0 0 0 0 0 0 0 0 0 0 0 0 0 0 0 0 0 0 0 0 0 0
64 : 181 185 182 186 186 187 194 192 191 196 199 207 205 211 214 210 214 219 224 220 165 2 0 0 0 0 0 0 0 0 0 0 0 0 0 0 0 0 0 0 0 0 0 0 0 0 0 0 0 0 0
65 : 180 185 182 186 186 187 194 192 192 196 198 207 205 210 213 210 214 219 223 219 166 2 0 0 0 0 0 0 0 0 0 0 0 0 0 0 0 0 0 0 0 0 0 0 0 0 0 0 0 0 0
66 : 179 184 182 185 186 186 193 191 191 196 199 207 205 211 213 210 214 219 223 219 166 2 0 0 0 0 0 0 0 0 0 0 0 0 0 0 0 0 0 0 0 0 0 0 0 0 0 0 0 0 0
67 : 180 184 181 184 186 187 193 191 191 195 198 207 205 210 212 209 214 218 223 219 166 2 0 0 0 0 0 0 0 0 0 0 0 0 0 0 0 0 0 0 0 0 0 0 0 0 0 0 0 0 0
68 : 180 185 182 185 185 187 193 191 190 195 198 206 204 210 212 210 214 219 223 218 166 2 0 0 0 0 0 0 0 0 0 0 0 0 0 0 0 0 0 0 0 0 0 0 0 0 0 0 0 0 0
69 : 180 185 182 185 186 187 194 192 191 195 199 208 206 210 213 210 215 219 223 220 166 2 0 0 0 0 0 0 0 0 0 0 0 0 0 0 0 0 0 0 0 0 0 0 0 0 0 0 0 0 0
70 : 180 185 182 186 186 187 194 191 191 195 198 208 205 210 212 210 214 219 223 219 167 2 0 0 0 0 0 0 0 0 0 0 0 0 0 0 0 0 0 0 0 0 0 0 0 0 0 0 0 0 0
71 : 179 184 182 185 186 186 193 191 191 195 198 207 205 210 213 210 214 219 223 219 166 2 0 0 0 0 0 0 0 0 0 0 0 0 0 0 0 0 0 0 0 0 0 0 0 0 0 0 0 0 0
72 : 181 185 183 187 187 187 194 193 192 196 199 209 206 212 214 211 215 220 225 220 167 2 0 0 0 0 0 0 0 0 0 0 0 0 0 0 0 0 0 0 0 0 0 0 0 0 0 0 0 0 0
73 : 181 185 182 186 187 188 194 193 192 197 200 209 206 211 214 211 215 220 224 220 167 2 0 0 0 0 0 0 0 0 0 0 0 0 0 0 0 0 0 0 0 0 0 0 0 0 0 0 0 0 0
74 : 180 185 182 185 186 187 193 192 192 196 198 208 205 211 213 210 214 219 223 219 166 2 0 0 0 0 0 0 0 0 0 0 0 0 0 0 0 0 0 0 0 0 0 0 0 0 0 0 0 0 0
75 : 181 185 182 185 186 187 194 192 192 196 199 208 205 210 213 210 214 219 223 220 166 2 0 0 0 0 0 0 0 0 0 0 0 0 0 0 0 0 0 0 0 0 0 0 0 0 0 0 0 0 0
76 : 179 184 181 185 186 186 193 191 190 195 197 206 205 210 212 209 213 218 223 219 165 2 0 0 0 0 0 0 0 0 0 0 0 0 0 0 0 0 0 0 0 0 0 0 0 0 0 0 0 0 0
77 : 180 184 181 185 186 187 193 192 191 195 198 207 205 210 212 210 214 218 223 219 165 2 0 0 0 0 0 0 0 0 0 0 0 0 0 0 0 0 0 0 0 0 0 0 0 0 0 0 0 0 0
78 : 181 185 182 186 186 187 194 193 192 197 199 209 206 212 214 210 215 219 224 220 165 2 0 0 0 0 0 0 0 0 0 0 0 0 0 0 0 0 0 0 0 0 0 0 0 0 0 0 0 0 0
79 : 180 185 182 185 186 187 194 193 192 196 199 207 205 211 213 210 215 219 224 219 166 2 0 0 0 0 0 0 0 0 0 0 0 0 0 0 0 0 0 0 0 0 0 0 0 0 0 0 0 0 0
80 : 182 186 183 186 187 188 194 193 192 196 199 208 206 211 213 211 215 220 224 220 166 2 0 0 0 0 0 0 0 0 0 0 0 0 0 0 0 0 0 0 0 0 0 0 0 0 0 0 0 0 0
81 : 180 184 181 184 186 186 193 192 191 195 198 207 205 210 213 209 214 218 223 219 165 2 0 0 0 0 0 0 0 0 0 0 0 0 0 0 0 0 0 0 0 0 0 0 0 0 0 0 0 0 0
82 : 180 185 182 185 187 187 194 192 191 196 199 208 205 211 213 210 214 218 223 220 165 2 0 0 0 0 0 0 0 0 0 0 0 0 0 0 0 0 0 0 0 0 0 0 0 0 0 0 0 0 0
83 : 180 184 181 185 186 186 192 192 191 195 197 207 205 210 212 209 213 218 223 219 164 2 0 0 0 0 0 0 0 0 0 0 0 0 0 0 0 0 0 0 0 0 0 0 0 0 0 0 0 0 0
84 : 179 183 181 184 185 186 193 190 190 195 197 207 204 210 212 209 213 217 222 218 164 2 0 0 0 0 0 0 0 0 0 0 0 0 0 0 0 0 0 0 0 0 0 0 0 0 0 0 0 0 0
85 : 181 185 182 186 187 188 194 193 192 196 199 208 206 211 213 210 214 219 223 219 165 2 0 0 0 0 0 0 0 0 0 0 0 0 0 0 0 0 0 0 0 0 0 0 0 0 0 0 0 0 0
86 : 181 185 182 185 186 186 193 192 191 196 198 207 205 210 213 210 215 219 223 219 165 2 0 0 0 0 0 0 0 0 0 0 0 0 0 0 0 0 0 0 0 0 0 0 0 0 0 0 0 0 0
87 : 180 185 182 186 186 187 193 192 192 196 198 208 205 211 213 210 214 218 223 219 164 2 0 0 0 0 0 0 0 0 0 0 0 0 0 0 0 0 0 0 0 0 0 0 0 0 0 0 0 0 0
88 : 181 185 183 186 187 187 194 192 192 196 199 208 206 211 214 210 215 219 224 220 165 2 0 0 0 0 0 0 0 0 0 0 0 0 0 0 0 0 0 0 0 0 0 0 0 0 0 0 0 0 0
89 : 179 184 181 184 185 186 192 190 190 195 198 206 204 210 212 209 214 218 222 218 165 2 0 0 0 0 0 0 0 0 0 0 0 0 0 0 0 0 0 0 0 0 0 0 0 0 0 0 0 0 0
90 : 180 186 183 186 187 188 194 193 192 197 199 208 206 211 214 211 215 219 223 220 166 2 0 0 0 0 0 0 0 0 0 0 0 0 0 0 0 0 0 0 0 0 0 0 0 0 0 0 0 0 0
91 : 179 184 181 185 185 186 193 191 191 195 198 207 205 210 213 208 214 218 222 219 165 2 0 0 0 0 0 0 0 0 0 0 0 0 0 0 0 0 0 0 0 0 0 0 0 0 0 0 0 0 0
92 : 180 185 182 185 186 187 193 192 191 196 198 207 205 210 213 209 213 218 223 219 165 2 0 0 0 0 0 0 0 0 0 0 0 0 0 0 0 0 0 0 0 0 0 0 0 0 0 0 0 0 0
93 : 180 184 182 185 186 187 193 192 191 195 198 207 205 210 212 209 213 218 223 219 166 2 0 0 0 0 0 0 0 0 0 0 0 0 0 0 0 0 0 0 0 0 0 0 0 0 0 0 0 0 0
94 : 179 184 181 185 185 186 193 191 190 195 198 207 205 209 212 209 213 218 222 219 165 2 0 0 0 0 0 0 0 0 0 0 0 0 0 0 0 0 0 0 0 0 0 0 0 0 0 0 0 0 0
95 : 182 186 184 187 188 189 195 194 193 197 200 209 208 212 214 212 216 220 225 221 167 2 0 0 0 0 0 0 0 0 0 0 0 0 0 0 0 0 0 0 0 0 0 0 0 0 0 0 0 0 0
96 : 179 185 182 185 186 187 193 192 191 196 198 208 205 211 213 210 214 219 223 220 166 2 0 0 0 0 0 0 0 0 0 0 0 0 0 0 0 0 0 0 0 0 0 0 0 0 0 0 0 0 0
97 : 180 186 182 186 187 187 194 192 192 196 198 207 205 210 213 210 214 219 224 220 167 2 0 0 0 0 0 0 0 0 0 0 0 0 0 0 0 0 0 0 0 0 0 0 0 0 0 0 0 0 0
98 : 179 184 182 186 186 187 193 192 191 196 198 207 205 210 213 210 214 218 223 219 167 2 0 0 0 0 0 0 0 0 0 0 0 0 0 0 0 0 0 0 0 0 0 0 0 0 0 0 0 0 0
99 : 181 186 183 186 187 188 194 193 192 196 199 208 206 211 214 210 215 219 224 219 167 2 0 0 0 0 0 0 0 0 0 0 0 0 0 0 0 0 0 0 0 0 0 0 0 0 0 0 0 0 0
100 : 180 186 183 186 187 188 194 193 192 196 199 208 206 211 213 211 214 219 223 219 168 2 0 0 0 0 0 0 0 0 0 0 0 0 0 0 0 0 0 0 0 0 0 0 0 0 0 0 0 0 0
101 : 180 184 181 185 186 186 193 192 191 195 198 207 205 210 213 210 214 219 224 219 168 2 0 0 0 0 0 0 0 0 0 0 0 0 0 0 0 0 0 0 0 0 0 0 0 0 0 0 0 0 0
