Brightness in each height
Heights/D : 36.3415 35.6195 34.8976 34.1756 33.4537 32.7317 32.0098 31.2878 30.5659 29.8439 29.122 28.4 27.678 26.9561 26.2341 25.5122 24.7902 24.0683 23.3463 22.6244 21.9024 21.1805 20.4585 19.7366 19.0146 18.2927 17.5707 16.8488 16.1268 15.4049 14.6829 13.961 13.239 12.5171 11.7951 11.0732 10.3512 9.62927 8.90732 8.18537 7.46341 6.74146 6.01951 5.29756 4.57561 3.85366 3.13171 2.40976 1.6878 0.965854 0.243902
1 : 131 128 125 130 133 133 131 132 138 133 137 133 133 144 142 142 150 138 149 152 147 38 0 0 0 0 0 0 0 0 0 0 0 0 0 0 0 0 0 0 0 0 0 0 0 0 0 0 0 0 0
2 : 128 127 123 127 132 131 130 131 137 132 135 131 132 143 141 141 149 137 148 151 147 39 0 0 0 0 0 0 0 0 0 0 0 0 0 0 0 0 0 0 0 0 0 0 0 0 0 0 0 0 0
3 : 129 127 124 128 133 130 129 130 137 132 135 132 131 143 141 140 149 136 148 151 147 39 0 0 0 0 0 0 0 0 0 0 0 0 0 0 0 0 0 0 0 0 0 0 0 0 0 0 0 0 0
4 : 128 127 123 128 132 131 129 131 137 131 135 132 132 143 141 140 149 136 148 151 147 39 0 0 0 0 0 0 0 0 0 0 0 0 0 0 0 0 0 0 0 0 0 0 0 0 0 0 0 0 0
5 : 128 127 123 128 131 131 128 130 136 131 135 131 131 142 141 140 149 136 148 150 147 38 0 0 0 0 0 0 0 0 0 0 0 0 0 0 0 0 0 0 0 0 0 0 0 0 0 0 0 0 0
6 : 130 129 125 129 134 133 131 133 139 134 137 133 133 144 143 142 150 138 150 152 149 39 0 0 0 0 0 0 0 0 0 0 0 0 0 0 0 0 0 0 0 0 0 0 0 0 0 0 0 0 0
7 : 128 126 122 128 132 131 128 131 137 132 135 132 131 142 140 140 148 136 147 150 147 39 0 0 0 0 0 0 0 0 0 0 0 0 0 0 0 0 0 0 0 0 0 0 0 0 0 0 0 0 0
8 : 129 127 124 128 132 131 129 131 137 131 135 131 131 143 140 141 149 136 147 150 147 39 0 0 0 0 0 0 0 0 0 0 0 0 0 0 0 0 0 0 0 0 0 0 0 0 0 0 0 0 0
9 : 130 128 124 129 132 131 130 132 138 133 136 132 132 143 142 141 150 137 149 151 147 39 0 0 0 0 0 0 0 0 0 0 0 0 0 0 0 0 0 0 0 0 0 0 0 0 0 0 0 0 0
10 : 129 127 123 128 132 131 128 130 136 130 135 131 131 143 141 140 148 135 147 150 147 39 0 0 0 0 0 0 0 0 0 0 0 0 0 0 0 0 0 0 0 0 0 0 0 0 0 0 0 0 0
11 : 132 130 126 131 135 134 132 133 139 135 137 133 133 145 143 143 151 139 150 153 149 39 0 0 0 0 0 0 0 0 0 0 0 0 0 0 0 0 0 0 0 0 0 0 0 0 0 0 0 0 0
12 : 129 127 123 127 132 131 128 131 137 130 134 131 131 142 141 140 148 136 148 150 146 38 0 0 0 0 0 0 0 0 0 0 0 0 0 0 0 0 0 0 0 0 0 0 0 0 0 0 0 0 0
13 : 129 127 123 128 132 131 129 130 137 132 135 132 132 143 141 141 149 136 148 150 147 38 0 0 0 0 0 0 0 0 0 0 0 0 0 0 0 0 0 0 0 0 0 0 0 0 0 0 0 0 0
14 : 129 128 123 128 132 132 129 130 137 132 135 132 132 143 141 141 149 136 147 151 147 39 0 0 0 0 0 0 0 0 0 0 0 0 0 0 0 0 0 0 0 0 0 0 0 0 0 0 0 0 0
15 : 128 127 122 128 132 131 127 130 136 131 135 131 132 143 140 140 149 136 148 151 146 39 0 0 0 0 0 0 0 0 0 0 0 0 0 0 0 0 0 0 0 0 0 0 0 0 0 0 0 0 0
16 : 131 129 125 130 134 133 130 133 139 134 137 133 134 145 143 143 151 139 150 152 149 40 0 0 0 0 0 0 0 0 0 0 0 0 0 0 0 0 0 0 0 0 0 0 0 0 0 0 0 0 0
17 : 129 128 124 128 132 131 129 131 137 132 136 131 132 144 141 142 150 137 149 151 147 40 0 0 0 0 0 0 0 0 0 0 0 0 0 0 0 0 0 0 0 0 0 0 0 0 0 0 0 0 0
18 : 129 127 123 128 132 131 129 130 137 132 135 132 132 143 140 140 149 137 148 151 146 40 0 0 0 0 0 0 0 0 0 0 0 0 0 0 0 0 0 0 0 0 0 0 0 0 0 0 0 0 0
19 : 128 126 123 128 132 131 129 130 137 131 135 131 131 142 141 140 149 136 148 151 147 40 0 0 0 0 0 0 0 0 0 0 0 0 0 0 0 0 0 0 0 0 0 0 0 0 0 0 0 0 0
20 : 128 127 123 127 131 130 128 130 137 131 134 131 131 143 141 140 148 136 148 150 146 41 0 0 0 0 0 0 0 0 0 0 0 0 0 0 0 0 0 0 0 0 0 0 0 0 0 0 0 0 0
21 : 131 129 125 131 134 133 131 133 139 134 138 134 133 144 143 141 151 139 150 152 149 42 0 0 0 0 0 0 0 0 0 0 0 0 0 0 0 0 0 0 0 0 0 0 0 0 0 0 0 0 0
22 : 129 127 123 128 132 132 128 131 137 131 135 131 131 143 141 140 148 136 147 150 146 42 0 0 0 0 0 0 0 0 0 0 0 0 0 0 0 0 0 0 0 0 0 0 0 0 0 0 0 0 0
23 : 129 128 123 128 132 131 129 131 138 132 136 132 131 143 141 141 149 137 149 151 147 41 0 0 0 0 0 0 0 0 0 0 0 0 0 0 0 0 0 0 0 0 0 0 0 0 0 0 0 0 0
24 : 130 128 125 129 133 132 130 132 138 133 136 133 133 144 142 141 149 138 149 151 147 41 0 0 0 0 0 0 0 0 0 0 0 0 0 0 0 0 0 0 0 0 0 0 0 0 0 0 0 0 0
25 : 128 127 123 127 131 131 128 131 136 131 135 131 131 142 140 140 149 136 147 150 146 42 0 0 0 0 0 0 0 0 0 0 0 0 0 0 0 0 0 0 0 0 0 0 0 0 0 0 0 0 0
26 : 130 128 124 129 133 133 130 132 139 134 137 133 133 144 142 142 150 138 150 151 147 42 0 0 0 0 0 0 0 0 0 0 0 0 0 0 0 0 0 0 0 0 0 0 0 0 0 0 0 0 0
27 : 128 127 123 127 131 130 128 130 137 131 135 131 131 142 140 140 149 136 147 149 145 42 0 0 0 0 0 0 0 0 0 0 0 0 0 0 0 0 0 0 0 0 0 0 0 0 0 0 0 0 0
28 : 129 127 123 127 132 131 129 131 137 131 135 131 131 143 141 141 149 137 148 149 146 43 0 0 0 0 0 0 0 0 0 0 0 0 0 0 0 0 0 0 0 0 0 0 0 0 0 0 0 0 0
29 : 129 128 124 129 132 132 130 132 138 133 136 133 132 143 142 141 150 137 148 150 147 44 0 0 0 0 0 0 0 0 0 0 0 0 0 0 0 0 0 0 0 0 0 0 0 0 0 0 0 0 0
30 : 128 127 123 128 132 131 128 130 136 131 135 130 131 143 141 140 149 136 147 149 145 43 0 0 0 0 0 0 0 0 0 0 0 0 0 0 0 0 0 0 0 0 0 0 0 0 0 0 0 0 0
31 : 129 128 124 129 133 132 131 131 139 133 136 132 132 144 142 141 150 137 148 150 147 44 0 0 0 0 0 0 0 0 0 0 0 0 0 0 0 0 0 0 0 0 0 0 0 0 0 0 0 0 0
32 : 128 126 123 128 132 130 128 130 137 131 134 130 130 142 140 140 149 136 147 148 146 43 0 0 0 0 0 0 0 0 0 0 0 0 0 0 0 0 0 0 0 0 0 0 0 0 0 0 0 0 0
33 : 129 127 123 128 133 131 129 131 137 132 135 132 131 143 140 140 149 136 148 149 146 43 0 0 0 0 0 0 0 0 0 0 0 0 0 0 0 0 0 0 0 0 0 0 0 0 0 0 0 0 0
34 : 129 127 123 127 131 131 128 131 137 131 135 131 131 142 141 141 149 136 147 150 146 43 0 0 0 0 0 0 0 0 0 0 0 0 0 0 0 0 0 0 0 0 0 0 0 0 0 0 0 0 0
35 : 128 126 122 127 132 130 127 129 137 131 134 130 131 142 141 140 148 136 147 149 145 43 0 0 0 0 0 0 0 0 0 0 0 0 0 0 0 0 0 0 0 0 0 0 0 0 0 0 0 0 0
36 : 130 128 125 129 134 133 130 132 138 133 136 133 132 144 142 142 150 138 149 150 146 43 0 0 0 0 0 0 0 0 0 0 0 0 0 0 0 0 0 0 0 0 0 0 0 0 0 0 0 0 0
37 : 129 126 123 127 132 131 129 130 136 131 134 131 130 142 139 140 149 135 148 149 145 43 0 0 0 0 0 0 0 0 0 0 0 0 0 0 0 0 0 0 0 0 0 0 0 0 0 0 0 0 0
38 : 129 127 123 128 132 131 129 130 136 131 134 132 132 143 141 141 150 136 148 150 146 43 0 0 0 0 0 0 0 0 0 0 0 0 0 0 0 0 0 0 0 0 0 0 0 0 0 0 0 0 0
39 : 129 127 123 128 131 131 129 130 137 131 135 131 131 142 141 141 149 136 147 148 146 44 0 0 0 0 0 0 0 0 0 0 0 0 0 0 0 0 0 0 0 0 0 0 0 0 0 0 0 0 0
40 : 129 126 122 127 132 130 128 130 137 131 134 130 131 142 140 140 148 135 146 149 145 44 0 0 0 0 0 0 0 0 0 0 0 0 0 0 0 0 0 0 0 0 0 0 0 0 0 0 0 0 0
41 : 129 129 125 129 134 132 130 132 138 133 136 133 133 144 142 142 150 136 148 150 147 45 0 0 0 0 0 0 0 0 0 0 0 0 0 0 0 0 0 0 0 0 0 0 0 0 0 0 0 0 0
42 : 128 127 122 127 132 131 128 130 136 130 134 131 131 142 140 140 149 136 147 148 145 43 0 0 0 0 0 0 0 0 0 0 0 0 0 0 0 0 0 0 0 0 0 0 0 0 0 0 0 0 0
43 : 128 127 123 128 132 131 129 130 136 131 135 131 131 143 141 140 149 136 147 149 146 44 0 0 0 0 0 0 0 0 0 0 0 0 0 0 0 0 0 0 0 0 0 0 0 0 0 0 0 0 0
44 : 129 127 123 128 132 131 128 131 137 132 135 131 132 143 141 140 149 136 148 149 146 44 0 0 0 0 0 0 0 0 0 0 0 0 0 0 0 0 0 0 0 0 0 0 0 0 0 0 0 0 0
45 : 129 127 123 128 133 131 129 131 137 132 135 132 131 143 141 141 149 135 148 149 145 44 0 0 0 0 0 0 0 0 0 0 0 0 0 0 0 0 0 0 0 0 0 0 0 0 0 0 0 0 0
46 : 129 128 124 129 134 132 130 133 139 133 137 133 133 144 142 142 150 138 149 150 147 44 0 0 0 0 0 0 0 0 0 0 0 0 0 0 0 0 0 0 0 0 0 0 0 0 0 0 0 0 0
47 : 128 126 123 127 131 131 128 130 136 131 134 131 131 142 141 140 148 136 147 149 146 44 0 0 0 0 0 0 0 0 0 0 0 0 0 0 0 0 0 0 0 0 0 0 0 0 0 0 0 0 0
48 : 128 127 123 128 131 130 129 131 137 132 135 131 131 143 141 141 148 136 147 149 146 44 0 0 0 0 0 0 0 0 0 0 0 0 0 0 0 0 0 0 0 0 0 0 0 0 0 0 0 0 0
49 : 128 127 123 128 132 131 129 130 137 131 135 132 131 143 141 140 149 137 148 149 146 44 0 0 0 0 0 0 0 0 0 0 0 0 0 0 0 0 0 0 0 0 0 0 0 0 0 0 0 0 0
50 : 128 127 123 128 132 131 129 131 137 132 136 132 131 142 140 140 149 137 147 149 146 44 0 0 0 0 0 0 0 0 0 0 0 0 0 0 0 0 0 0 0 0 0 0 0 0 0 0 0 0 0
51 : 131 129 126 130 135 133 132 133 139 133 137 134 133 145 143 143 150 138 150 151 148 45 0 0 0 0 0 0 0 0 0 0 0 0 0 0 0 0 0 0 0 0 0 0 0 0 0 0 0 0 0
52 : 129 127 123 128 132 131 129 131 137 131 135 130 130 142 141 140 148 136 148 148 145 44 0 0 0 0 0 0 0 0 0 0 0 0 0 0 0 0 0 0 0 0 0 0 0 0 0 0 0 0 0
53 : 128 126 123 127 132 131 128 130 137 131 135 132 131 142 141 140 148 136 147 149 145 44 0 0 0 0 0 0 0 0 0 0 0 0 0 0 0 0 0 0 0 0 0 0 0 0 0 0 0 0 0
54 : 129 128 124 129 132 132 129 131 138 132 136 132 132 143 141 142 149 137 148 150 146 44 0 0 0 0 0 0 0 0 0 0 0 0 0 0 0 0 0 0 0 0 0 0 0 0 0 0 0 0 0
55 : 128 125 122 127 130 130 127 129 135 130 133 130 130 141 139 139 147 135 146 147 144 43 0 0 0 0 0 0 0 0 0 0 0 0 0 0 0 0 0 0 0 0 0 0 0 0 0 0 0 0 0
56 : 131 129 125 130 134 133 131 133 140 134 137 134 135 145 144 143 151 138 150 150 148 44 0 0 0 0 0 0 0 0 0 0 0 0 0 0 0 0 0 0 0 0 0 0 0 0 0 0 0 0 0
57 : 129 127 124 129 133 132 130 131 138 132 136 132 132 143 142 141 150 137 148 150 146 44 0 0 0 0 0 0 0 0 0 0 0 0 0 0 0 0 0 0 0 0 0 0 0 0 0 0 0 0 0
58 : 128 127 123 128 132 130 128 130 137 131 135 131 131 143 141 140 149 136 147 149 146 44 0 0 0 0 0 0 0 0 0 0 0 0 0 0 0 0 0 0 0 0 0 0 0 0 0 0 0 0 0
59 : 129 127 123 128 132 131 129 131 137 131 135 131 132 143 142 141 149 136 148 149 146 44 0 0 0 0 0 0 0 0 0 0 0 0 0 0 0 0 0 0 0 0 0 0 0 0 0 0 0 0 0
60 : 129 127 122 128 132 131 129 131 137 132 135 131 131 143 141 140 149 136 148 149 145 43 0 0 0 0 0 0 0 0 0 0 0 0 0 0 0 0 0 0 0 0 0 0 0 0 0 0 0 0 0
61 : 131 130 125 131 134 134 131 133 139 134 137 134 133 145 143 143 151 139 150 151 147 44 0 0 0 0 0 0 0 0 0 0 0 0 0 0 0 0 0 0 0 0 0 0 0 0 0 0 0 0 0
62 : 128 126 123 128 132 131 129 131 137 131 135 131 131 142 141 141 149 136 147 149 145 43 0 0 0 0 0 0 0 0 0 0 0 0 0 0 0 0 0 0 0 0 0 0 0 0 0 0 0 0 0
63 : 128 127 123 128 132 131 129 131 138 132 135 132 131 142 141 141 149 136 149 150 146 44 0 0 0 0 0 0 0 0 0 0 0 0 0 0 0 0 0 0 0 0 0 0 0 0 0 0 0 0 0
64 : 129 127 123 129 133 131 129 131 137 132 135 132 132 143 141 141 149 137 148 150 147 44 0 0 0 0 0 0 0 0 0 0 0 0 0 0 0 0 0 0 0 0 0 0 0 0 0 0 0 0 0
65 : 128 126 123 127 131 131 128 130 136 131 134 131 131 142 140 141 149 136 147 148 145 44 0 0 0 0 0 0 0 0 0 0 0 0 0 0 0 0 0 0 0 0 0 0 0 0 0 0 0 0 0
66 : 130 129 125 129 134 133 130 132 138 133 136 133 132 144 142 142 149 137 149 150 147 44 0 0 0 0 0 0 0 0 0 0 0 0 0 0 0 0 0 0 0 0 0 0 0 0 0 0 0 0 0
67 : 128 126 122 127 131 130 128 130 136 131 134 131 130 142 140 140 148 135 147 148 145 44 0 0 0 0 0 0 0 0 0 0 0 0 0 0 0 0 0 0 0 0 0 0 0 0 0 0 0 0 0
68 : 129 126 123 128 132 131 128 131 137 131 135 131 131 142 141 140 149 136 147 149 146 44 0 0 0 0 0 0 0 0 0 0 0 0 0 0 0 0 0 0 0 0 0 0 0 0 0 0 0 0 0
69 : 129 127 123 127 133 132 129 131 137 132 135 132 132 143 141 141 149 137 148 149 146 44 0 0 0 0 0 0 0 0 0 0 0 0 0 0 0 0 0 0 0 0 0 0 0 0 0 0 0 0 0
70 : 128 126 123 127 132 131 129 130 137 131 135 131 131 142 141 141 148 136 148 148 145 44 0 0 0 0 0 0 0 0 0 0 0 0 0 0 0 0 0 0 0 0 0 0 0 0 0 0 0 0 0
71 : 130 128 125 129 133 132 130 133 138 133 136 133 132 144 143 142 150 138 149 150 147 44 0 0 0 0 0 0 0 0 0 0 0 0 0 0 0 0 0 0 0 0 0 0 0 0 0 0 0 0 0
72 : 129 127 123 128 131 131 129 131 136 131 134 130 131 143 140 140 148 136 147 149 146 44 0 0 0 0 0 0 0 0 0 0 0 0 0 0 0 0 0 0 0 0 0 0 0 0 0 0 0 0 0
73 : 129 126 123 128 132 131 128 131 137 132 135 132 131 143 141 140 148 136 148 149 145 46 0 0 0 0 0 0 0 0 0 0 0 0 0 0 0 0 0 0 0 0 0 0 0 0 0 0 0 0 0
74 : 130 128 124 128 133 131 130 132 138 133 136 132 131 144 141 141 149 137 148 149 146 47 0 0 0 0 0 0 0 0 0 0 0 0 0 0 0 0 0 0 0 0 0 0 0 0 0 0 0 0 0
75 : 128 126 122 127 132 130 129 131 136 132 135 131 131 142 141 140 149 136 147 147 144 48 0 0 0 0 0 0 0 0 0 0 0 0 0 0 0 0 0 0 0 0 0 0 0 0 0 0 0 0 0
76 : 131 129 125 130 135 134 132 133 139 135 137 134 134 145 142 143 151 138 149 149 146 51 0 0 0 0 0 0 0 0 0 0 0 0 0 0 0 0 0 0 0 0 0 0 0 0 0 0 0 0 0
77 : 129 127 123 127 131 130 129 130 136 131 135 131 130 142 141 140 149 136 146 147 144 53 0 0 0 0 0 0 0 0 0 0 0 0 0 0 0 0 0 0 0 0 0 0 0 0 0 0 0 0 0
78 : 128 127 123 128 132 130 128 130 137 133 135 132 131 142 141 141 149 136 147 147 143 55 0 0 0 0 0 0 0 0 0 0 0 0 0 0 0 0 0 0 0 0 0 0 0 0 0 0 0 0 0
79 : 130 128 124 128 133 132 130 131 138 133 136 133 131 143 141 142 151 137 148 148 145 59 0 0 0 0 0 0 0 0 0 0 0 0 0 0 0 0 0 0 0 0 0 0 0 0 0 0 0 0 0
80 : 129 126 122 127 131 131 128 130 136 132 134 132 130 141 140 140 149 135 147 145 142 61 0 0 0 0 0 0 0 0 0 0 0 0 0 0 0 0 0 0 0 0 0 0 0 0 0 0 0 0 0
81 : 131 129 125 130 134 133 130 132 139 134 136 134 133 144 142 142 152 139 149 148 144 65 0 0 0 0 0 0 0 0 0 0 0 0 0 0 0 0 0 0 0 0 0 0 0 0 0 0 0 0 0
82 : 130 126 124 128 133 130 129 131 137 132 135 133 131 141 141 141 150 136 148 146 142 67 0 0 0 0 0 0 0 0 0 0 0 0 0 0 0 0 0 0 0 0 0 0 0 0 0 0 0 0 0
83 : 129 127 123 128 132 130 128 131 136 132 135 132 131 141 140 141 150 136 147 145 142 68 0 0 0 0 0 0 0 0 0 0 0 0 0 0 0 0 0 0 0 0 0 0 0 0 0 0 0 0 0
84 : 128 127 122 128 133 131 129 131 137 132 134 132 130 142 140 140 149 136 148 145 142 69 0 0 0 0 0 0 0 0 0 0 0 0 0 0 0 0 0 0 0 0 0 0 0 0 0 0 0 0 0
85 : 128 127 122 128 132 130 128 130 135 132 134 132 129 142 139 140 149 135 147 144 142 71 0 0 0 0 0 0 0 0 0 0 0 0 0 0 0 0 0 0 0 0 0 0 0 0 0 0 0 0 0
86 : 130 128 125 130 134 132 131 133 139 134 136 135 132 143 142 142 151 136 149 146 143 73 0 0 0 0 0 0 0 0 0 0 0 0 0 0 0 0 0 0 0 0 0 0 0 0 0 0 0 0 0
87 : 128 126 123 128 132 131 128 131 136 131 134 132 130 140 139 139 149 134 147 145 142 74 0 0 0 0 0 0 0 0 0 0 0 0 0 0 0 0 0 0 0 0 0 0 0 0 0 0 0 0 0
88 : 128 126 123 128 132 130 129 131 137 133 135 133 130 142 140 140 150 136 148 145 142 76 0 0 0 0 0 0 0 0 0 0 0 0 0 0 0 0 0 0 0 0 0 0 0 0 0 0 0 0 0
89 : 129 128 123 128 132 131 128 131 136 132 134 133 130 142 140 140 150 136 148 145 142 78 0 0 0 0 0 0 0 0 0 0 0 0 0 0 0 0 0 0 0 0 0 0 0 0 0 0 0 0 0
90 : 129 127 123 128 132 130 129 131 136 131 135 132 130 141 140 140 150 135 148 145 143 81 0 0 0 0 0 0 0 0 0 0 0 0 0 0 0 0 0 0 0 0 0 0 0 0 0 0 0 0 0
91 : 131 129 126 130 134 132 130 133 139 134 136 135 133 144 142 142 152 138 150 147 144 83 0 0 0 0 0 0 0 0 0 0 0 0 0 0 0 0 0 0 0 0 0 0 0 0 0 0 0 0 0
92 : 128 126 123 127 131 130 128 130 136 131 134 132 130 141 138 139 150 135 147 144 142 84 0 0 0 0 0 0 0 0 0 0 0 0 0 0 0 0 0 0 0 0 0 0 0 0 0 0 0 0 0
93 : 128 127 123 127 132 131 128 130 136 131 134 132 130 141 139 140 150 136 147 144 142 87 0 0 0 0 0 0 0 0 0 0 0 0 0 0 0 0 0 0 0 0 0 0 0 0 0 0 0 0 0
94 : 128 126 123 128 132 131 129 131 136 132 134 132 130 141 139 139 149 135 147 144 142 88 0 0 0 0 0 0 0 0 0 0 0 0 0 0 0 0 0 0 0 0 0 0 0 0 0 0 0 0 0
95 : 128 127 123 128 132 131 129 130 136 132 135 132 130 141 139 140 149 134 147 144 142 92 0 0 0 0 0 0 0 0 0 0 0 0 0 0 0 0 0 0 0 0 0 0 0 0 0 0 0 0 0
96 : 130 129 125 129 133 132 130 132 139 134 136 134 132 143 142 141 151 137 149 145 144 98 0 0 0 0 0 0 0 0 0 0 0 0 0 0 0 0 0 0 0 0 0 0 0 0 0 0 0 0 0
97 : 128 126 122 128 131 130 128 131 136 132 134 132 129 141 140 140 149 134 147 144 141 100 0 0 0 0 0 0 0 0 0 0 0 0 0 0 0 0 0 0 0 0 0 0 0 0 0 0 0 0 0
98 : 128 127 123 129 132 131 129 131 136 132 134 132 130 142 139 140 149 135 148 144 142 103 0 0 0 0 0 0 0 0 0 0 0 0 0 0 0 0 0 0 0 0 0 0 0 0 0 0 0 0 0
99 : 129 127 124 128 132 131 129 131 137 132 135 133 130 141 140 141 149 136 148 144 141 103 0 0 0 0 0 0 0 0 0 0 0 0 0 0 0 0 0 0 0 0 0 0 0 0 0 0 0 0 0
100 : 127 126 122 127 131 130 127 130 134 131 133 132 128 141 139 139 149 134 146 143 141 101 0 0 0 0 0 0 0 0 0 0 0 0 0 0 0 0 0 0 0 0 0 0 0 0 0 0 0 0 0
101 : 131 129 124 130 134 133 130 133 139 134 136 135 132 144 142 142 152 137 150 146 143 101 0 0 0 0 0 0 0 0 0 0 0 0 0 0 0 0 0 0 0 0 0 0 0 0 0 0 0 0 0
1 : 132 130 125 129 134 133 130 133 138 134 137 134 132 143 142 142 151 138 149 146 143 102 0 0 0 0 0 0 0 0 0 0 0 0 0 0 0 0 0 0 0 0 0 0 0 0 0 0 0 0 0
2 : 129 127 122 127 132 131 128 131 136 132 135 132 130 140 139 140 150 136 147 144 141 102 0 0 0 0 0 0 0 0 0 0 0 0 0 0 0 0 0 0 0 0 0 0 0 0 0 0 0 0 0
3 : 130 127 123 127 132 131 128 132 137 132 135 132 130 142 139 140 150 136 148 144 142 102 0 0 0 0 0 0 0 0 0 0 0 0 0 0 0 0 0 0 0 0 0 0 0 0 0 0 0 0 0
4 : 130 127 123 127 132 131 128 131 136 132 135 132 131 142 140 140 151 137 148 144 141 100 0 0 0 0 0 0 0 0 0 0 0 0 0 0 0 0 0 0 0 0 0 0 0 0 0 0 0 0 0
5 : 129 127 123 127 131 130 127 131 136 131 134 131 130 140 138 140 150 137 147 144 141 99 0 0 0 0 0 0 0 0 0 0 0 0 0 0 0 0 0 0 0 0 0 0 0 0 0 0 0 0 0
6 : 132 129 125 129 134 133 131 134 138 135 137 134 133 144 141 142 152 139 150 146 142 99 0 0 0 0 0 0 0 0 0 0 0 0 0 0 0 0 0 0 0 0 0 0 0 0 0 0 0 0 0
7 : 129 127 123 127 131 130 127 129 135 131 134 131 129 141 138 140 150 136 147 144 140 98 0 0 0 0 0 0 0 0 0 0 0 0 0 0 0 0 0 0 0 0 0 0 0 0 0 0 0 0 0
8 : 130 128 123 127 131 131 128 131 136 132 134 132 130 141 139 140 151 137 148 145 141 99 0 0 0 0 0 0 0 0 0 0 0 0 0 0 0 0 0 0 0 0 0 0 0 0 0 0 0 0 0
9 : 130 127 123 127 132 131 129 131 137 132 134 132 130 141 140 140 150 137 148 144 140 101 0 0 0 0 0 0 0 0 0 0 0 0 0 0 0 0 0 0 0 0 0 0 0 0 0 0 0 0 0
10 : 129 127 122 126 131 130 127 130 135 132 134 132 130 140 139 141 150 136 147 143 139 103 0 0 0 0 0 0 0 0 0 0 0 0 0 0 0 0 0 0 0 0 0 0 0 0 0 0 0 0 0
11 : 131 130 125 130 133 133 131 134 138 134 136 134 132 143 142 142 152 139 150 146 142 109 0 0 0 0 0 0 0 0 0 0 0 0 0 0 0 0 0 0 0 0 0 0 0 0 0 0 0 0 0
12 : 129 127 123 127 132 131 128 130 136 132 134 132 130 141 139 139 150 136 147 143 140 114 0 0 0 0 0 0 0 0 0 0 0 0 0 0 0 0 0 0 0 0 0 0 0 0 0 0 0 0 0
13 : 130 127 124 127 132 131 129 130 137 132 135 132 131 142 139 140 150 137 148 143 141 119 0 0 0 0 0 0 0 0 0 0 0 0 0 0 0 0 0 0 0 0 0 0 0 0 0 0 0 0 0
14 : 131 128 123 127 132 131 128 131 136 132 135 132 131 141 139 140 150 137 148 143 140 120 0 0 0 0 0 0 0 0 0 0 0 0 0 0 0 0 0 0 0 0 0 0 0 0 0 0 0 0 0
15 : 129 127 122 127 131 130 128 131 136 131 135 131 129 141 139 140 151 137 147 143 140 119 0 0 0 0 0 0 0 0 0 0 0 0 0 0 0 0 0 0 0 0 0 0 0 0 0 0 0 0 0
16 : 131 129 125 130 134 133 130 133 139 134 136 134 132 142 141 142 153 139 150 145 144 119 0 0 0 0 0 0 0 0 0 0 0 0 0 0 0 0 0 0 0 0 0 0 0 0 0 0 0 0 0
17 : 129 127 123 126 130 130 127 130 136 131 134 131 129 140 138 140 150 137 148 142 141 118 0 0 0 0 0 0 0 0 0 0 0 0 0 0 0 0 0 0 0 0 0 0 0 0 0 0 0 0 0
18 : 129 126 122 127 130 130 127 130 135 130 134 130 130 141 138 139 149 136 147 143 140 120 0 0 0 0 0 0 0 0 0 0 0 0 0 0 0 0 0 0 0 0 0 0 0 0 0 0 0 0 0
19 : 129 127 123 127 131 131 128 131 137 131 134 132 130 141 139 140 150 137 147 143 141 119 0 0 0 0 0 0 0 0 0 0 0 0 0 0 0 0 0 0 0 0 0 0 0 0 0 0 0 0 0
20 : 129 127 122 126 131 130 127 130 136 130 134 131 130 141 138 140 149 136 147 142 141 118 0 0 0 0 0 0 0 0 0 0 0 0 0 0 0 0 0 0 0 0 0 0 0 0 0 0 0 0 0
21 : 131 128 125 128 133 133 130 132 137 133 135 133 132 142 140 142 151 139 149 144 143 119 0 0 0 0 0 0 0 0 0 0 0 0 0 0 0 0 0 0 0 0 0 0 0 0 0 0 0 0 0
22 : 129 126 123 126 131 130 127 130 136 131 134 131 130 141 138 139 150 136 147 142 141 118 0 0 0 0 0 0 0 0 0 0 0 0 0 0 0 0 0 0 0 0 0 0 0 0 0 0 0 0 0
23 : 128 126 123 126 131 130 128 130 136 131 134 130 129 140 139 139 150 136 147 142 141 117 0 0 0 0 0 0 0 0 0 0 0 0 0 0 0 0 0 0 0 0 0 0 0 0 0 0 0 0 0
24 : 129 127 123 127 132 131 127 130 136 131 134 131 129 140 139 140 149 137 148 143 142 114 0 0 0 0 0 0 0 0 0 0 0 0 0 0 0 0 0 0 0 0 0 0 0 0 0 0 0 0 0
25 : 128 126 123 126 132 130 128 130 136 131 134 131 129 141 139 140 150 136 147 143 141 111 0 0 0 0 0 0 0 0 0 0 0 0 0 0 0 0 0 0 0 0 0 0 0 0 0 0 0 0 0
26 : 130 129 125 129 133 132 129 133 138 133 136 133 131 143 141 142 152 138 149 144 143 109 0 0 0 0 0 0 0 0 0 0 0 0 0 0 0 0 0 0 0 0 0 0 0 0 0 0 0 0 0
27 : 128 127 123 127 131 131 127 130 135 131 134 131 129 140 138 140 150 136 147 142 141 109 0 0 0 0 0 0 0 0 0 0 0 0 0 0 0 0 0 0 0 0 0 0 0 0 0 0 0 0 0
28 : 129 126 122 126 131 130 128 130 136 131 133 131 130 140 139 139 150 136 147 142 140 109 0 0 0 0 0 0 0 0 0 0 0 0 0 0 0 0 0 0 0 0 0 0 0 0 0 0 0 0 0
29 : 130 128 124 127 133 131 128 131 137 132 135 132 131 141 139 141 151 137 148 143 141 112 0 0 0 0 0 0 0 0 0 0 0 0 0 0 0 0 0 0 0 0 0 0 0 0 0 0 0 0 0
30 : 130 127 122 126 131 130 127 130 136 131 134 132 130 141 139 140 150 137 147 142 140 113 0 0 0 0 0 0 0 0 0 0 0 0 0 0 0 0 0 0 0 0 0 0 0 0 0 0 0 0 0
31 : 133 130 126 130 135 133 131 133 139 135 137 134 132 143 141 143 153 140 150 145 142 117 0 0 0 0 0 0 0 0 0 0 0 0 0 0 0 0 0 0 0 0 0 0 0 0 0 0 0 0 0
32 : 129 127 122 127 131 131 127 131 136 131 134 131 129 140 139 140 150 137 147 141 138 118 0 0 0 0 0 0 0 0 0 0 0 0 0 0 0 0 0 0 0 0 0 0 0 0 0 0 0 0 0
33 : 129 127 122 126 131 130 127 131 135 131 133 132 129 140 139 140 150 137 147 142 137 122 0 0 0 0 0 0 0 0 0 0 0 0 0 0 0 0 0 0 0 0 0 0 0 0 0 0 0 0 0
34 : 130 127 123 128 132 132 129 132 137 133 135 133 131 142 140 141 151 138 149 143 139 126 0 0 0 0 0 0 0 0 0 0 0 0 0 0 0 0 0 0 0 0 0 0 0 0 0 0 0 0 0
35 : 129 127 122 126 131 130 128 130 136 131 134 131 130 140 139 140 151 136 147 141 138 127 0 0 0 0 0 0 0 0 0 0 0 0 0 0 0 0 0 0 0 0 0 0 0 0 0 0 0 0 0
36 : 132 129 125 129 133 133 131 133 138 134 136 134 132 143 141 142 152 138 149 143 140 125 1 0 0 0 0 0 0 0 0 0 0 0 0 0 0 0 0 0 0 0 0 0 0 0 0 0 0 0 0
37 : 129 127 122 127 132 130 129 130 136 132 134 132 129 140 139 140 150 136 147 141 137 127 1 0 0 0 0 0 0 0 0 0 0 0 0 0 0 0 0 0 0 0 0 0 0 0 0 0 0 0 0
38 : 129 128 123 127 132 131 128 131 136 132 134 132 130 141 140 140 150 137 148 141 137 128 1 0 0 0 0 0 0 0 0 0 0 0 0 0 0 0 0 0 0 0 0 0 0 0 0 0 0 0 0
39 : 130 127 123 127 132 131 129 131 136 132 134 132 131 142 140 140 151 137 149 142 138 129 0 0 0 0 0 0 0 0 0 0 0 0 0 0 0 0 0 0 0 0 0 0 0 0 0 0 0 0 0
40 : 129 127 123 126 132 130 129 130 136 131 134 131 129 140 139 139 150 136 147 141 137 131 0 0 0 0 0 0 0 0 0 0 0 0 0 0 0 0 0 0 0 0 0 0 0 0 0 0 0 0 0
41 : 131 129 124 129 133 132 130 132 138 134 137 134 133 142 141 142 152 139 150 143 138 137 1 0 0 0 0 0 0 0 0 0 0 0 0 0 0 0 0 0 0 0 0 0 0 0 0 0 0 0 0
42 : 129 127 123 126 131 130 128 130 135 131 134 133 130 141 139 140 151 137 148 141 136 137 1 0 0 0 0 0 0 0 0 0 0 0 0 0 0 0 0 0 0 0 0 0 0 0 0 0 0 0 0
43 : 129 128 123 127 132 131 128 131 136 132 134 133 130 140 139 141 150 137 148 142 137 133 1 0 0 0 0 0 0 0 0 0 0 0 0 0 0 0 0 0 0 0 0 0 0 0 0 0 0 0 0
44 : 130 127 123 127 132 131 128 131 136 132 135 131 130 141 139 140 150 137 148 141 137 129 1 0 0 0 0 0 0 0 0 0 0 0 0 0 0 0 0 0 0 0 0 0 0 0 0 0 0 0 0
45 : 129 127 123 126 131 130 128 130 136 131 134 131 129 140 138 139 150 136 147 142 136 131 1 0 0 0 0 0 0 0 0 0 0 0 0 0 0 0 0 0 0 0 0 0 0 0 0 0 0 0 0
46 : 132 130 125 129 134 133 130 133 138 133 136 134 132 143 142 142 153 139 149 144 138 130 1 0 0 0 0 0 0 0 0 0 0 0 0 0 0 0 0 0 0 0 0 0 0 0 0 0 0 0 0
47 : 129 127 122 127 131 131 128 130 136 131 134 132 129 140 138 139 151 137 148 142 136 125 0 0 0 0 0 0 0 0 0 0 0 0 0 0 0 0 0 0 0 0 0 0 0 0 0 0 0 0 0
48 : 130 128 123 127 132 131 128 130 137 132 134 132 130 140 139 140 151 137 148 143 138 126 0 0 0 0 0 0 0 0 0 0 0 0 0 0 0 0 0 0 0 0 0 0 0 0 0 0 0 0 0
49 : 129 127 123 127 132 130 128 131 137 131 134 132 129 141 139 141 151 137 148 142 137 125 0 0 0 0 0 0 0 0 0 0 0 0 0 0 0 0 0 0 0 0 0 0 0 0 0 0 0 0 0
50 : 128 126 121 125 130 129 127 129 135 130 133 130 129 139 137 138 149 135 147 141 135 123 0 0 0 0 0 0 0 0 0 0 0 0 0 0 0 0 0 0 0 0 0 0 0 0 0 0 0 0 0
51 : 130 128 124 128 133 133 129 132 137 133 136 133 131 142 140 141 151 137 149 144 136 127 0 0 0 0 0 0 0 0 0 0 0 0 0 0 0 0 0 0 0 0 0 0 0 0 0 0 0 0 0
52 : 129 127 122 126 131 130 128 131 135 131 133 131 129 141 139 139 150 136 147 142 136 123 0 0 0 0 0 0 0 0 0 0 0 0 0 0 0 0 0 0 0 0 0 0 0 0 0 0 0 0 0
53 : 129 126 123 126 131 130 128 130 136 131 134 131 130 140 139 140 150 137 147 143 137 120 0 0 0 0 0 0 0 0 0 0 0 0 0 0 0 0 0 0 0 0 0 0 0 0 0 0 0 0 0
54 : 130 127 123 126 132 130 128 131 135 131 134 131 130 140 139 140 151 137 147 143 137 119 0 0 0 0 0 0 0 0 0 0 0 0 0 0 0 0 0 0 0 0 0 0 0 0 0 0 0 0 0
55 : 129 127 122 126 131 130 128 130 136 131 133 131 130 140 139 139 150 137 146 142 137 118 0 0 0 0 0 0 0 0 0 0 0 0 0 0 0 0 0 0 0 0 0 0 0 0 0 0 0 0 0
56 : 131 129 125 128 133 132 130 132 137 133 136 133 131 142 140 141 151 139 149 145 139 119 0 0 0 0 0 0 0 0 0 0 0 0 0 0 0 0 0 0 0 0 0 0 0 0 0 0 0 0 0
57 : 128 127 123 126 131 131 127 130 135 131 134 131 129 140 138 140 151 136 148 143 137 117 0 0 0 0 0 0 0 0 0 0 0 0 0 0 0 0 0 0 0 0 0 0 0 0 0 0 0 0 0
58 : 127 126 122 126 131 130 128 130 135 130 134 131 129 140 138 139 149 136 147 142 136 114 0 0 0 0 0 0 0 0 0 0 0 0 0 0 0 0 0 0 0 0 0 0 0 0 0 0 0 0 0
59 : 131 127 123 126 132 130 128 131 136 131 134 132 129 140 139 140 151 137 147 143 137 109 0 0 0 0 0 0 0 0 0 0 0 0 0 0 0 0 0 0 0 0 0 0 0 0 0 0 0 0 0
60 : 128 126 122 125 131 130 127 130 135 130 133 131 128 140 137 139 150 136 146 142 135 108 0 0 0 0 0 0 0 0 0 0 0 0 0 0 0 0 0 0 0 0 0 0 0 0 0 0 0 0 0
61 : 131 128 125 128 134 133 130 133 138 133 135 133 132 142 141 142 152 139 149 145 138 109 0 0 0 0 0 0 0 0 0 0 0 0 0 0 0 0 0 0 0 0 0 0 0 0 0 0 0 0 0
62 : 129 127 123 127 132 130 128 130 136 132 134 131 129 139 139 140 150 137 147 143 136 108 0 0 0 0 0 0 0 0 0 0 0 0 0 0 0 0 0 0 0 0 0 0 0 0 0 0 0 0 0
63 : 130 127 123 126 131 131 128 131 136 131 133 132 130 140 139 139 150 136 147 142 136 108 0 0 0 0 0 0 0 0 0 0 0 0 0 0 0 0 0 0 0 0 0 0 0 0 0 0 0 0 0
64 : 129 127 122 127 132 131 128 131 136 131 134 132 130 140 138 139 150 137 148 142 138 107 0 0 0 0 0 0 0 0 0 0 0 0 0 0 0 0 0 0 0 0 0 0 0 0 0 0 0 0 0
65 : 128 125 121 125 130 130 126 129 135 130 133 130 129 139 137 139 149 135 146 140 136 107 0 0 0 0 0 0 0 0 0 0 0 0 0 0 0 0 0 0 0 0 0 0 0 0 0 0 0 0 0
66 : 131 129 125 129 133 132 130 132 137 133 135 133 132 142 140 142 152 139 149 144 139 110 0 0 0 0 0 0 0 0 0 0 0 0 0 0 0 0 0 0 0 0 0 0 0 0 0 0 0 0 0
67 : 129 127 123 126 131 130 129 130 136 131 134 132 130 141 139 139 150 137 148 143 137 110 0 0 0 0 0 0 0 0 0 0 0 0 0 0 0 0 0 0 0 0 0 0 0 0 0 0 0 0 0
68 : 128 127 123 126 131 130 128 131 136 131 134 132 129 140 139 140 150 137 147 143 135 112 0 0 0 0 0 0 0 0 0 0 0 0 0 0 0 0 0 0 0 0 0 0 0 0 0 0 0 0 0
69 : 129 127 123 127 132 130 129 131 136 132 134 132 129 141 139 141 150 138 147 143 136 116 0 0 0 0 0 0 0 0 0 0 0 0 0 0 0 0 0 0 0 0 0 0 0 0 0 0 0 0 0
70 : 128 126 122 125 130 130 128 129 135 130 133 131 128 139 138 138 149 136 146 141 134 116 0 0 0 0 0 0 0 0 0 0 0 0 0 0 0 0 0 0 0 0 0 0 0 0 0 0 0 0 0
71 : 132 129 125 129 134 134 131 134 138 134 136 134 132 143 141 143 152 139 150 144 138 119 0 0 0 0 0 0 0 0 0 0 0 0 0 0 0 0 0 0 0 0 0 0 0 0 0 0 0 0 0
72 : 129 127 123 127 131 130 128 131 136 132 134 132 130 140 139 140 150 137 148 142 136 120 0 0 0 0 0 0 0 0 0 0 0 0 0 0 0 0 0 0 0 0 0 0 0 0 0 0 0 0 0
73 : 128 127 122 126 131 130 128 131 136 131 134 132 128 140 138 139 150 136 146 141 137 121 0 0 0 0 0 0 0 0 0 0 0 0 0 0 0 0 0 0 0 0 0 0 0 0 0 0 0 0 0
74 : 129 128 123 128 132 131 129 131 136 132 134 132 130 141 139 141 151 137 148 142 138 122 0 0 0 0 0 0 0 0 0 0 0 0 0 0 0 0 0 0 0 0 0 0 0 0 0 0 0 0 0
75 : 128 127 122 126 131 130 128 130 136 131 134 131 129 140 139 139 150 136 147 141 137 122 0 0 0 0 0 0 0 0 0 0 0 0 0 0 0 0 0 0 0 0 0 0 0 0 0 0 0 0 0
76 : 131 128 124 128 133 132 130 132 138 133 135 133 130 141 141 141 151 138 148 143 139 128 1 0 0 0 0 0 0 0 0 0 0 0 0 0 0 0 0 0 0 0 0 0 0 0 0 0 0 0 0
77 : 128 126 122 126 131 130 127 130 135 132 133 131 129 140 139 139 149 136 147 142 138 126 1 0 0 0 0 0 0 0 0 0 0 0 0 0 0 0 0 0 0 0 0 0 0 0 0 0 0 0 0
78 : 128 126 123 126 131 130 128 130 136 131 134 131 129 140 138 140 150 137 148 143 137 125 0 0 0 0 0 0 0 0 0 0 0 0 0 0 0 0 0 0 0 0 0 0 0 0 0 0 0 0 0
79 : 130 127 123 127 132 131 128 131 136 132 134 132 130 141 139 140 149 137 147 144 136 126 0 0 0 0 0 0 0 0 0 0 0 0 0 0 0 0 0 0 0 0 0 0 0 0 0 0 0 0 0
80 : 129 127 122 127 132 131 128 130 135 131 133 132 130 140 139 139 150 136 147 143 135 128 0 0 0 0 0 0 0 0 0 0 0 0 0 0 0 0 0 0 0 0 0 0 0 0 0 0 0 0 0
81 : 131 129 125 129 134 133 131 133 139 134 136 134 132 143 141 142 153 140 150 144 139 131 0 0 0 0 0 0 0 0 0 0 0 0 0 0 0 0 0 0 0 0 0 0 0 0 0 0 0 0 0
82 : 129 126 123 126 131 130 128 130 136 131 134 132 129 140 139 140 150 137 147 141 137 129 0 0 0 0 0 0 0 0 0 0 0 0 0 0 0 0 0 0 0 0 0 0 0 0 0 0 0 0 0
83 : 129 127 123 126 132 130 128 130 136 131 134 131 129 140 139 139 149 137 147 140 139 129 0 0 0 0 0 0 0 0 0 0 0 0 0 0 0 0 0 0 0 0 0 0 0 0 0 0 0 0 0
84 : 130 127 123 126 131 130 128 131 136 132 135 131 130 140 139 140 150 137 147 140 139 131 1 0 0 0 0 0 0 0 0 0 0 0 0 0 0 0 0 0 0 0 0 0 0 0 0 0 0 0 0
85 : 128 127 122 126 132 130 128 130 136 131 133 131 129 141 139 140 150 137 147 140 139 134 1 0 0 0 0 0 0 0 0 0 0 0 0 0 0 0 0 0 0 0 0 0 0 0 0 0 0 0 0
86 : 131 130 125 129 133 133 131 133 138 134 136 135 132 143 142 142 152 139 150 142 141 129 1 0 0 0 0 0 0 0 0 0 0 0 0 0 0 0 0 0 0 0 0 0 0 0 0 0 0 0 0
87 : 129 127 123 127 131 131 128 130 135 131 133 132 129 140 138 139 150 137 147 140 136 126 1 0 0 0 0 0 0 0 0 0 0 0 0 0 0 0 0 0 0 0 0 0 0 0 0 0 0 0 0
88 : 129 126 123 127 131 131 128 131 136 132 133 131 128 140 139 139 150 137 148 141 134 126 1 0 0 0 0 0 0 0 0 0 0 0 0 0 0 0 0 0 0 0 0 0 0 0 0 0 0 0 0
89 : 131 129 124 128 133 132 130 132 137 133 136 133 131 142 141 142 152 139 150 142 134 128 1 0 0 0 0 0 0 0 0 0 0 0 0 0 0 0 0 0 0 0 0 0 0 0 0 0 0 0 0
90 : 129 127 122 126 131 130 127 131 136 132 134 132 129 141 139 140 150 137 147 141 133 127 1 0 0 0 0 0 0 0 0 0 0 0 0 0 0 0 0 0 0 0 0 0 0 0 0 0 0 0 0
91 : 132 130 125 129 134 133 131 133 138 134 136 135 133 143 142 143 152 140 150 144 137 131 1 0 0 0 0 0 0 0 0 0 0 0 0 0 0 0 0 0 0 0 0 0 0 0 0 0 0 0 0
92 : 129 126 122 126 131 130 128 130 135 131 133 131 130 140 139 140 150 136 148 142 134 130 1 0 0 0 0 0 0 0 0 0 0 0 0 0 0 0 0 0 0 0 0 0 0 0 0 0 0 0 0
93 : 130 127 123 127 131 130 128 130 136 131 133 132 129 140 139 140 150 137 148 142 134 130 1 0 0 0 0 0 0 0 0 0 0 0 0 0 0 0 0 0 0 0 0 0 0 0 0 0 0 0 0
94 : 130 127 123 127 132 131 129 131 135 132 134 131 130 140 139 140 150 137 148 143 134 131 1 0 0 0 0 0 0 0 0 0 0 0 0 0 0 0 0 0 0 0 0 0 0 0 0 0 0 0 0
95 : 129 127 122 125 131 131 128 130 135 131 133 131 129 140 138 140 150 136 147 142 132 133 1 0 0 0 0 0 0 0 0 0 0 0 0 0 0 0 0 0 0 0 0 0 0 0 0 0 0 0 0
96 : 132 129 125 129 134 133 131 134 138 134 137 135 133 142 141 143 152 139 150 146 134 137 1 0 0 0 0 0 0 0 0 0 0 0 0 0 0 0 0 0 0 0 0 0 0 0 0 0 0 0 0
97 : 130 127 122 127 131 130 128 130 136 131 134 132 130 140 139 140 150 136 148 142 130 134 2 0 0 0 0 0 0 0 0 0 0 0 0 0 0 0 0 0 0 0 0 0 0 0 0 0 0 0 0
98 : 130 127 123 127 131 130 128 130 135 131 133 131 129 140 138 139 150 136 148 143 131 134 3 0 0 0 0 0 0 0 0 0 0 0 0 0 0 0 0 0 0 0 0 0 0 0 0 0 0 0 0
99 : 130 127 123 127 131 131 129 131 136 132 134 132 130 141 139 140 151 137 148 143 131 136 2 0 0 0 0 0 0 0 0 0 0 0 0 0 0 0 0 0 0 0 0 0 0 0 0 0 0 0 0
100 : 129 126 123 126 131 131 128 131 136 132 134 132 129 140 138 140 150 137 148 143 131 139 2 0 0 0 0 0 0 0 0 0 0 0 0 0 0 0 0 0 0 0 0 0 0 0 0 0 0 0 0
101 : 131 130 126 130 134 133 131 134 139 134 136 135 132 144 142 143 153 140 151 147 132 138 3 0 0 0 0 0 0 0 0 0 0 0 0 0 0 0 0 0 0 0 0 0 0 0 0 0 0 0 0
1 : 131 130 126 130 134 134 132 134 139 134 137 135 132 143 143 143 153 140 150 145 131 136 3 0 0 0 0 0 0 0 0 0 0 0 0 0 0 0 0 0 0 0 0 0 0 0 0 0 0 0 0
2 : 129 127 122 127 132 131 128 130 136 130 134 132 130 141 138 140 150 137 147 142 129 135 4 0 0 0 0 0 0 0 0 0 0 0 0 0 0 0 0 0 0 0 0 0 0 0 0 0 0 0 0
3 : 129 127 122 127 131 130 129 130 135 132 134 131 129 140 139 140 150 136 147 141 130 133 5 0 0 0 0 0 0 0 0 0 0 0 0 0 0 0 0 0 0 0 0 0 0 0 0 0 0 0 0
4 : 131 128 123 128 132 131 129 132 137 133 135 133 131 142 140 141 152 138 149 142 131 130 4 0 0 0 0 0 0 0 0 0 0 0 0 0 0 0 0 0 0 0 0 0 0 0 0 0 0 0 0
5 : 130 126 122 127 131 130 128 130 135 131 134 131 129 140 139 139 149 136 148 141 131 126 3 0 0 0 0 0 0 0 0 0 0 0 0 0 0 0 0 0 0 0 0 0 0 0 0 0 0 0 0
6 : 132 129 126 129 134 133 131 133 139 135 136 134 132 143 141 143 152 139 151 144 134 130 3 0 0 0 0 0 0 0 0 0 0 0 0 0 0 0 0 0 0 0 0 0 0 0 0 0 0 0 0
7 : 129 127 122 127 132 131 129 131 136 132 134 132 129 140 139 140 150 137 148 142 131 130 2 0 0 0 0 0 0 0 0 0 0 0 0 0 0 0 0 0 0 0 0 0 0 0 0 0 0 0 0
8 : 129 126 122 126 131 130 128 130 136 131 134 132 129 140 139 140 150 137 148 142 132 127 1 0 0 0 0 0 0 0 0 0 0 0 0 0 0 0 0 0 0 0 0 0 0 0 0 0 0 0 0
9 : 129 127 123 126 132 131 129 131 136 132 134 132 130 140 139 140 151 137 148 142 135 128 1 0 0 0 0 0 0 0 0 0 0 0 0 0 0 0 0 0 0 0 0 0 0 0 0 0 0 0 0
10 : 129 126 122 127 130 130 128 131 135 132 133 131 129 141 138 140 150 137 148 143 134 126 1 0 0 0 0 0 0 0 0 0 0 0 0 0 0 0 0 0 0 0 0 0 0 0 0 0 0 0 0
11 : 131 129 125 129 133 133 131 133 137 134 136 134 132 142 141 142 152 139 149 144 136 126 1 0 0 0 0 0 0 0 0 0 0 0 0 0 0 0 0 0 0 0 0 0 0 0 0 0 0 0 0
12 : 129 127 122 127 132 130 128 130 136 132 134 132 129 140 139 139 149 136 147 142 133 123 1 0 0 0 0 0 0 0 0 0 0 0 0 0 0 0 0 0 0 0 0 0 0 0 0 0 0 0 0
13 : 129 126 122 126 132 130 128 131 135 132 134 132 129 141 139 140 150 137 147 143 134 120 1 0 0 0 0 0 0 0 0 0 0 0 0 0 0 0 0 0 0 0 0 0 0 0 0 0 0 0 0
14 : 129 128 123 127 132 131 129 131 136 132 135 133 130 140 139 140 151 137 148 143 136 122 1 0 0 0 0 0 0 0 0 0 0 0 0 0 0 0 0 0 0 0 0 0 0 0 0 0 0 0 0
15 : 129 127 123 126 131 131 129 131 136 132 135 132 129 140 139 141 150 137 148 143 135 125 1 0 0 0 0 0 0 0 0 0 0 0 0 0 0 0 0 0 0 0 0 0 0 0 0 0 0 0 0
16 : 131 129 125 129 133 132 130 133 138 133 136 134 131 142 141 142 152 139 149 144 138 126 1 0 0 0 0 0 0 0 0 0 0 0 0 0 0 0 0 0 0 0 0 0 0 0 0 0 0 0 0
17 : 128 126 122 126 131 130 127 130 136 131 133 131 129 140 138 139 150 136 147 142 135 124 1 0 0 0 0 0 0 0 0 0 0 0 0 0 0 0 0 0 0 0 0 0 0 0 0 0 0 0 0
18 : 128 127 122 126 132 130 128 131 136 130 134 131 129 140 139 140 150 137 148 143 135 123 1 0 0 0 0 0 0 0 0 0 0 0 0 0 0 0 0 0 0 0 0 0 0 0 0 0 0 0 0
19 : 130 127 123 127 132 131 129 131 136 132 134 132 131 141 139 140 150 137 148 143 136 123 1 0 0 0 0 0 0 0 0 0 0 0 0 0 0 0 0 0 0 0 0 0 0 0 0 0 0 0 0
20 : 129 126 122 126 132 130 128 131 135 131 134 132 130 140 139 140 150 137 148 143 136 121 1 0 0 0 0 0 0 0 0 0 0 0 0 0 0 0 0 0 0 0 0 0 0 0 0 0 0 0 0
21 : 130 128 124 128 132 132 130 132 137 133 136 134 131 142 140 141 151 139 149 145 137 122 1 0 0 0 0 0 0 0 0 0 0 0 0 0 0 0 0 0 0 0 0 0 0 0 0 0 0 0 0
22 : 129 127 123 126 131 130 128 130 136 131 134 132 129 140 138 140 150 137 148 143 135 120 1 0 0 0 0 0 0 0 0 0 0 0 0 0 0 0 0 0 0 0 0 0 0 0 0 0 0 0 0
23 : 129 126 122 126 131 130 127 131 136 131 133 131 129 140 138 139 150 136 148 143 135 118 1 0 0 0 0 0 0 0 0 0 0 0 0 0 0 0 0 0 0 0 0 0 0 0 0 0 0 0 0
24 : 129 127 122 126 131 131 128 131 136 131 134 131 129 140 139 140 150 137 147 143 135 117 1 0 0 0 0 0 0 0 0 0 0 0 0 0 0 0 0 0 0 0 0 0 0 0 0 0 0 0 0
25 : 129 127 122 126 131 130 127 130 135 131 134 131 130 140 138 140 150 136 148 143 135 117 1 0 0 0 0 0 0 0 0 0 0 0 0 0 0 0 0 0 0 0 0 0 0 0 0 0 0 0 0
26 : 132 129 125 129 133 133 131 133 138 134 136 134 132 142 141 142 153 140 150 146 138 121 1 0 0 0 0 0 0 0 0 0 0 0 0 0 0 0 0 0 0 0 0 0 0 0 0 0 0 0 0
27 : 128 126 122 126 131 130 128 130 136 130 133 131 129 140 139 139 150 136 148 143 136 122 1 0 0 0 0 0 0 0 0 0 0 0 0 0 0 0 0 0 0 0 0 0 0 0 0 0 0 0 0
28 : 129 127 122 127 131 130 128 129 135 131 134 131 129 140 138 140 150 137 147 143 136 123 1 0 0 0 0 0 0 0 0 0 0 0 0 0 0 0 0 0 0 0 0 0 0 0 0 0 0 0 0
29 : 131 128 124 128 133 131 129 132 138 133 135 132 131 141 140 141 152 138 149 144 140 125 1 0 0 0 0 0 0 0 0 0 0 0 0 0 0 0 0 0 0 0 0 0 0 0 0 0 0 0 0
30 : 129 127 122 126 131 131 128 130 135 131 134 131 129 140 139 139 150 137 147 142 138 119 1 0 0 0 0 0 0 0 0 0 0 0 0 0 0 0 0 0 0 0 0 0 0 0 0 0 0 0 0
31 : 132 130 124 129 134 133 131 133 138 134 136 134 132 143 141 142 153 139 150 144 141 117 1 0 0 0 0 0 0 0 0 0 0 0 0 0 0 0 0 0 0 0 0 0 0 0 0 0 0 0 0
32 : 130 127 123 127 132 131 129 131 136 132 135 132 130 141 140 141 151 138 148 143 139 117 1 0 0 0 0 0 0 0 0 0 0 0 0 0 0 0 0 0 0 0 0 0 0 0 0 0 0 0 0
33 : 129 126 122 126 131 131 128 130 135 131 133 131 129 141 138 139 150 136 147 143 138 120 1 0 0 0 0 0 0 0 0 0 0 0 0 0 0 0 0 0 0 0 0 0 0 0 0 0 0 0 0
34 : 129 127 123 127 131 131 128 131 136 132 134 132 129 140 140 140 151 137 148 143 138 121 1 0 0 0 0 0 0 0 0 0 0 0 0 0 0 0 0 0 0 0 0 0 0 0 0 0 0 0 0
35 : 129 126 122 126 131 131 128 130 135 131 134 130 129 139 139 140 149 136 147 143 137 122 1 0 0 0 0 0 0 0 0 0 0 0 0 0 0 0 0 0 0 0 0 0 0 0 0 0 0 0 0
36 : 131 129 125 129 134 133 130 133 138 134 136 134 132 142 141 142 152 139 150 145 140 127 1 0 0 0 0 0 0 0 0 0 0 0 0 0 0 0 0 0 0 0 0 0 0 0 0 0 0 0 0
37 : 130 127 122 127 131 130 128 130 135 131 134 132 130 140 139 139 150 137 148 142 137 129 1 0 0 0 0 0 0 0 0 0 0 0 0 0 0 0 0 0 0 0 0 0 0 0 0 0 0 0 0
38 : 130 127 122 127 132 131 128 130 136 131 134 131 129 140 139 140 150 137 148 142 136 132 1 0 0 0 0 0 0 0 0 0 0 0 0 0 0 0 0 0 0 0 0 0 0 0 0 0 0 0 0
39 : 130 127 123 127 132 130 128 130 136 132 135 133 130 141 140 140 150 137 148 142 136 132 1 0 0 0 0 0 0 0 0 0 0 0 0 0 0 0 0 0 0 0 0 0 0 0 0 0 0 0 0
40 : 129 127 122 126 131 130 128 131 136 131 134 131 128 140 139 140 150 138 148 142 135 130 1 0 0 0 0 0 0 0 0 0 0 0 0 0 0 0 0 0 0 0 0 0 0 0 0 0 0 0 0
41 : 132 129 125 129 134 132 130 132 138 133 136 134 131 142 141 142 152 139 149 144 137 129 1 0 0 0 0 0 0 0 0 0 0 0 0 0 0 0 0 0 0 0 0 0 0 0 0 0 0 0 0
42 : 129 126 122 127 132 130 128 130 135 132 134 131 129 140 139 139 150 136 148 142 135 125 1 0 0 0 0 0 0 0 0 0 0 0 0 0 0 0 0 0 0 0 0 0 0 0 0 0 0 0 0
43 : 129 127 122 127 131 130 128 131 135 131 134 132 129 141 139 140 151 137 147 143 135 121 1 0 0 0 0 0 0 0 0 0 0 0 0 0 0 0 0 0 0 0 0 0 0 0 0 0 0 0 0
44 : 129 127 122 127 131 130 128 130 135 132 133 132 130 140 139 140 150 137 148 143 136 120 1 0 0 0 0 0 0 0 0 0 0 0 0 0 0 0 0 0 0 0 0 0 0 0 0 0 0 0 0
45 : 129 126 123 126 132 130 128 130 135 131 133 131 129 140 138 140 150 137 148 142 137 120 1 0 0 0 0 0 0 0 0 0 0 0 0 0 0 0 0 0 0 0 0 0 0 0 0 0 0 0 0
46 : 132 130 125 129 134 133 131 133 138 134 137 135 132 144 141 143 153 140 151 145 140 125 1 0 0 0 0 0 0 0 0 0 0 0 0 0 0 0 0 0 0 0 0 0 0 0 0 0 0 0 0
47 : 129 126 122 126 132 131 128 131 135 131 134 132 129 141 139 140 150 136 147 142 137 124 1 0 0 0 0 0 0 0 0 0 0 0 0 0 0 0 0 0 0 0 0 0 0 0 0 0 0 0 0
48 : 129 127 122 126 131 130 127 130 135 131 133 131 129 140 139 140 149 137 148 142 138 123 1 0 0 0 0 0 0 0 0 0 0 0 0 0 0 0 0 0 0 0 0 0 0 0 0 0 0 0 0
49 : 129 127 123 127 132 130 129 131 136 132 134 132 130 141 139 140 151 137 149 142 138 122 1 0 0 0 0 0 0 0 0 0 0 0 0 0 0 0 0 0 0 0 0 0 0 0 0 0 0 0 0
50 : 128 125 121 126 131 130 127 129 135 131 133 131 128 140 138 139 149 136 147 140 136 120 1 0 0 0 0 0 0 0 0 0 0 0 0 0 0 0 0 0 0 0 0 0 0 0 0 0 0 0 0
51 : 132 129 125 129 134 133 130 134 138 133 136 134 131 142 141 142 151 138 149 144 139 121 1 0 0 0 0 0 0 0 0 0 0 0 0 0 0 0 0 0 0 0 0 0 0 0 0 0 0 0 0
52 : 131 128 123 127 132 131 128 132 136 132 135 133 130 141 139 141 150 137 147 143 138 119 1 0 0 0 0 0 0 0 0 0 0 0 0 0 0 0 0 0 0 0 0 0 0 0 0 0 0 0 0
53 : 130 127 123 126 132 131 128 130 136 131 134 132 130 140 138 139 150 137 148 143 136 119 1 0 0 0 0 0 0 0 0 0 0 0 0 0 0 0 0 0 0 0 0 0 0 0 0 0 0 0 0
54 : 129 127 123 127 132 130 128 131 137 132 134 132 129 141 140 141 150 137 148 144 136 117 1 0 0 0 0 0 0 0 0 0 0 0 0 0 0 0 0 0 0 0 0 0 0 0 0 0 0 0 0
55 : 129 127 122 126 131 131 128 131 135 132 134 131 129 141 139 140 150 137 147 143 136 118 1 0 0 0 0 0 0 0 0 0 0 0 0 0 0 0 0 0 0 0 0 0 0 0 0 0 0 0 0
56 : 132 129 124 129 133 132 130 132 138 134 136 134 131 143 141 142 152 139 149 144 139 125 1 0 0 0 0 0 0 0 0 0 0 0 0 0 0 0 0 0 0 0 0 0 0 0 0 0 0 0 0
57 : 129 127 122 126 131 130 128 131 136 131 133 132 129 141 139 140 150 137 148 141 137 123 1 0 0 0 0 0 0 0 0 0 0 0 0 0 0 0 0 0 0 0 0 0 0 0 0 0 0 0 0
58 : 128 126 122 126 131 130 128 130 134 130 133 131 129 140 138 139 149 136 147 140 137 121 1 0 0 0 0 0 0 0 0 0 0 0 0 0 0 0 0 0 0 0 0 0 0 0 0 0 0 0 0
59 : 130 126 123 127 132 131 129 131 136 132 135 132 130 141 139 141 151 137 148 141 137 124 1 0 0 0 0 0 0 0 0 0 0 0 0 0 0 0 0 0 0 0 0 0 0 0 0 0 0 0 0
60 : 129 127 122 126 131 130 128 130 135 132 134 132 129 140 139 140 150 137 148 141 136 124 1 0 0 0 0 0 0 0 0 0 0 0 0 0 0 0 0 0 0 0 0 0 0 0 0 0 0 0 0
61 : 131 129 125 129 134 133 131 133 138 134 136 134 131 143 141 142 153 140 150 144 137 125 1 0 0 0 0 0 0 0 0 0 0 0 0 0 0 0 0 0 0 0 0 0 0 0 0 0 0 0 0
62 : 129 126 122 126 131 131 128 131 136 131 133 132 130 140 139 140 150 137 147 141 136 122 1 0 0 0 0 0 0 0 0 0 0 0 0 0 0 0 0 0 0 0 0 0 0 0 0 0 0 0 0
63 : 129 127 122 125 131 130 127 130 136 131 133 131 129 140 139 139 149 136 147 140 136 120 1 0 0 0 0 0 0 0 0 0 0 0 0 0 0 0 0 0 0 0 0 0 0 0 0 0 0 0 0
64 : 130 128 123 127 132 131 129 131 137 132 135 132 131 141 140 141 151 138 149 141 138 120 1 0 0 0 0 0 0 0 0 0 0 0 0 0 0 0 0 0 0 0 0 0 0 0 0 0 0 0 0
65 : 128 126 122 126 131 131 128 130 135 131 134 131 130 141 139 140 150 137 148 141 140 118 2 0 0 0 0 0 0 0 0 0 0 0 0 0 0 0 0 0 0 0 0 0 0 0 0 0 0 0 0
66 : 131 129 125 129 133 133 131 133 137 134 136 134 132 142 141 141 152 138 149 143 143 119 3 0 0 0 0 0 0 0 0 0 0 0 0 0 0 0 0 0 0 0 0 0 0 0 0 0 0 0 0
67 : 129 126 122 126 131 131 128 130 135 131 134 131 129 140 139 140 150 136 147 142 141 118 6 0 0 0 0 0 0 0 0 0 0 0 0 0 0 0 0 0 0 0 0 0 0 0 0 0 0 0 0
68 : 129 127 123 127 131 131 128 130 136 131 134 132 130 141 140 140 150 137 148 142 140 116 6 0 0 0 0 0 0 0 0 0 0 0 0 0 0 0 0 0 0 0 0 0 0 0 0 0 0 0 0
69 : 131 128 123 128 133 133 130 132 137 133 135 133 131 142 141 140 152 138 149 144 140 117 3 0 0 0 0 0 0 0 0 0 0 0 0 0 0 0 0 0 0 0 0 0 0 0 0 0 0 0 0
70 : 129 126 122 127 131 130 128 130 135 132 134 131 129 139 139 140 150 136 148 142 138 116 2 0 0 0 0 0 0 0 0 0 0 0 0 0 0 0 0 0 0 0 0 0 0 0 0 0 0 0 0
71 : 132 129 125 128 133 133 130 133 138 134 136 134 132 143 141 142 152 139 149 145 140 117 1 0 0 0 0 0 0 0 0 0 0 0 0 0 0 0 0 0 0 0 0 0 0 0 0 0 0 0 0
72 : 129 127 123 126 132 131 128 131 135 131 135 132 129 141 139 140 150 137 148 143 137 117 2 0 0 0 0 0 0 0 0 0 0 0 0 0 0 0 0 0 0 0 0 0 0 0 0 0 0 0 0
73 : 129 127 122 127 131 131 128 131 135 131 134 132 129 139 139 140 150 137 148 144 136 119 1 0 0 0 0 0 0 0 0 0 0 0 0 0 0 0 0 0 0 0 0 0 0 0 0 0 0 0 0
74 : 130 127 123 127 132 131 128 130 136 131 134 132 130 141 139 141 150 137 148 144 136 121 1 0 0 0 0 0 0 0 0 0 0 0 0 0 0 0 0 0 0 0 0 0 0 0 0 0 0 0 0
75 : 129 126 122 125 131 130 127 130 134 130 132 131 129 140 139 140 149 136 147 144 135 124 1 0 0 0 0 0 0 0 0 0 0 0 0 0 0 0 0 0 0 0 0 0 0 0 0 0 0 0 0
76 : 131 129 125 129 134 133 131 133 138 134 136 134 132 142 141 142 152 139 149 147 138 130 1 0 0 0 0 0 0 0 0 0 0 0 0 0 0 0 0 0 0 0 0 0 0 0 0 0 0 0 0
77 : 129 127 123 127 131 130 128 130 136 131 133 132 130 140 139 140 150 136 148 145 136 127 1 0 0 0 0 0 0 0 0 0 0 0 0 0 0 0 0 0 0 0 0 0 0 0 0 0 0 0 0
78 : 129 126 122 126 132 131 128 131 135 131 133 131 130 140 139 140 151 136 147 145 135 126 1 0 0 0 0 0 0 0 0 0 0 0 0 0 0 0 0 0 0 0 0 0 0 0 0 0 0 0 0
79 : 130 128 124 128 133 131 129 132 137 133 135 133 130 142 140 141 152 138 149 146 135 127 1 0 0 0 0 0 0 0 0 0 0 0 0 0 0 0 0 0 0 0 0 0 0 0 0 0 0 0 0
80 : 129 127 121 126 130 129 128 130 135 130 132 131 129 139 138 139 148 135 147 144 133 126 1 0 0 0 0 0 0 0 0 0 0 0 0 0 0 0 0 0 0 0 0 0 0 0 0 0 0 0 0
81 : 132 130 125 130 134 133 131 133 138 134 136 135 132 143 142 142 153 140 150 147 138 127 1 0 0 0 0 0 0 0 0 0 0 0 0 0 0 0 0 0 0 0 0 0 0 0 0 0 0 0 0
82 : 129 127 123 127 132 131 128 131 136 132 134 132 129 140 139 140 150 137 148 146 135 124 1 0 0 0 0 0 0 0 0 0 0 0 0 0 0 0 0 0 0 0 0 0 0 0 0 0 0 0 0
83 : 130 127 123 127 132 131 128 131 136 132 134 132 129 140 139 140 150 137 148 145 135 124 1 0 0 0 0 0 0 0 0 0 0 0 0 0 0 0 0 0 0 0 0 0 0 0 0 0 0 0 0
84 : 129 128 123 127 131 131 128 130 135 131 134 132 130 140 139 140 150 137 148 144 135 122 1 0 0 0 0 0 0 0 0 0 0 0 0 0 0 0 0 0 0 0 0 0 0 0 0 0 0 0 0
85 : 130 126 122 127 132 131 128 131 136 131 134 132 130 141 139 140 150 136 148 145 135 121 1 0 0 0 0 0 0 0 0 0 0 0 0 0 0 0 0 0 0 0 0 0 0 0 0 0 0 0 0
86 : 132 129 125 128 134 133 131 133 138 134 136 134 132 142 142 142 153 139 150 147 136 121 1 0 0 0 0 0 0 0 0 0 0 0 0 0 0 0 0 0 0 0 0 0 0 0 0 0 0 0 0
87 : 129 127 123 126 131 131 128 130 135 131 133 131 129 140 139 140 150 136 148 145 134 119 1 0 0 0 0 0 0 0 0 0 0 0 0 0 0 0 0 0 0 0 0 0 0 0 0 0 0 0 0
88 : 129 128 123 127 131 131 128 131 136 131 134 132 129 141 140 140 150 137 148 145 134 121 1 0 0 0 0 0 0 0 0 0 0 0 0 0 0 0 0 0 0 0 0 0 0 0 0 0 0 0 0
89 : 130 128 123 127 132 131 130 131 137 133 135 132 130 141 139 141 151 138 149 146 134 124 1 0 0 0 0 0 0 0 0 0 0 0 0 0 0 0 0 0 0 0 0 0 0 0 0 0 0 0 0
90 : 129 127 123 126 131 131 128 130 136 131 134 132 130 141 139 140 150 137 148 145 133 121 1 0 0 0 0 0 0 0 0 0 0 0 0 0 0 0 0 0 0 0 0 0 0 0 0 0 0 0 0
91 : 131 130 126 129 134 133 131 133 138 134 136 135 132 143 141 143 153 140 150 147 135 124 1 0 0 0 0 0 0 0 0 0 0 0 0 0 0 0 0 0 0 0 0 0 0 0 0 0 0 0 0
92 : 130 127 123 126 131 131 128 131 135 131 134 131 128 140 139 139 150 137 148 145 132 126 1 0 0 0 0 0 0 0 0 0 0 0 0 0 0 0 0 0 0 0 0 0 0 0 0 0 0 0 0
93 : 128 125 122 126 131 130 128 130 135 131 133 131 129 139 137 138 150 136 146 145 132 126 1 0 0 0 0 0 0 0 0 0 0 0 0 0 0 0 0 0 0 0 0 0 0 0 0 0 0 0 0
94 : 130 128 124 128 133 131 130 132 136 132 134 133 130 141 139 141 151 137 148 147 133 128 1 0 0 0 0 0 0 0 0 0 0 0 0 0 0 0 0 0 0 0 0 0 0 0 0 0 0 0 0
95 : 129 126 122 127 132 131 128 131 135 132 133 132 128 141 138 139 150 137 147 145 132 126 1 0 0 0 0 0 0 0 0 0 0 0 0 0 0 0 0 0 0 0 0 0 0 0 0 0 0 0 0
96 : 131 129 125 128 133 132 130 133 137 133 135 134 132 142 141 142 152 139 150 146 134 127 1 0 0 0 0 0 0 0 0 0 0 0 0 0 0 0 0 0 0 0 0 0 0 0 0 0 0 0 0
97 : 129 127 122 126 131 129 128 130 135 131 133 131 130 141 140 140 150 136 148 144 132 124 1 0 0 0 0 0 0 0 0 0 0 0 0 0 0 0 0 0 0 0 0 0 0 0 0 0 0 0 0
98 : 129 126 122 126 131 131 128 130 136 131 134 131 129 140 139 139 149 136 147 143 132 122 1 0 0 0 0 0 0 0 0 0 0 0 0 0 0 0 0 0 0 0 0 0 0 0 0 0 0 0 0
99 : 130 127 123 127 131 131 128 131 136 132 134 132 129 141 140 140 150 137 148 144 133 122 1 0 0 0 0 0 0 0 0 0 0 0 0 0 0 0 0 0 0 0 0 0 0 0 0 0 0 0 0
100 : 129 126 122 126 130 130 127 130 135 130 133 131 129 139 137 140 149 136 147 143 132 124 1 0 0 0 0 0 0 0 0 0 0 0 0 0 0 0 0 0 0 0 0 0 0 0 0 0 0 0 0
101 : 132 129 125 129 133 133 131 133 138 134 137 135 133 144 141 142 153 140 150 146 136 127 1 0 0 0 0 0 0 0 0 0 0 0 0 0 0 0 0 0 0 0 0 0 0 0 0 0 0 0 0
1 : 132 130 126 129 134 133 131 133 138 134 137 135 133 144 141 142 152 139 150 145 134 125 1 0 0 0 0 0 0 0 0 0 0 0 0 0 0 0 0 0 0 0 0 0 0 0 0 0 0 0 0
2 : 130 127 123 127 131 131 129 131 136 131 134 132 129 141 138 140 150 136 148 144 133 124 1 0 0 0 0 0 0 0 0 0 0 0 0 0 0 0 0 0 0 0 0 0 0 0 0 0 0 0 0
3 : 129 127 122 127 131 130 128 130 135 131 133 131 129 140 138 139 150 137 147 144 132 124 1 0 0 0 0 0 0 0 0 0 0 0 0 0 0 0 0 0 0 0 0 0 0 0 0 0 0 0 0
4 : 130 128 124 128 133 132 129 132 137 133 134 134 131 142 140 141 150 138 149 144 132 123 1 0 0 0 0 0 0 0 0 0 0 0 0 0 0 0 0 0 0 0 0 0 0 0 0 0 0 0 0
5 : 129 127 122 127 131 131 128 131 136 132 134 132 129 141 139 140 150 137 148 144 131 121 1 0 0 0 0 0 0 0 0 0 0 0 0 0 0 0 0 0 0 0 0 0 0 0 0 0 0 0 0
6 : 132 130 125 129 134 133 131 133 138 133 136 134 132 142 141 141 152 139 150 145 134 124 1 0 0 0 0 0 0 0 0 0 0 0 0 0 0 0 0 0 0 0 0 0 0 0 0 0 0 0 0
7 : 130 127 123 127 132 131 128 131 136 132 134 131 130 140 140 140 151 137 148 143 131 124 1 0 0 0 0 0 0 0 0 0 0 0 0 0 0 0 0 0 0 0 0 0 0 0 0 0 0 0 0
8 : 129 127 123 127 132 131 129 131 137 132 134 132 130 141 139 140 151 138 148 144 131 126 1 0 0 0 0 0 0 0 0 0 0 0 0 0 0 0 0 0 0 0 0 0 0 0 0 0 0 0 0
9 : 129 127 123 127 132 131 129 131 136 132 134 132 130 141 139 140 151 137 148 143 130 126 1 0 0 0 0 0 0 0 0 0 0 0 0 0 0 0 0 0 0 0 0 0 0 0 0 0 0 0 0
10 : 130 128 123 127 132 131 128 131 136 132 134 132 130 140 139 140 151 136 148 144 130 127 1 0 0 0 0 0 0 0 0 0 0 0 0 0 0 0 0 0 0 0 0 0 0 0 0 0 0 0 0
11 : 132 129 125 129 134 133 130 133 138 135 136 135 132 143 141 142 152 139 150 146 131 127 1 0 0 0 0 0 0 0 0 0 0 0 0 0 0 0 0 0 0 0 0 0 0 0 0 0 0 0 0
12 : 130 127 123 126 131 130 129 131 136 132 135 132 130 141 139 140 150 137 148 144 129 124 1 0 0 0 0 0 0 0 0 0 0 0 0 0 0 0 0 0 0 0 0 0 0 0 0 0 0 0 0
13 : 129 127 123 126 131 130 128 130 136 132 133 131 129 140 138 139 150 136 147 143 128 123 1 0 0 0 0 0 0 0 0 0 0 0 0 0 0 0 0 0 0 0 0 0 0 0 0 0 0 0 0
14 : 130 127 123 127 132 131 128 130 136 132 134 132 129 141 139 140 150 136 148 144 129 123 1 0 0 0 0 0 0 0 0 0 0 0 0 0 0 0 0 0 0 0 0 0 0 0 0 0 0 0 0
15 : 128 126 121 126 130 129 127 130 134 130 133 131 129 139 137 139 149 136 147 143 129 124 1 0 0 0 0 0 0 0 0 0 0 0 0 0 0 0 0 0 0 0 0 0 0 0 0 0 0 0 0
16 : 132 129 125 129 134 134 131 133 138 134 136 134 132 143 142 143 152 140 150 147 132 128 1 0 0 0 0 0 0 0 0 0 0 0 0 0 0 0 0 0 0 0 0 0 0 0 0 0 0 0 0
17 : 129 126 123 126 131 131 128 130 135 131 134 132 129 140 138 140 149 136 147 142 128 127 1 0 0 0 0 0 0 0 0 0 0 0 0 0 0 0 0 0 0 0 0 0 0 0 0 0 0 0 0
18 : 128 127 122 126 130 130 128 130 135 131 133 131 129 140 138 139 150 135 148 142 130 130 1 0 0 0 0 0 0 0 0 0 0 0 0 0 0 0 0 0 0 0 0 0 0 0 0 0 0 0 0
19 : 130 128 124 128 133 132 130 132 137 133 135 133 131 141 140 141 152 139 149 143 131 132 1 0 0 0 0 0 0 0 0 0 0 0 0 0 0 0 0 0 0 0 0 0 0 0 0 0 0 0 0
20 : 129 126 123 127 131 130 128 130 136 131 134 132 129 140 139 140 149 137 148 142 130 127 1 0 0 0 0 0 0 0 0 0 0 0 0 0 0 0 0 0 0 0 0 0 0 0 0 0 0 0 0
21 : 132 130 125 129 134 133 130 134 139 134 137 134 131 143 142 142 152 139 150 145 132 129 2 0 0 0 0 0 0 0 0 0 0 0 0 0 0 0 0 0 0 0 0 0 0 0 0 0 0 0 0
22 : 129 127 123 127 132 131 128 130 136 132 134 132 129 140 139 140 150 137 148 143 128 124 2 0 0 0 0 0 0 0 0 0 0 0 0 0 0 0 0 0 0 0 0 0 0 0 0 0 0 0 0
23 : 129 127 122 127 131 131 128 130 136 131 133 132 130 140 138 140 150 137 148 143 129 127 1 0 0 0 0 0 0 0 0 0 0 0 0 0 0 0 0 0 0 0 0 0 0 0 0 0 0 0 0
24 : 130 128 123 127 132 131 129 132 137 132 135 133 130 141 140 141 151 138 149 145 131 126 1 0 0 0 0 0 0 0 0 0 0 0 0 0 0 0 0 0 0 0 0 0 0 0 0 0 0 0 0
25 : 128 126 122 126 131 130 128 130 135 131 134 131 129 140 138 140 150 136 147 142 130 123 1 0 0 0 0 0 0 0 0 0 0 0 0 0 0 0 0 0 0 0 0 0 0 0 0 0 0 0 0
26 : 132 129 126 129 134 133 131 133 138 134 137 135 132 143 141 143 152 139 150 144 134 126 1 0 0 0 0 0 0 0 0 0 0 0 0 0 0 0 0 0 0 0 0 0 0 0 0 0 0 0 0
27 : 130 127 123 126 131 130 128 131 135 132 133 132 129 141 139 140 150 136 147 143 132 123 1 0 0 0 0 0 0 0 0 0 0 0 0 0 0 0 0 0 0 0 0 0 0 0 0 0 0 0 0
28 : 130 127 123 126 131 130 128 130 135 131 134 132 129 141 139 140 150 137 147 142 132 123 1 0 0 0 0 0 0 0 0 0 0 0 0 0 0 0 0 0 0 0 0 0 0 0 0 0 0 0 0
29 : 130 128 124 128 132 131 129 132 137 132 135 133 131 141 140 141 151 138 148 143 133 124 1 0 0 0 0 0 0 0 0 0 0 0 0 0 0 0 0 0 0 0 0 0 0 0 0 0 0 0 0
30 : 129 126 123 127 131 131 128 131 136 131 135 132 130 141 139 140 150 137 148 143 131 121 1 0 0 0 0 0 0 0 0 0 0 0 0 0 0 0 0 0 0 0 0 0 0 0 0 0 0 0 0
31 : 132 130 125 129 134 133 131 133 139 135 137 135 133 143 142 143 153 140 150 145 133 123 1 0 0 0 0 0 0 0 0 0 0 0 0 0 0 0 0 0 0 0 0 0 0 0 0 0 0 0 0
32 : 130 127 122 127 132 131 129 131 136 132 134 132 130 141 140 141 151 137 148 142 130 122 1 0 0 0 0 0 0 0 0 0 0 0 0 0 0 0 0 0 0 0 0 0 0 0 0 0 0 0 0
33 : 130 127 123 127 131 130 128 130 136 131 134 132 130 141 139 140 150 137 147 142 129 121 1 0 0 0 0 0 0 0 0 0 0 0 0 0 0 0 0 0 0 0 0 0 0 0 0 0 0 0 0
34 : 130 128 123 127 132 132 130 131 136 132 134 133 130 141 140 141 151 138 148 143 130 123 1 0 0 0 0 0 0 0 0 0 0 0 0 0 0 0 0 0 0 0 0 0 0 0 0 0 0 0 0
35 : 128 126 121 126 130 129 127 130 134 130 133 131 129 140 138 139 150 135 147 143 129 122 1 0 0 0 0 0 0 0 0 0 0 0 0 0 0 0 0 0 0 0 0 0 0 0 0 0 0 0 0
36 : 132 129 125 128 133 133 131 133 139 133 136 135 131 143 142 142 152 139 150 146 133 125 1 0 0 0 0 0 0 0 0 0 0 0 0 0 0 0 0 0 0 0 0 0 0 0 0 0 0 0 0
37 : 129 127 123 127 131 130 128 131 135 132 134 132 130 142 139 141 150 137 148 144 132 121 1 0 0 0 0 0 0 0 0 0 0 0 0 0 0 0 0 0 0 0 0 0 0 0 0 0 0 0 0
38 : 129 126 123 126 131 130 128 130 135 130 133 132 129 140 138 140 150 137 147 143 131 119 1 0 0 0 0 0 0 0 0 0 0 0 0 0 0 0 0 0 0 0 0 0 0 0 0 0 0 0 0
39 : 129 127 124 127 132 132 129 132 137 132 135 132 131 141 140 141 151 137 148 145 133 121 1 0 0 0 0 0 0 0 0 0 0 0 0 0 0 0 0 0 0 0 0 0 0 0 0 0 0 0 0
40 : 129 127 123 126 131 130 128 131 136 131 133 131 130 140 138 139 151 137 147 144 135 121 1 0 0 0 0 0 0 0 0 0 0 0 0 0 0 0 0 0 0 0 0 0 0 0 0 0 0 0 0
41 : 132 129 125 129 134 133 130 133 138 134 136 133 132 142 141 142 152 139 150 146 138 124 1 0 0 0 0 0 0 0 0 0 0 0 0 0 0 0 0 0 0 0 0 0 0 0 0 0 0 0 0
42 : 129 126 122 125 131 130 127 130 135 131 134 131 129 141 138 139 149 136 148 143 137 121 1 0 0 0 0 0 0 0 0 0 0 0 0 0 0 0 0 0 0 0 0 0 0 0 0 0 0 0 0
43 : 129 127 123 126 131 130 127 130 135 130 133 131 129 140 139 140 150 138 147 142 138 121 1 0 0 0 0 0 0 0 0 0 0 0 0 0 0 0 0 0 0 0 0 0 0 0 0 0 0 0 0
44 : 130 127 123 126 132 130 128 130 136 131 134 132 130 141 139 140 150 137 148 143 139 120 1 0 0 0 0 0 0 0 0 0 0 0 0 0 0 0 0 0 0 0 0 0 0 0 0 0 0 0 0
45 : 128 126 122 126 131 130 128 130 136 131 134 131 129 139 139 140 150 137 147 142 138 118 1 0 0 0 0 0 0 0 0 0 0 0 0 0 0 0 0 0 0 0 0 0 0 0 0 0 0 0 0
46 : 132 130 126 130 134 133 131 134 138 134 136 134 132 143 141 143 153 139 150 145 141 120 1 0 0 0 0 0 0 0 0 0 0 0 0 0 0 0 0 0 0 0 0 0 0 0 0 0 0 0 0
47 : 129 127 124 127 132 131 129 130 136 132 134 132 130 140 139 139 150 137 148 143 139 118 1 0 0 0 0 0 0 0 0 0 0 0 0 0 0 0 0 0 0 0 0 0 0 0 0 0 0 0 0
48 : 129 126 122 126 131 130 128 130 135 131 133 131 129 140 139 139 150 137 148 143 137 117 1 0 0 0 0 0 0 0 0 0 0 0 0 0 0 0 0 0 0 0 0 0 0 0 0 0 0 0 0
49 : 130 126 122 126 132 131 129 131 136 132 135 132 130 141 139 140 151 137 148 144 136 118 1 0 0 0 0 0 0 0 0 0 0 0 0 0 0 0 0 0 0 0 0 0 0 0 0 0 0 0 0
50 : 129 127 122 127 131 130 127 131 135 131 134 132 130 140 139 140 151 137 148 143 135 119 1 0 0 0 0 0 0 0 0 0 0 0 0 0 0 0 0 0 0 0 0 0 0 0 0 0 0 0 0
51 : 132 129 125 129 134 133 130 133 138 133 136 134 132 142 141 143 152 139 149 145 137 122 1 0 0 0 0 0 0 0 0 0 0 0 0 0 0 0 0 0 0 0 0 0 0 0 0 0 0 0 0
52 : 129 127 122 126 131 130 128 130 136 132 134 132 129 141 139 140 150 137 147 142 134 121 1 0 0 0 0 0 0 0 0 0 0 0 0 0 0 0 0 0 0 0 0 0 0 0 0 0 0 0 0
53 : 129 126 123 126 131 130 128 130 135 130 133 131 129 140 138 139 150 137 147 142 133 123 1 0 0 0 0 0 0 0 0 0 0 0 0 0 0 0 0 0 0 0 0 0 0 0 0 0 0 0 0
54 : 129 127 123 127 132 130 128 131 136 131 134 132 130 141 139 140 150 136 147 142 132 125 1 0 0 0 0 0 0 0 0 0 0 0 0 0 0 0 0 0 0 0 0 0 0 0 0 0 0 0 0
55 : 130 127 122 127 131 130 128 131 136 131 134 131 130 140 139 140 151 137 148 143 133 125 1 0 0 0 0 0 0 0 0 0 0 0 0 0 0 0 0 0 0 0 0 0 0 0 0 0 0 0 0
56 : 132 130 126 130 135 134 131 134 139 134 137 135 132 143 141 143 153 140 151 146 136 125 2 0 0 0 0 0 0 0 0 0 0 0 0 0 0 0 0 0 0 0 0 0 0 0 0 0 0 0 0
57 : 129 127 122 126 132 130 128 130 136 131 134 131 130 140 139 140 150 136 148 144 133 122 2 0 0 0 0 0 0 0 0 0 0 0 0 0 0 0 0 0 0 0 0 0 0 0 0 0 0 0 0
58 : 129 127 122 126 132 131 128 130 135 131 134 131 129 140 139 140 149 137 147 144 134 119 3 0 0 0 0 0 0 0 0 0 0 0 0 0 0 0 0 0 0 0 0 0 0 0 0 0 0 0 0
59 : 130 128 124 128 132 132 129 132 137 132 134 133 131 142 140 141 151 139 149 146 137 119 2 0 0 0 0 0 0 0 0 0 0 0 0 0 0 0 0 0 0 0 0 0 0 0 0 0 0 0 0
60 : 129 127 123 127 131 131 127 131 136 132 134 131 129 140 139 139 150 137 148 145 136 119 2 0 0 0 0 0 0 0 0 0 0 0 0 0 0 0 0 0 0 0 0 0 0 0 0 0 0 0 0
61 : 131 129 125 129 134 133 130 133 138 134 137 134 132 142 141 142 153 139 150 146 138 118 2 0 0 0 0 0 0 0 0 0 0 0 0 0 0 0 0 0 0 0 0 0 0 0 0 0 0 0 0
62 : 130 127 123 126 131 130 128 130 136 132 134 131 129 140 139 140 150 137 148 143 135 117 2 0 0 0 0 0 0 0 0 0 0 0 0 0 0 0 0 0 0 0 0 0 0 0 0 0 0 0 0
63 : 128 127 122 127 131 130 128 130 136 131 134 131 129 140 138 140 150 136 148 143 135 119 2 0 0 0 0 0 0 0 0 0 0 0 0 0 0 0 0 0 0 0 0 0 0 0 0 0 0 0 0
64 : 130 128 124 128 133 132 130 131 138 133 135 133 131 141 140 141 151 137 149 144 138 121 2 0 0 0 0 0 0 0 0 0 0 0 0 0 0 0 0 0 0 0 0 0 0 0 0 0 0 0 0
65 : 129 126 122 126 131 130 128 130 136 132 133 131 129 141 139 140 150 137 148 143 138 118 2 0 0 0 0 0 0 0 0 0 0 0 0 0 0 0 0 0 0 0 0 0 0 0 0 0 0 0 0
66 : 130 128 125 129 134 132 130 133 138 133 135 134 132 142 140 141 151 138 149 144 140 117 2 0 0 0 0 0 0 0 0 0 0 0 0 0 0 0 0 0 0 0 0 0 0 0 0 0 0 0 0
67 : 129 128 123 127 132 131 128 131 136 131 134 131 130 140 139 140 151 137 148 143 140 115 2 0 0 0 0 0 0 0 0 0 0 0 0 0 0 0 0 0 0 0 0 0 0 0 0 0 0 0 0
68 : 129 126 122 126 131 130 128 130 135 131 133 131 129 140 138 140 151 137 148 143 140 117 2 0 0 0 0 0 0 0 0 0 0 0 0 0 0 0 0 0 0 0 0 0 0 0 0 0 0 0 0
69 : 130 128 124 129 132 132 129 132 138 133 135 134 131 141 140 141 151 138 149 144 141 115 2 0 0 0 0 0 0 0 0 0 0 0 0 0 0 0 0 0 0 0 0 0 0 0 0 0 0 0 0
70 : 128 126 122 126 130 129 127 130 135 130 132 131 128 139 137 138 149 136 147 141 139 113 2 0 0 0 0 0 0 0 0 0 0 0 0 0 0 0 0 0 0 0 0 0 0 0 0 0 0 0 0
71 : 131 128 125 128 134 133 130 133 138 134 136 134 132 142 140 142 152 139 149 144 141 114 2 0 0 0 0 0 0 0 0 0 0 0 0 0 0 0 0 0 0 0 0 0 0 0 0 0 0 0 0
72 : 130 127 123 126 132 131 129 131 136 132 135 132 129 141 139 141 151 137 148 143 140 113 2 0 0 0 0 0 0 0 0 0 0 0 0 0 0 0 0 0 0 0 0 0 0 0 0 0 0 0 0
73 : 129 127 123 126 131 130 129 131 136 131 133 132 129 140 138 140 150 136 147 142 138 112 2 0 0 0 0 0 0 0 0 0 0 0 0 0 0 0 0 0 0 0 0 0 0 0 0 0 0 0 0
74 : 130 127 123 127 131 130 128 130 135 132 134 131 130 141 139 140 150 136 147 143 139 112 2 0 0 0 0 0 0 0 0 0 0 0 0 0 0 0 0 0 0 0 0 0 0 0 0 0 0 0 0
75 : 130 127 123 127 132 130 128 131 136 132 134 132 129 141 139 140 150 138 148 143 139 111 2 0 0 0 0 0 0 0 0 0 0 0 0 0 0 0 0 0 0 0 0 0 0 0 0 0 0 0 0
76 : 131 128 124 128 133 133 130 132 138 133 136 134 131 142 140 142 151 138 149 144 141 112 2 0 0 0 0 0 0 0 0 0 0 0 0 0 0 0 0 0 0 0 0 0 0 0 0 0 0 0 0
77 : 129 127 123 126 131 130 128 130 135 131 133 132 130 140 138 139 150 137 148 143 138 112 2 0 0 0 0 0 0 0 0 0 0 0 0 0 0 0 0 0 0 0 0 0 0 0 0 0 0 0 0
78 : 128 126 122 127 131 130 128 130 135 131 133 131 129 140 138 140 149 137 147 142 138 111 2 0 0 0 0 0 0 0 0 0 0 0 0 0 0 0 0 0 0 0 0 0 0 0 0 0 0 0 0
79 : 130 128 124 128 133 131 129 131 137 133 134 132 131 141 140 141 151 138 148 144 141 113 2 0 0 0 0 0 0 0 0 0 0 0 0 0 0 0 0 0 0 0 0 0 0 0 0 0 0 0 0
80 : 129 127 123 126 131 130 128 130 136 132 134 132 130 141 138 140 150 137 148 143 140 113 2 0 0 0 0 0 0 0 0 0 0 0 0 0 0 0 0 0 0 0 0 0 0 0 0 0 0 0 0
81 : 131 129 126 129 133 133 130 132 138 133 136 134 131 142 141 143 152 139 149 145 141 114 2 0 0 0 0 0 0 0 0 0 0 0 0 0 0 0 0 0 0 0 0 0 0 0 0 0 0 0 0
82 : 129 127 123 126 131 131 128 131 136 131 134 132 130 141 138 140 150 137 148 142 138 112 2 0 0 0 0 0 0 0 0 0 0 0 0 0 0 0 0 0 0 0 0 0 0 0 0 0 0 0 0
83 : 129 127 123 126 131 131 128 131 136 131 133 131 130 140 138 139 149 137 147 142 137 112 2 0 0 0 0 0 0 0 0 0 0 0 0 0 0 0 0 0 0 0 0 0 0 0 0 0 0 0 0
84 : 130 127 123 127 132 131 129 131 136 132 134 132 130 141 139 140 151 137 148 143 136 115 2 0 0 0 0 0 0 0 0 0 0 0 0 0 0 0 0 0 0 0 0 0 0 0 0 0 0 0 0
85 : 129 126 122 126 131 130 128 131 136 132 134 131 129 141 139 141 150 137 148 143 136 118 2 0 0 0 0 0 0 0 0 0 0 0 0 0 0 0 0 0 0 0 0 0 0 0 0 0 0 0 0
86 : 132 129 125 129 133 133 130 133 138 134 136 134 131 143 141 142 152 139 149 144 138 123 2 0 0 0 0 0 0 0 0 0 0 0 0 0 0 0 0 0 0 0 0 0 0 0 0 0 0 0 0
87 : 129 126 122 127 131 131 128 131 136 131 135 131 129 140 138 139 150 137 147 142 137 124 2 0 0 0 0 0 0 0 0 0 0 0 0 0 0 0 0 0 0 0 0 0 0 0 0 0 0 0 0
88 : 128 126 122 126 131 130 128 130 136 131 133 131 129 140 138 140 149 136 147 141 137 124 2 0 0 0 0 0 0 0 0 0 0 0 0 0 0 0 0 0 0 0 0 0 0 0 0 0 0 0 0
89 : 130 127 123 127 132 131 129 131 136 132 134 133 129 141 139 141 151 137 149 143 137 124 2 0 0 0 0 0 0 0 0 0 0 0 0 0 0 0 0 0 0 0 0 0 0 0 0 0 0 0 0
90 : 129 127 123 126 131 131 128 131 137 132 134 131 130 141 139 140 151 137 147 143 137 120 2 0 0 0 0 0 0 0 0 0 0 0 0 0 0 0 0 0 0 0 0 0 0 0 0 0 0 0 0
91 : 132 130 126 130 135 133 131 134 139 135 137 135 133 144 142 143 153 141 151 146 140 120 2 0 0 0 0 0 0 0 0 0 0 0 0 0 0 0 0 0 0 0 0 0 0 0 0 0 0 0 0
92 : 130 127 123 126 131 130 128 130 136 132 134 132 129 140 139 140 151 137 148 143 137 118 2 0 0 0 0 0 0 0 0 0 0 0 0 0 0 0 0 0 0 0 0 0 0 0 0 0 0 0 0
93 : 130 128 123 127 132 132 129 131 136 132 134 132 130 141 140 141 151 137 148 143 138 119 2 0 0 0 0 0 0 0 0 0 0 0 0 0 0 0 0 0 0 0 0 0 0 0 0 0 0 0 0
94 : 130 128 123 128 131 131 129 131 136 133 135 133 130 142 139 141 151 138 148 143 138 119 2 0 0 0 0 0 0 0 0 0 0 0 0 0 0 0 0 0 0 0 0 0 0 0 0 0 0 0 0
95 : 129 126 123 127 131 130 128 131 136 131 134 131 130 141 139 140 150 137 148 143 139 119 2 0 0 0 0 0 0 0 0 0 0 0 0 0 0 0 0 0 0 0 0 0 0 0 0 0 0 0 0
96 : 131 129 125 129 134 133 130 133 138 134 136 134 132 142 141 143 152 139 149 144 140 120 2 0 0 0 0 0 0 0 0 0 0 0 0 0 0 0 0 0 0 0 0 0 0 0 0 0 0 0 0
97 : 129 127 123 126 131 130 128 130 135 131 134 132 130 141 139 140 150 137 148 143 138 118 2 0 0 0 0 0 0 0 0 0 0 0 0 0 0 0 0 0 0 0 0 0 0 0 0 0 0 0 0
98 : 128 127 122 126 131 130 128 131 135 131 134 131 130 140 139 140 150 137 148 143 138 117 1 0 0 0 0 0 0 0 0 0 0 0 0 0 0 0 0 0 0 0 0 0 0 0 0 0 0 0 0
99 : 130 127 124 127 132 131 129 132 136 132 134 132 130 142 141 141 151 137 148 144 139 118 2 0 0 0 0 0 0 0 0 0 0 0 0 0 0 0 0 0 0 0 0 0 0 0 0 0 0 0 0
100 : 130 127 123 127 132 131 127 131 136 132 134 131 130 140 139 141 150 137 148 143 137 116 1 0 0 0 0 0 0 0 0 0 0 0 0 0 0 0 0 0 0 0 0 0 0 0 0 0 0 0 0
101 : 132 130 125 128 134 132 131 133 138 134 136 134 132 143 141 143 153 139 151 146 141 119 2 0 0 0 0 0 0 0 0 0 0 0 0 0 0 0 0 0 0 0 0 0 0 0 0 0 0 0 0
