Brightness in each height
Heights/D : 33.8636 33.1909 32.5182 31.8455 31.1727 30.5 29.8273 29.1545 28.4818 27.8091 27.1364 26.4636 25.7909 25.1182 24.4455 23.7727 23.1 22.4273 21.7545 21.0818 20.4091 19.7364 19.0636 18.3909 17.7182 17.0455 16.3727 15.7 15.0273 14.3545 13.6818 13.0091 12.3364 11.6636 10.9909 10.3182 9.64545 8.97273 8.3 7.62727 6.95455 6.28182 5.60909 4.93636 4.26364 3.59091 2.91818 2.24545 1.57273 0.9 0.227273
1 : 190 214 208 206 208 205 176 80 6 0 0 0 0 0 0 0 0 0 0 0 0 0 0 0 0 0 0 0 0 0 0 0 0 0 0 0 0 0 0 0 0 0 0 0 0 0 0 0 0 0 0
2 : 188 213 207 204 207 204 175 79 6 0 0 0 0 0 0 0 0 0 0 0 0 0 0 0 0 0 0 0 0 0 0 0 0 0 0 0 0 0 0 0 0 0 0 0 0 0 0 0 0 0 0
3 : 190 214 208 206 208 206 176 80 6 0 0 0 0 0 0 0 0 0 0 0 0 0 0 0 0 0 0 0 0 0 0 0 0 0 0 0 0 0 0 0 0 0 0 0 0 0 0 0 0 0 0
4 : 190 214 209 206 208 205 176 80 6 0 0 0 0 0 0 0 0 0 0 0 0 0 0 0 0 0 0 0 0 0 0 0 0 0 0 0 0 0 0 0 0 0 0 0 0 0 0 0 0 0 0
5 : 190 214 208 205 208 205 176 80 6 0 0 0 0 0 0 0 0 0 0 0 0 0 0 0 0 0 0 0 0 0 0 0 0 0 0 0 0 0 0 0 0 0 0 0 0 0 0 0 0 0 0
6 : 192 216 210 208 210 207 179 81 6 0 0 0 0 0 0 0 0 0 0 0 0 0 0 0 0 0 0 0 0 0 0 0 0 0 0 0 0 0 0 0 0 0 0 0 0 0 0 0 0 0 0
7 : 191 216 210 208 210 209 181 82 6 0 0 0 0 0 0 0 0 0 0 0 0 0 0 0 0 0 0 0 0 0 0 0 0 0 0 0 0 0 0 0 0 0 0 0 0 0 0 0 0 0 0
8 : 190 215 210 209 210 209 183 85 6 0 0 0 0 0 0 0 0 0 0 0 0 0 0 0 0 0 0 0 0 0 0 0 0 0 0 0 0 0 0 0 0 0 0 0 0 0 0 0 0 0 0
9 : 192 217 211 210 212 212 188 92 8 0 0 0 0 0 0 0 0 0 0 0 0 0 0 0 0 0 0 0 0 0 0 0 0 0 0 0 0 0 0 0 0 0 0 0 0 0 0 0 0 0 0
10 : 188 215 208 208 209 209 187 99 9 0 0 0 0 0 0 0 0 0 0 0 0 0 0 0 0 0 0 0 0 0 0 0 0 0 0 0 0 0 0 0 0 0 0 0 0 0 0 0 0 0 0
11 : 192 215 211 210 210 210 196 113 13 0 0 0 0 0 0 0 0 0 0 0 0 0 0 0 0 0 0 0 0 0 0 0 0 0 0 0 0 0 0 0 0 0 0 0 0 0 0 0 0 0 0
12 : 191 212 207 207 207 208 200 132 19 0 0 0 0 0 0 0 0 0 0 0 0 0 0 0 0 0 0 0 0 0 0 0 0 0 0 0 0 0 0 0 0 0 0 0 0 0 0 0 0 0 0
13 : 191 210 207 208 206 208 205 160 30 0 0 0 0 0 0 0 0 0 0 0 0 0 0 0 0 0 0 0 0 0 0 0 0 0 0 0 0 0 0 0 0 0 0 0 0 0 0 0 0 0 0
14 : 187 206 206 205 202 203 205 186 51 0 0 0 0 0 0 0 0 0 0 0 0 0 0 0 0 0 0 0 0 0 0 0 0 0 0 0 0 0 0 0 0 0 0 0 0 0 0 0 0 0 0
15 : 179 209 204 205 204 200 206 198 97 3 0 0 0 0 0 0 0 0 0 0 0 0 0 0 0 0 0 0 0 0 0 0 0 0 0 0 0 0 0 0 0 0 0 0 0 0 0 0 0 0 0
16 : 171 204 203 207 207 202 207 202 165 15 0 0 0 0 0 0 0 0 0 0 0 0 0 0 0 0 0 0 0 0 0 0 0 0 0 0 0 0 0 0 0 0 0 0 0 0 0 0 0 0 0
17 : 130 197 202 210 211 209 208 204 193 67 0 0 0 0 0 0 0 0 0 0 0 0 0 0 0 0 0 0 0 0 0 0 0 0 0 0 0 0 0 0 0 0 0 0 0 0 0 0 0 0 0
18 : 97 174 190 202 206 207 208 209 205 172 8 0 0 0 0 0 0 0 0 0 0 0 0 0 0 0 0 0 0 0 0 0 0 0 0 0 0 0 0 0 0 0 0 0 0 0 0 0 0 0 0
19 : 92 139 166 198 203 209 209 212 212 199 111 0 0 0 0 0 0 0 0 0 0 0 0 0 0 0 0 0 0 0 0 0 0 0 0 0 0 0 0 0 0 0 0 0 0 0 0 0 0 0 0
20 : 91 100 126 169 187 207 209 208 212 210 198 43 0 0 0 0 0 0 0 0 0 0 0 0 0 0 0 0 0 0 0 0 0 0 0 0 0 0 0 0 0 0 0 0 0 0 0 0 0 0 0
21 : 88 84 91 146 162 180 200 202 208 210 210 184 13 0 0 0 0 0 0 0 0 0 0 0 0 0 0 0 0 0 0 0 0 0 0 0 0 0 0 0 0 0 0 0 0 0 0 0 0 0 0
22 : 98 78 82 124 135 161 178 194 199 210 212 209 172 5 0 0 0 0 0 0 0 0 0 0 0 0 0 0 0 0 0 0 0 0 0 0 0 0 0 0 0 0 0 0 0 0 0 0 0 0 0
23 : 105 78 61 107 129 123 151 177 194 206 212 212 210 156 2 0 0 0 0 0 0 0 0 0 0 0 0 0 0 0 0 0 0 0 0 0 0 0 0 0 0 0 0 0 0 0 0 0 0 0 0
24 : 131 87 53 95 100 127 107 119 159 180 204 209 212 205 153 2 0 0 0 0 0 0 0 0 0 0 0 0 0 0 0 0 0 0 0 0 0 0 0 0 0 0 0 0 0 0 0 0 0 0 0
25 : 174 122 65 74 81 119 93 96 133 140 166 199 209 210 202 156 1 0 0 0 0 0 0 0 0 0 0 0 0 0 0 0 0 0 0 0 0 0 0 0 0 0 0 0 0 0 0 0 0 0 0
26 : 179 139 112 66 64 98 76 65 97 129 101 151 187 199 204 191 160 2 0 0 0 0 0 0 0 0 0 0 0 0 0 0 0 0 0 0 0 0 0 0 0 0 0 0 0 0 0 0 0 0 0
27 : 167 191 137 81 52 84 68 57 69 108 97 97 127 168 200 200 194 161 30 0 0 0 0 0 0 0 0 0 0 0 0 0 0 0 0 0 0 0 0 0 0 0 0 0 0 0 0 0 0 0 0
28 : 176 190 165 88 69 75 66 57 64 87 91 85 96 119 141 198 207 188 158 78 2 0 0 0 0 0 0 0 0 0 0 0 0 0 0 0 0 0 0 0 0 0 0 0 0 0 0 0 0 0 0
29 : 178 178 173 152 93 78 61 52 60 64 90 61 71 82 118 121 194 202 185 157 104 7 0 0 0 0 0 0 0 0 0 0 0 0 0 0 0 0 0 0 0 0 0 0 0 0 0 0 0 0 0
30 : 166 193 175 168 123 106 63 45 55 44 88 41 63 61 51 93 107 190 198 186 176 81 35 0 0 0 0 0 0 0 0 0 0 0 0 0 0 0 0 0 0 0 0 0 0 0 0 0 0 0 0
31 : 174 185 186 158 155 123 67 49 52 35 79 35 54 40 54 76 85 102 170 187 188 179 101 33 5 0 0 0 0 0 0 0 0 0 0 0 0 0 0 0 0 0 0 0 0 0 0 0 0 0 0
32 : 155 191 191 178 153 148 94 57 50 32 66 36 47 38 31 35 79 68 109 149 178 186 181 103 32 5 0 0 0 0 0 0 0 0 0 0 0 0 0 0 0 0 0 0 0 0 0 0 0 0 0
33 : 136 175 198 187 161 149 139 58 56 31 52 33 29 30 23 32 63 62 51 104 137 182 183 168 114 37 12 1 0 0 0 0 0 0 0 0 0 0 0 0 0 0 0 0 0 0 0 0 0 0 0
34 : 105 150 177 201 171 173 140 93 44 48 44 31 23 31 22 30 36 55 39 56 99 138 171 177 164 135 43 16 7 0 0 0 0 0 0 0 0 0 0 0 0 0 0 0 0 0 0 0 0 0 0
35 : 96 118 162 188 193 171 119 108 71 41 49 32 23 26 21 27 26 61 31 32 76 105 123 169 174 160 104 56 12 9 0 0 0 0 0 0 0 0 0 0 0 0 0 0 0 0 0 0 0 0 0
36 : 94 121 141 177 192 196 147 117 100 73 46 33 25 23 21 25 23 48 29 28 38 76 95 111 165 166 142 95 80 6 14 0 0 0 0 0 0 0 0 0 0 0 0 0 0 0 0 0 0 0 0
37 : 97 104 117 152 166 197 164 136 102 65 66 32 26 19 20 23 20 36 30 31 32 75 83 114 114 157 150 135 110 61 11 17 0 0 0 0 0 0 0 0 0 0 0 0 0 0 0 0 0 0 0
38 : 98 90 106 148 157 176 190 155 115 77 65 32 25 14 16 24 16 28 30 30 24 48 55 93 105 121 151 130 120 86 34 13 13 0 0 0 0 0 0 0 0 0 0 0 0 0 0 0 0 0 0
39 : 92 78 93 131 161 157 186 182 115 107 64 31 26 11 13 26 12 20 30 30 18 31 48 73 111 99 126 144 123 113 60 28 17 12 0 0 0 0 0 0 0 0 0 0 0 0 0 0 0 0 0
40 : 92 74 88 129 162 148 156 187 158 109 72 30 27 12 12 26 11 17 28 27 16 24 49 61 93 101 117 138 128 121 89 39 11 19 9 2 0 0 0 0 0 0 0 0 0 0 0 0 0 0 0
41 : 89 77 83 120 144 135 144 180 163 152 80 34 22 16 16 23 16 17 24 24 16 20 46 55 73 105 107 106 135 92 102 89 28 8 9 3 0 4 0 0 0 0 0 0 0 0 0 0 0 0 0
42 : 84 81 83 112 124 134 136 152 166 142 119 40 14 18 21 17 22 18 22 23 16 20 45 50 58 99 101 99 110 106 80 58 58 11 13 9 1 0 0 1 0 0 0 0 0 0 0 0 0 0 0
43 : 82 86 88 103 117 133 133 127 152 161 145 65 13 27 26 11 18 20 20 21 17 21 42 48 57 89 87 83 95 104 62 73 70 33 6 24 7 0 0 0 3 0 0 0 0 0 0 0 0 0 0
44 : 83 90 88 98 112 126 128 109 143 168 141 75 44 19 22 10 11 25 15 19 19 21 42 47 57 85 83 73 84 94 67 66 37 51 9 9 17 3 0 0 0 1 1 0 0 0 0 0 0 0 0
45 : 86 95 87 110 107 122 117 102 139 149 153 86 28 46 16 15 12 27 13 16 20 20 43 48 58 85 79 74 78 85 68 50 27 55 22 5 8 8 0 0 0 0 0 4 0 0 0 0 0 0 0
46 : 92 98 88 124 109 117 101 103 116 131 155 112 35 46 13 15 15 21 15 15 18 21 43 44 62 89 74 72 74 76 67 43 24 50 39 4 7 6 6 0 0 0 0 0 8 0 0 0 0 0 0
47 : 93 99 83 124 109 110 89 98 107 117 158 107 48 51 12 7 23 11 18 14 16 26 39 38 60 90 74 71 64 64 60 39 23 34 18 10 10 3 8 1 0 0 0 0 0 7 0 0 0 0 0
48 : 101 98 91 122 114 107 79 92 99 110 158 104 57 49 18 10 25 6 18 15 18 36 43 37 58 85 75 73 59 58 55 36 16 20 11 24 6 5 6 10 0 0 0 0 0 0 7 0 0 0 0
49 : 107 101 102 122 121 108 72 83 93 110 148 81 84 43 12 18 16 9 16 13 17 38 48 38 50 79 72 71 50 49 50 33 15 14 11 24 3 4 5 6 3 0 0 0 0 0 0 7 0 0 0
50 : 120 106 114 129 126 115 78 80 92 118 151 76 77 37 7 28 7 14 15 13 20 38 42 45 53 71 67 67 47 50 44 33 15 13 14 18 2 3 3 9 4 0 0 0 0 0 0 0 6 0 0
51 : 130 112 120 127 127 112 83 83 91 124 137 87 84 27 13 19 6 17 15 17 32 41 38 52 56 58 56 60 43 46 37 30 13 13 12 16 2 2 2 8 7 2 0 0 0 0 0 0 0 3 0
52 : 134 116 128 122 126 101 77 94 90 128 118 74 85 22 20 8 11 13 12 19 37 44 36 44 66 51 52 56 44 43 35 25 13 12 9 11 2 2 2 4 8 4 0 0 0 0 0 0 0 1 1
53 : 137 122 135 126 124 92 76 106 89 129 111 67 65 19 15 5 16 14 18 24 36 40 45 45 65 50 52 49 47 47 36 21 11 11 9 8 2 2 2 2 6 4 0 0 0 0 0 0 0 0 2
54 : 139 126 141 135 128 88 81 108 95 120 97 56 48 22 12 10 13 12 19 29 42 44 43 48 49 48 52 39 47 41 36 18 10 9 8 8 2 2 2 3 4 3 1 0 0 0 0 0 0 0 0
55 : 134 127 140 137 124 90 91 99 108 108 98 67 37 25 8 16 13 18 22 29 38 41 39 51 41 52 51 36 49 32 35 16 10 8 8 6 3 2 1 2 3 3 4 0 0 0 0 0 0 0 0
56 : 134 135 140 143 124 93 100 95 94 103 88 75 25 22 14 12 12 19 26 36 40 45 44 46 49 55 45 48 43 33 31 14 10 8 8 6 4 2 1 1 2 3 5 0 0 0 0 0 0 0 0
57 : 132 142 137 146 128 88 116 101 92 90 71 60 26 22 20 13 16 19 21 37 38 44 38 43 53 51 39 55 34 37 20 12 9 7 7 6 5 2 1 0 3 3 5 0 0 0 0 0 0 0 0
58 : 141 150 143 147 134 85 126 112 107 87 76 50 33 27 12 15 24 28 29 34 35 43 48 47 58 48 41 47 30 38 15 12 9 8 5 4 5 4 2 0 3 3 4 0 0 0 0 0 0 0 0
59 : 145 156 149 146 132 93 124 116 116 88 84 32 38 23 17 24 21 17 29 27 45 38 42 51 48 40 57 34 30 29 13 12 9 8 6 2 4 4 3 0 3 2 3 0 0 0 0 0 0 0 0
60 : 144 164 157 146 126 111 119 112 98 80 84 34 52 19 18 13 18 24 24 41 34 40 44 50 47 46 43 29 35 15 12 11 8 6 6 3 3 2 3 0 3 1 2 0 0 0 0 0 0 0 0
61 : 144 172 162 151 120 121 119 120 91 76 69 32 44 20 17 28 23 19 32 43 30 39 48 43 42 55 39 24 38 13 11 9 7 5 4 4 3 0 2 0 4 1 2 0 0 0 0 0 0 0 0
62 : 145 178 167 154 117 134 128 126 108 78 51 56 40 21 22 16 22 23 38 23 38 47 30 44 37 47 26 35 19 12 13 10 7 7 3 3 4 1 1 0 5 0 3 0 0 0 0 0 0 0 0
63 : 154 182 171 158 120 149 122 128 112 85 41 52 42 16 17 19 21 36 24 31 42 38 35 36 55 35 21 35 12 11 11 8 6 5 4 3 2 3 0 1 5 0 3 0 0 0 0 0 0 0 0
64 : 163 186 173 165 126 157 126 130 105 82 46 52 31 18 14 18 39 23 26 42 47 30 45 46 44 24 41 19 11 12 8 8 6 3 1 3 0 2 0 2 4 0 2 0 0 0 0 0 0 0 0
65 : 169 189 177 164 132 157 143 123 94 73 87 57 25 21 14 34 32 22 38 44 30 38 43 35 25 24 32 11 10 10 6 5 4 5 3 3 1 0 0 3 1 0 1 0 0 0 0 0 0 0 0
66 : 175 193 182 161 145 148 146 128 97 61 94 44 27 17 33 35 15 32 42 31 25 35 44 30 18 38 15 12 11 5 7 7 4 1 3 0 3 0 0 4 0 1 1 0 0 0 0 0 0 0 0
67 : 183 195 187 163 158 141 140 126 118 87 81 40 32 27 31 13 27 44 28 22 37 49 36 24 37 24 11 9 8 6 4 3 3 2 3 0 1 0 2 3 0 2 0 0 0 0 0 0 0 0 0
68 : 184 197 190 167 162 145 145 131 109 102 76 47 35 33 16 19 40 32 19 31 39 33 26 23 27 11 10 10 5 3 6 4 0 4 0 3 0 0 5 0 0 3 0 0 0 0 0 0 0 0 0
69 : 184 200 196 178 170 160 147 139 101 118 62 54 34 20 16 29 34 16 25 28 28 31 18 30 14 10 9 8 3 5 3 1 3 2 0 1 0 0 6 0 0 2 0 0 0 0 0 0 0 0 0
70 : 184 200 196 188 181 167 147 144 124 104 72 51 29 17 25 27 15 19 22 34 32 25 28 25 9 8 12 6 4 4 4 0 5 0 3 0 0 4 2 0 1 0 0 0 0 0 0 0 0 0 0
71 : 187 202 200 196 186 175 166 143 136 83 89 33 19 26 26 14 20 23 36 30 21 22 31 10 8 10 12 3 6 5 0 4 0 2 0 0 0 8 0 0 3 0 0 0 0 0 0 0 0 0 0
72 : 186 201 201 200 187 180 173 160 129 97 86 24 26 25 13 19 19 34 23 20 20 24 10 9 9 11 3 6 5 0 3 2 0 2 0 0 3 1 0 0 1 0 0 0 0 0 0 0 0 0 0
73 : 186 200 197 203 194 188 181 164 135 111 61 28 27 11 16 16 32 21 20 24 15 12 7 9 18 5 5 6 1 1 3 0 4 0 0 0 7 0 0 3 0 0 0 0 0 0 0 0 0 0 0
74 : 187 198 191 201 201 199 192 157 141 106 56 38 9 16 15 25 23 20 22 12 13 7 9 24 8 3 6 2 0 3 0 2 0 0 0 3 0 0 0 2 0 0 0 0 0 0 0 0 0 0 0
75 : 185 195 189 194 200 202 192 161 142 102 54 16 15 10 23 21 23 18 13 12 7 7 19 9 3 6 4 0 4 0 0 0 0 0 1 3 0 0 2 0 0 0 0 0 0 0 0 0 0 0 0
76 : 184 197 188 191 202 207 205 175 144 90 41 23 8 20 18 20 14 15 16 7 8 15 9 4 6 5 0 3 0 0 1 0 0 0 6 0 0 0 1 0 0 0 0 0 0 0 0 0 0 0 0
77 : 183 196 185 185 199 208 207 187 148 107 35 12 19 15 18 11 16 18 7 7 11 8 3 5 5 0 3 1 0 2 0 0 0 3 1 0 0 3 0 0 0 0 0 0 0 0 0 0 0 0 0
78 : 182 199 182 185 200 207 212 198 156 103 43 32 17 15 10 16 20 7 7 13 7 5 3 3 0 2 1 0 5 0 0 0 2 3 0 0 1 0 0 0 0 0 0 0 0 0 0 0 0 0 0
79 : 180 196 179 179 192 203 209 204 165 108 52 18 16 9 17 16 8 11 15 6 4 2 2 0 1 1 0 4 0 0 0 1 3 0 0 0 2 0 0 0 0 0 0 0 0 0 0 0 0 0 0
80 : 178 192 181 177 182 197 211 209 183 145 37 16 10 16 16 6 11 20 6 5 2 3 1 1 1 0 2 0 0 0 0 2 0 0 0 3 0 0 0 0 0 0 0 0 0 0 0 0 0 0 0
81 : 177 192 181 178 178 193 211 214 202 147 59 18 21 14 5 11 19 7 7 3 3 1 1 1 0 2 0 0 0 0 2 1 0 0 1 0 0 0 0 0 0 0 0 0 0 0 0 0 0 0 0
82 : 175 189 179 170 170 181 206 212 210 179 87 34 16 6 11 14 6 6 3 2 1 1 1 0 2 0 0 0 0 3 1 0 0 0 1 0 0 0 0 0 0 0 0 0 0 0 0 0 0 0 0
83 : 175 187 179 166 167 163 199 212 210 197 134 34 11 12 14 4 6 3 1 0 2 1 0 1 0 0 0 0 2 2 0 0 0 2 0 0 0 0 0 0 0 0 0 0 0 0 0 0 0 0 0
84 : 176 186 179 163 168 145 185 205 209 202 164 62 22 13 4 5 3 2 0 2 0 0 1 0 0 0 0 1 2 0 0 0 2 0 0 0 0 0 0 0 0 0 0 0 0 0 0 0 0 0 0
85 : 176 187 180 163 172 134 168 188 208 203 187 99 27 5 4 2 2 0 2 0 0 2 0 0 0 0 2 4 0 0 0 2 0 0 0 0 0 0 0 0 0 0 0 0 0 0 0 0 0 0 0
86 : 176 187 177 162 169 131 155 171 201 207 200 148 31 4 1 1 0 4 0 0 1 0 0 0 0 1 3 0 0 0 1 0 0 0 0 0 0 0 0 0 0 0 0 0 0 0 0 0 0 0 0
87 : 176 189 178 164 168 129 147 165 174 207 209 189 41 6 3 0 2 0 0 2 0 0 0 0 2 2 0 0 0 1 0 0 0 0 0 0 0 0 0 0 0 0 0 0 0 0 0 0 0 0 0
88 : 177 190 179 163 170 136 140 150 150 185 210 205 133 9 1 2 0 0 2 0 0 0 0 3 3 0 0 0 1 0 0 0 0 0 0 0 0 0 0 0 0 0 0 0 0 0 0 0 0 0 0
89 : 177 189 179 163 172 146 134 131 139 136 191 209 187 40 0 0 0 1 0 0 0 0 2 2 0 0 0 1 0 0 0 0 0 0 0 0 0 0 0 0 0 0 0 0 0 0 0 0 0 0 0
90 : 179 192 181 166 175 153 133 116 122 113 159 198 204 151 15 1 0 0 0 0 0 2 1 0 0 0 1 0 0 0 0 0 0 0 0 0 0 0 0 0 0 0 0 0 0 0 0 0 0 0 0
91 : 182 193 183 167 175 158 134 110 101 106 99 159 198 198 100 2 0 0 0 0 2 1 0 0 0 1 0 0 0 0 0 0 0 0 0 0 0 0 0 0 0 0 0 0 0 0 0 0 0 0 0
92 : 182 192 182 166 174 162 134 107 92 99 52 122 154 186 187 60 0 0 0 1 0 0 0 0 1 0 0 0 0 0 0 0 0 0 0 0 0 0 0 0 0 0 0 0 0 0 0 0 0 0 0
93 : 183 196 184 168 177 165 137 113 85 85 40 71 103 164 186 173 40 0 1 0 0 0 0 1 0 0 0 0 0 0 0 0 0 0 0 0 0 0 0 0 0 0 0 0 0 0 0 0 0 0 0
94 : 184 196 183 167 177 164 136 120 80 74 33 46 76 121 164 177 166 34 0 0 0 0 1 0 0 0 0 0 0 0 0 0 0 0 0 0 0 0 0 0 0 0 0 0 0 0 0 0 0 0 2
95 : 179 200 184 167 179 167 140 123 76 64 30 34 65 65 126 158 168 146 20 0 0 1 0 0 0 0 0 0 0 0 0 0 0 0 0 0 0 0 0 0 0 0 0 0 0 0 0 0 0 0 1
96 : 179 198 190 170 181 171 142 123 77 54 30 26 38 42 83 115 155 148 119 10 1 0 0 0 0 0 0 0 0 0 0 0 0 0 0 0 0 0 0 0 0 0 0 0 0 0 0 0 0 2 0
97 : 180 194 190 173 181 170 146 122 72 44 28 24 25 36 68 90 128 140 107 93 8 0 0 0 0 0 0 0 0 0 0 0 0 0 0 0 0 0 0 0 0 0 0 0 0 0 0 0 2 0 0
98 : 182 195 186 175 186 172 151 120 76 39 27 23 23 32 64 62 102 113 122 72 54 11 0 0 0 0 0 0 0 0 0 0 0 0 0 0 0 0 0 0 0 0 0 0 0 0 0 2 0 0 0
99 : 181 197 186 170 188 171 153 116 85 39 27 22 23 26 44 48 96 103 100 83 38 15 5 1 0 0 0 0 0 0 0 0 0 0 0 0 0 0 0 0 0 0 0 0 0 0 1 1 0 0 0
100 : 180 196 186 171 186 175 155 111 91 39 31 18 28 22 39 38 83 90 99 88 36 29 5 3 0 0 0 0 0 0 0 0 0 0 0 0 0 0 0 0 0 0 0 0 0 0 1 0 0 0 0
101 : 180 194 187 172 182 176 158 110 88 40 33 19 30 19 34 32 75 69 81 86 36 18 11 11 2 0 0 0 0 0 0 0 0 0 0 0 0 0 0 0 0 0 0 0 0 3 0 0 0 0 0
1 : 189 203 196 187 194 185 180 145 124 74 66 43 60 42 62 59 104 103 111 113 60 33 19 14 5 0 0 0 0 0 0 0 0 0 0 0 0 0 0 0 0 0 0 0 0 5 0 0 0 0 0
2 : 188 202 194 188 193 183 182 148 124 75 70 44 58 40 58 57 99 93 96 96 54 46 33 3 22 7 0 0 0 0 0 0 0 0 0 0 0 0 0 0 0 0 0 0 6 0 0 0 0 0 0
3 : 191 202 195 189 194 185 183 152 130 78 69 50 49 41 53 62 103 83 94 76 61 37 36 13 2 10 2 0 0 0 0 0 0 0 0 0 0 0 0 0 0 0 0 4 0 0 0 0 0 0 0
4 : 194 203 196 189 196 186 184 158 139 83 64 57 46 47 48 64 100 76 93 71 73 28 24 8 2 13 10 0 0 0 0 0 0 0 0 0 0 0 0 0 0 0 3 0 0 0 0 0 0 0 0
5 : 195 204 195 188 195 187 183 149 139 89 61 65 49 51 50 69 87 76 82 62 68 27 21 10 11 1 16 1 0 0 0 0 0 0 0 0 0 0 0 0 0 2 0 0 0 0 0 0 0 0 0
6 : 194 203 195 187 194 189 184 150 150 92 59 75 48 50 54 71 74 79 73 55 66 25 17 11 7 0 15 8 0 0 0 0 0 0 0 0 0 0 0 0 1 0 0 0 0 0 0 0 0 0 0
7 : 193 205 195 188 194 189 182 154 152 96 65 73 44 49 57 72 70 79 71 50 58 23 14 10 3 2 3 9 0 0 0 0 0 0 0 0 0 0 0 1 0 0 0 0 0 0 0 0 0 0 0
8 : 190 206 196 189 194 188 181 154 147 111 78 66 46 54 54 68 69 80 71 50 48 18 14 10 1 5 0 8 1 0 0 0 0 0 0 0 0 0 1 0 0 0 0 0 0 0 0 0 0 0 0
9 : 188 202 198 189 195 189 182 154 147 113 90 59 51 55 45 62 67 76 66 54 35 18 12 10 1 4 1 7 4 0 0 0 0 0 0 0 0 1 0 0 0 0 0 0 0 0 0 0 0 0 0
10 : 185 200 200 190 196 188 182 153 147 116 104 64 57 55 58 62 63 67 57 60 27 16 10 10 1 6 1 6 5 0 0 0 0 0 0 0 2 0 0 0 0 0 0 0 0 0 0 0 0 0 0
11 : 181 199 201 192 196 189 183 155 149 124 116 65 64 50 60 62 74 64 50 61 20 17 8 10 0 7 1 5 5 0 0 0 0 0 0 2 0 0 0 0 0 0 0 0 0 0 0 0 0 0 0
12 : 178 200 199 197 198 191 184 157 149 133 121 66 60 55 60 65 76 65 52 47 16 14 7 10 0 5 2 4 3 1 0 0 0 0 3 0 0 0 0 0 0 0 0 0 0 0 0 0 0 0 0
13 : 179 196 199 200 199 191 185 160 151 138 122 67 60 60 59 68 68 56 60 31 16 10 6 9 0 5 3 4 3 3 0 0 0 2 0 0 0 0 0 0 0 0 0 0 0 0 0 0 0 0 0
14 : 178 195 195 201 201 192 186 163 153 141 122 70 59 61 61 82 67 46 55 20 16 7 5 7 0 4 4 3 1 6 0 0 4 0 0 0 0 0 0 0 0 0 0 0 0 0 0 0 0 0 0
15 : 177 195 190 203 206 195 188 169 157 145 124 73 69 64 74 72 57 52 44 16 14 6 7 4 0 2 4 5 1 8 0 2 0 0 0 0 0 0 0 0 0 0 0 0 0 0 0 0 0 0 0
16 : 173 192 185 201 206 197 188 171 161 148 118 101 76 64 74 53 49 58 27 13 10 5 8 1 1 1 3 6 0 8 1 0 0 0 0 0 0 0 0 0 0 0 0 0 0 0 0 0 0 0 0
17 : 175 192 184 201 204 202 191 175 166 153 111 123 76 73 86 48 57 50 16 16 7 5 7 0 2 1 1 5 2 6 0 0 0 0 0 0 0 0 0 0 0 0 0 0 0 0 0 0 0 0 0
18 : 174 192 178 198 202 201 195 178 171 159 129 114 89 78 67 49 58 32 13 10 3 6 4 0 3 2 0 8 0 4 0 0 0 0 0 0 0 0 0 0 0 0 0 0 0 0 0 0 0 0 0
19 : 174 192 176 195 203 201 200 183 175 165 140 116 95 83 56 54 51 18 16 6 4 7 1 0 3 4 1 5 0 3 0 0 0 0 0 0 0 0 0 0 0 0 0 0 0 0 0 0 0 0 0
20 : 172 192 176 191 202 199 200 190 182 169 150 126 96 85 59 54 33 15 12 3 6 6 0 1 2 2 7 0 0 2 0 0 0 0 0 0 0 0 0 0 0 0 0 0 0 0 0 0 0 0 0
21 : 173 193 178 188 199 202 201 196 189 174 161 133 95 73 69 54 19 18 6 3 6 2 0 3 3 5 1 0 1 1 0 0 0 0 0 0 0 0 0 0 0 0 0 0 0 0 0 0 0 0 0
22 : 171 192 178 186 189 203 201 197 188 174 168 145 84 74 62 33 17 19 2 6 7 0 0 5 6 0 0 0 1 0 0 0 0 0 0 0 0 0 0 0 0 0 0 0 0 0 0 0 0 0 0
23 : 170 190 180 184 183 199 203 199 190 177 175 148 84 87 55 19 20 6 4 4 1 0 1 3 2 0 0 0 5 0 0 0 0 0 0 0 0 0 0 0 0 0 0 0 0 0 0 0 0 0 0
24 : 172 192 181 182 186 199 205 203 191 178 183 145 104 93 45 19 27 2 5 5 0 0 3 10 1 0 0 0 7 0 0 0 0 0 0 0 0 0 0 0 0 0 0 0 0 0 0 0 0 0 0
25 : 171 191 181 181 184 193 203 207 197 180 184 150 102 90 41 25 3 5 5 0 0 0 7 4 1 0 0 0 3 0 0 0 0 0 0 0 0 0 0 0 0 0 0 0 0 0 0 0 0 0 0
26 : 171 190 181 180 184 187 201 206 205 180 187 147 114 96 36 27 6 4 2 0 0 4 9 7 0 0 0 2 1 0 0 0 0 0 0 0 0 0 0 0 0 0 0 0 0 0 0 0 0 0 0
27 : 170 191 182 180 185 182 195 204 208 185 188 153 127 93 47 8 5 4 0 0 1 6 3 0 0 0 0 5 0 0 0 0 0 0 0 0 0 0 0 0 0 0 0 0 0 0 0 0 0 0 0
28 : 169 192 182 181 187 179 189 199 207 192 195 163 141 95 42 6 5 0 0 0 4 9 1 0 0 0 0 3 0 0 0 0 0 0 0 0 0 0 0 0 0 0 0 0 0 0 0 0 0 0 0
29 : 168 191 178 179 187 176 184 190 204 191 200 171 149 90 45 5 1 0 0 3 8 4 0 0 0 0 2 0 0 0 0 0 0 0 0 0 0 0 0 0 0 0 0 0 0 0 0 0 0 0 0
30 : 170 193 180 181 189 177 182 181 202 197 197 178 156 97 41 2 0 0 2 4 8 0 0 0 0 0 5 0 0 0 0 0 0 0 0 0 0 0 0 0 0 0 0 0 0 0 0 0 0 0 0
31 : 171 193 183 181 189 178 181 171 199 200 193 188 163 108 28 0 0 1 1 11 0 0 0 0 0 1 2 0 0 0 0 0 0 0 0 0 0 0 0 0 0 0 0 0 0 0 0 0 0 0 0
32 : 170 192 182 181 187 177 180 164 187 198 193 193 169 107 21 0 0 3 7 1 0 0 0 0 0 10 0 0 0 0 0 0 0 0 0 0 0 0 0 0 0 0 0 0 0 0 0 0 0 0 0
33 : 169 192 182 180 186 176 180 161 180 193 197 194 166 118 26 0 4 7 2 0 0 0 0 0 1 3 0 0 0 0 0 0 0 0 0 0 0 0 0 0 0 0 0 0 0 0 0 0 0 0 0
34 : 169 193 183 181 188 178 181 158 177 182 203 194 169 121 21 4 3 8 0 0 0 0 0 0 10 0 0 0 0 0 0 0 0 0 0 0 0 0 0 0 0 0 0 0 0 0 0 0 0 0 0
35 : 169 195 183 183 189 178 183 159 172 174 201 199 168 141 22 5 9 0 0 0 0 0 0 1 2 0 0 0 0 0 0 0 0 0 0 0 0 0 0 0 0 0 0 0 0 0 0 0 0 0 0
36 : 170 195 184 184 190 180 185 160 173 169 195 200 179 141 32 13 0 0 0 0 0 0 0 6 0 0 0 0 0 0 0 0 0 0 0 0 0 0 0 0 0 0 0 0 0 0 0 0 0 0 0
37 : 169 194 183 182 190 180 184 160 173 166 186 198 183 135 55 5 0 0 0 0 0 0 2 1 0 0 0 0 0 0 0 0 0 0 0 0 0 0 0 0 0 0 0 0 0 0 0 0 0 0 0
38 : 172 196 183 183 190 181 186 164 173 169 178 197 187 137 66 6 0 0 0 0 0 0 3 0 0 0 0 0 0 0 0 0 0 0 0 0 0 0 0 0 0 0 0 0 0 0 0 0 0 0 0
39 : 171 195 184 183 190 181 185 165 174 164 174 190 183 157 80 20 1 0 0 0 0 4 0 0 0 0 0 0 0 0 0 0 0 0 0 0 0 0 0 0 0 0 0 0 0 0 0 0 0 0 0
40 : 172 196 184 184 191 183 186 166 176 166 170 182 183 159 75 25 16 0 0 0 1 1 0 0 0 0 0 0 0 0 0 0 0 0 0 0 0 0 0 0 0 0 0 0 0 0 0 0 0 0 0
41 : 171 195 184 183 190 182 187 166 175 166 168 180 183 152 94 33 1 14 0 0 3 0 0 0 0 0 0 0 0 0 0 0 0 0 0 0 0 0 0 0 0 0 0 0 0 0 0 0 0 0 0
42 : 171 197 186 186 192 184 188 167 177 169 170 180 182 147 98 20 3 6 0 5 0 0 0 0 0 0 0 0 0 0 0 0 0 0 0 0 0 0 0 0 0 0 0 0 0 0 0 0 0 0 0
43 : 172 197 185 185 192 184 189 166 177 169 169 181 175 141 91 23 28 2 10 0 0 0 0 0 0 0 0 0 0 0 0 0 0 0 0 0 0 0 0 0 0 0 0 0 0 0 0 0 0 0 0
44 : 172 195 184 183 191 183 188 165 177 166 168 179 167 142 73 9 26 4 17 0 0 0 0 0 0 0 0 0 0 0 0 0 0 0 0 0 0 0 0 0 0 0 0 0 0 0 0 0 0 0 0
45 : 174 197 184 184 192 185 189 166 180 169 170 178 164 142 70 7 23 13 14 0 0 0 0 0 0 0 0 0 0 0 0 0 0 0 0 0 0 0 0 0 0 0 0 0 0 0 0 0 0 0 0
46 : 173 196 184 183 191 184 188 166 180 170 171 177 160 137 66 10 25 15 7 0 0 0 0 0 0 0 0 0 0 0 0 0 0 0 0 0 0 0 0 0 0 0 0 0 0 0 0 0 0 0 0
47 : 172 195 183 182 190 184 188 166 180 171 170 174 155 134 64 10 22 15 5 0 0 0 0 0 0 0 0 0 0 0 0 0 0 0 0 0 0 0 0 0 0 0 0 0 0 0 0 0 0 0 0
48 : 172 197 185 184 191 185 188 169 182 176 172 175 157 134 54 7 20 13 2 0 0 0 0 0 0 0 0 0 0 0 0 0 0 0 0 0 0 0 0 0 0 0 0 0 0 0 0 0 0 0 0
49 : 173 197 185 184 191 185 188 170 182 177 174 175 159 136 56 14 19 19 0 0 0 0 0 0 0 0 0 0 0 0 0 0 0 0 0 0 0 0 0 0 0 0 0 0 0 0 0 0 0 0 0
50 : 175 197 184 184 190 185 189 172 181 178 174 175 160 133 52 15 13 16 0 0 0 0 0 0 0 0 0 0 0 0 0 0 0 0 0 0 0 0 0 0 0 0 0 0 0 0 0 0 0 0 0
51 : 176 198 185 185 190 186 190 174 182 178 175 172 159 129 45 10 8 12 0 0 0 0 0 0 0 0 0 0 0 0 0 0 0 0 0 0 0 0 0 0 0 0 0 0 0 0 0 0 0 0 0
52 : 177 199 185 186 190 188 191 176 182 178 176 172 158 125 38 13 11 9 0 0 0 0 0 0 0 0 0 0 0 0 0 0 0 0 0 0 0 0 0 0 0 0 0 0 0 0 0 0 0 0 0
53 : 177 199 185 186 190 187 191 176 182 176 178 173 158 122 41 8 18 3 0 0 0 0 0 0 0 0 0 0 0 0 0 0 0 0 0 0 0 0 0 0 0 0 0 0 0 0 0 0 0 0 0
54 : 177 200 186 186 189 188 192 176 182 176 177 173 157 118 52 6 20 0 0 0 0 0 0 0 0 0 0 0 0 0 0 0 0 0 0 0 0 0 0 0 0 0 0 0 0 0 0 0 0 0 0
55 : 176 199 185 186 189 188 191 176 181 176 177 173 158 115 56 8 11 0 0 0 0 0 0 0 0 0 0 0 0 0 0 0 0 0 0 0 0 0 0 0 0 0 0 0 0 0 0 0 0 0 0
56 : 179 200 186 186 190 189 192 176 182 177 179 172 157 115 48 8 1 0 0 0 0 0 0 0 0 0 0 0 0 0 0 0 0 0 0 0 0 0 0 0 0 0 0 0 0 0 0 0 0 0 0
57 : 181 198 185 186 190 188 192 175 181 177 180 170 154 122 46 13 0 0 0 0 0 0 0 0 0 0 0 0 0 0 0 0 0 0 0 0 0 0 0 0 0 0 0 0 0 0 0 0 0 0 0
58 : 184 200 186 187 191 189 192 177 182 177 183 170 155 114 49 6 0 0 0 0 0 0 0 0 0 0 0 0 0 0 0 0 0 0 0 0 0 0 0 0 0 0 0 0 0 0 0 0 0 0 0
59 : 186 199 186 188 191 189 192 177 182 178 183 169 156 108 48 1 0 0 0 0 0 0 0 0 0 0 0 0 0 0 0 0 0 0 0 0 0 0 0 0 0 0 0 0 0 0 0 0 0 0 0
60 : 185 198 186 188 190 189 191 178 182 177 181 167 156 107 51 0 0 0 0 0 0 0 0 0 0 0 0 0 0 0 0 0 0 0 0 0 0 0 0 0 0 0 0 0 0 0 0 0 0 0 0
61 : 185 199 186 189 191 190 192 179 183 178 180 167 155 106 56 0 0 0 0 0 0 0 0 0 0 0 0 0 0 0 0 0 0 0 0 0 0 0 0 0 0 0 0 0 0 0 0 0 0 0 0
62 : 185 199 187 190 191 190 192 180 183 178 179 166 156 109 49 0 0 0 0 0 0 0 0 0 0 0 0 0 0 0 0 0 0 0 0 0 0 0 0 0 0 0 0 0 0 0 0 0 0 0 0
63 : 186 198 187 191 191 190 193 181 183 177 179 166 157 112 44 0 0 0 0 0 0 0 0 0 0 0 0 0 0 0 0 0 0 0 0 0 0 0 0 0 0 0 0 0 0 0 0 0 0 0 0
64 : 186 198 186 190 190 190 192 181 184 177 179 166 158 112 41 0 0 0 0 0 0 0 0 0 0 0 0 0 0 0 0 0 0 0 0 0 0 0 0 0 0 0 0 0 0 0 0 0 0 0 0
65 : 188 198 188 192 192 191 193 183 186 179 180 169 160 113 38 0 0 0 0 0 0 0 0 0 0 0 0 0 0 0 0 0 0 0 0 0 0 0 0 0 0 0 0 0 0 0 0 0 0 0 0
66 : 186 198 187 190 190 190 193 181 186 179 179 171 156 112 37 0 0 0 0 0 0 0 0 0 0 0 0 0 0 0 0 0 0 0 0 0 0 0 0 0 0 0 0 0 0 0 0 0 0 0 0
67 : 185 198 187 191 191 190 193 181 186 179 180 172 156 106 36 0 0 0 0 0 0 0 0 0 0 0 0 0 0 0 0 0 0 0 0 0 0 0 0 0 0 0 0 0 0 0 0 0 0 0 0
68 : 184 198 187 191 191 189 191 181 186 179 179 170 158 99 35 0 0 0 0 0 0 0 0 0 0 0 0 0 0 0 0 0 0 0 0 0 0 0 0 0 0 0 0 0 0 0 0 0 0 0 0
69 : 185 198 187 191 190 189 192 181 186 179 179 170 163 91 34 0 0 0 0 0 0 0 0 0 0 0 0 0 0 0 0 0 0 0 0 0 0 0 0 0 0 0 0 0 0 0 0 0 0 0 0
70 : 184 197 186 190 190 189 191 181 187 179 179 170 165 91 32 0 0 0 0 0 0 0 0 0 0 0 0 0 0 0 0 0 0 0 0 0 0 0 0 0 0 0 0 0 0 0 0 0 0 0 0
71 : 187 200 188 192 192 191 192 182 190 181 181 172 167 92 32 0 0 0 0 0 0 0 0 0 0 0 0 0 0 0 0 0 0 0 0 0 0 0 0 0 0 0 0 0 0 0 0 0 0 0 0
72 : 186 198 187 191 191 190 192 181 187 181 180 170 166 89 31 0 0 0 0 0 0 0 0 0 0 0 0 0 0 0 0 0 0 0 0 0 0 0 0 0 0 0 0 0 0 0 0 0 0 0 0
73 : 184 197 185 190 189 188 189 179 185 179 178 169 164 90 31 0 0 0 0 0 0 0 0 0 0 0 0 0 0 0 0 0 0 0 0 0 0 0 0 0 0 0 0 0 0 0 0 0 0 0 0
74 : 183 197 186 191 191 190 191 180 186 182 179 170 165 90 31 0 0 0 0 0 0 0 0 0 0 0 0 0 0 0 0 0 0 0 0 0 0 0 0 0 0 0 0 0 0 0 0 0 0 0 0
75 : 182 198 184 191 190 189 191 179 186 180 180 169 165 89 31 0 0 0 0 0 0 0 0 0 0 0 0 0 0 0 0 0 0 0 0 0 0 0 0 0 0 0 0 0 0 0 0 0 0 0 0
76 : 184 198 185 191 191 189 191 180 186 180 182 171 166 90 32 0 0 0 0 0 0 0 0 0 0 0 0 0 0 0 0 0 0 0 0 0 0 0 0 0 0 0 0 0 0 0 0 0 0 0 0
77 : 183 197 184 191 190 189 191 179 185 178 179 169 165 89 31 0 0 0 0 0 0 0 0 0 0 0 0 0 0 0 0 0 0 0 0 0 0 0 0 0 0 0 0 0 0 0 0 0 0 0 0
78 : 185 198 184 193 192 190 191 180 186 177 181 170 165 89 31 0 0 0 0 0 0 0 0 0 0 0 0 0 0 0 0 0 0 0 0 0 0 0 0 0 0 0 0 0 0 0 0 0 0 0 0
79 : 184 197 184 191 192 190 191 180 186 177 179 170 165 89 31 0 0 0 0 0 0 0 0 0 0 0 0 0 0 0 0 0 0 0 0 0 0 0 0 0 0 0 0 0 0 0 0 0 0 0 0
80 : 184 199 184 191 196 192 192 180 187 177 179 170 166 89 31 0 0 0 0 0 0 0 0 0 0 0 0 0 0 0 0 0 0 0 0 0 0 0 0 0 0 0 0 0 0 0 0 0 0 0 0
81 : 182 198 184 189 194 193 192 180 186 177 179 170 165 89 31 0 0 0 0 0 0 0 0 0 0 0 0 0 0 0 0 0 0 0 0 0 0 0 0 0 0 0 0 0 0 0 0 0 0 0 0
82 : 181 196 183 188 191 192 191 179 185 177 178 169 164 89 31 0 0 0 0 0 0 0 0 0 0 0 0 0 0 0 0 0 0 0 0 0 0 0 0 0 0 0 0 0 0 0 0 0 0 0 0
83 : 182 196 183 187 189 191 192 180 185 176 177 168 164 89 31 0 0 0 0 0 0 0 0 0 0 0 0 0 0 0 0 0 0 0 0 0 0 0 0 0 0 0 0 0 0 0 0 0 0 0 0
84 : 184 198 183 189 192 194 194 182 187 177 179 170 165 89 31 0 0 0 0 0 0 0 0 0 0 0 0 0 0 0 0 0 0 0 0 0 0 0 0 0 0 0 0 0 0 0 0 0 0 0 0
85 : 184 197 183 188 190 193 193 181 186 177 178 170 165 89 31 0 0 0 0 0 0 0 0 0 0 0 0 0 0 0 0 0 0 0 0 0 0 0 0 0 0 0 0 0 0 0 0 0 0 0 0
86 : 184 198 184 189 190 191 194 182 187 178 179 170 166 89 31 0 0 0 0 0 0 0 0 0 0 0 0 0 0 0 0 0 0 0 0 0 0 0 0 0 0 0 0 0 0 0 0 0 0 0 0
87 : 183 198 184 189 190 191 194 182 189 178 179 170 166 89 31 0 0 0 0 0 0 0 0 0 0 0 0 0 0 0 0 0 0 0 0 0 0 0 0 0 0 0 0 0 0 0 0 0 0 0 0
88 : 183 199 185 189 191 192 197 183 190 179 180 171 167 90 32 0 0 0 0 0 0 0 0 0 0 0 0 0 0 0 0 0 0 0 0 0 0 0 0 0 0 0 0 0 0 0 0 0 0 0 0
89 : 182 197 183 188 189 190 195 183 188 179 178 169 165 89 31 0 0 0 0 0 0 0 0 0 0 0 0 0 0 0 0 0 0 0 0 0 0 0 0 0 0 0 0 0 0 0 0 0 0 0 0
90 : 183 197 183 187 188 189 193 184 188 179 178 169 164 89 31 0 0 0 0 0 0 0 0 0 0 0 0 0 0 0 0 0 0 0 0 0 0 0 0 0 0 0 0 0 0 0 0 0 0 0 0
91 : 184 197 184 188 189 190 192 186 189 181 179 170 165 89 31 0 0 0 0 0 0 0 0 0 0 0 0 0 0 0 0 0 0 0 0 0 0 0 0 0 0 0 0 0 0 0 0 0 0 0 0
92 : 185 198 184 188 189 190 192 186 190 181 181 170 165 88 31 0 0 0 0 0 0 0 0 0 0 0 0 0 0 0 0 0 0 0 0 0 0 0 0 0 0 0 0 0 0 0 0 0 0 0 0
93 : 184 198 183 188 189 189 191 185 190 179 182 170 165 88 31 0 0 0 0 0 0 0 0 0 0 0 0 0 0 0 0 0 0 0 0 0 0 0 0 0 0 0 0 0 0 0 0 0 0 0 0
94 : 183 197 183 188 189 189 193 184 191 179 183 171 165 89 31 0 0 0 0 0 0 0 0 0 0 0 0 0 0 0 0 0 0 0 0 0 0 0 0 0 0 0 0 0 0 0 0 0 0 0 0
95 : 182 198 182 187 188 189 193 184 189 178 181 171 164 88 31 0 0 0 0 0 0 0 0 0 0 0 0 0 0 0 0 0 0 0 0 0 0 0 0 0 0 0 0 0 0 0 0 0 0 0 0
96 : 183 197 184 188 189 189 194 184 189 178 182 178 166 89 31 0 0 0 0 0 0 0 0 0 0 0 0 0 0 0 0 0 0 0 0 0 0 0 0 0 0 0 0 0 0 0 0 0 0 0 0
97 : 185 198 184 188 189 191 194 184 189 179 181 179 168 89 31 0 0 0 0 0 0 0 0 0 0 0 0 0 0 0 0 0 0 0 0 0 0 0 0 0 0 0 0 0 0 0 0 0 0 0 0
98 : 185 198 184 188 190 190 194 183 188 181 180 175 169 89 31 0 0 0 0 0 0 0 0 0 0 0 0 0 0 0 0 0 0 0 0 0 0 0 0 0 0 0 0 0 0 0 0 0 0 0 0
99 : 186 197 184 188 189 190 193 182 188 180 180 173 172 89 31 0 0 0 0 0 0 0 0 0 0 0 0 0 0 0 0 0 0 0 0 0 0 0 0 0 0 0 0 0 0 0 0 0 0 0 0
100 : 184 197 182 187 188 189 192 182 188 181 180 177 172 89 31 0 0 0 0 0 0 0 0 0 0 0 0 0 0 0 0 0 0 0 0 0 0 0 0 0 0 0 0 0 0 0 0 0 0 0 0
101 : 185 198 184 189 190 191 194 184 188 181 182 176 173 90 32 0 0 0 0 0 0 0 0 0 0 0 0 0 0 0 0 0 0 0 0 0 0 0 0 0 0 0 0 0 0 0 0 0 0 0 0
1 : 200 195 183 189 189 189 192 183 187 178 178 172 168 78 23 0 0 0 0 0 0 0 0 0 0 0 0 0 0 0 0 0 0 0 0 0 0 0 0 0 0 0 0 0 0 0 0 0 0 0 0
2 : 200 195 182 188 188 188 192 183 187 176 178 170 167 79 24 0 0 0 0 0 0 0 0 0 0 0 0 0 0 0 0 0 0 0 0 0 0 0 0 0 0 0 0 0 0 0 0 0 0 0 0
3 : 203 197 185 191 190 191 194 185 189 176 182 173 168 80 24 0 0 0 0 0 0 0 0 0 0 0 0 0 0 0 0 0 0 0 0 0 0 0 0 0 0 0 0 0 0 0 0 0 0 0 0
4 : 202 195 183 189 189 189 192 184 187 174 181 171 166 80 23 0 0 0 0 0 0 0 0 0 0 0 0 0 0 0 0 0 0 0 0 0 0 0 0 0 0 0 0 0 0 0 0 0 0 0 0
5 : 203 196 183 190 190 191 193 185 189 175 181 172 168 80 23 0 0 0 0 0 0 0 0 0 0 0 0 0 0 0 0 0 0 0 0 0 0 0 0 0 0 0 0 0 0 0 0 0 0 0 0
6 : 203 197 184 191 190 190 194 185 189 174 180 172 169 80 23 0 0 0 0 0 0 0 0 0 0 0 0 0 0 0 0 0 0 0 0 0 0 0 0 0 0 0 0 0 0 0 0 0 0 0 0
7 : 202 196 183 190 189 189 193 185 188 174 179 171 168 79 23 0 0 0 0 0 0 0 0 0 0 0 0 0 0 0 0 0 0 0 0 0 0 0 0 0 0 0 0 0 0 0 0 0 0 0 0
8 : 201 196 183 189 189 189 192 184 187 174 178 171 168 80 23 0 0 0 0 0 0 0 0 0 0 0 0 0 0 0 0 0 0 0 0 0 0 0 0 0 0 0 0 0 0 0 0 0 0 0 0
9 : 202 195 183 189 189 189 192 183 187 173 178 171 168 80 23 0 0 0 0 0 0 0 0 0 0 0 0 0 0 0 0 0 0 0 0 0 0 0 0 0 0 0 0 0 0 0 0 0 0 0 0
10 : 203 197 184 191 190 190 193 185 189 174 179 172 169 80 23 0 0 0 0 0 0 0 0 0 0 0 0 0 0 0 0 0 0 0 0 0 0 0 0 0 0 0 0 0 0 0 0 0 0 0 0
11 : 202 195 183 190 189 189 193 184 187 174 177 171 168 80 23 0 0 0 0 0 0 0 0 0 0 0 0 0 0 0 0 0 0 0 0 0 0 0 0 0 0 0 0 0 0 0 0 0 0 0 0
12 : 204 197 185 191 191 191 194 186 189 175 180 172 170 80 23 0 0 0 0 0 0 0 0 0 0 0 0 0 0 0 0 0 0 0 0 0 0 0 0 0 0 0 0 0 0 0 0 0 0 0 0
13 : 203 197 184 191 190 190 193 184 189 174 179 172 169 81 23 0 0 0 0 0 0 0 0 0 0 0 0 0 0 0 0 0 0 0 0 0 0 0 0 0 0 0 0 0 0 0 0 0 0 0 0
14 : 201 195 183 189 189 189 192 183 187 173 178 171 167 80 23 0 0 0 0 0 0 0 0 0 0 0 0 0 0 0 0 0 0 0 0 0 0 0 0 0 0 0 0 0 0 0 0 0 0 0 0
15 : 202 196 184 190 190 190 193 184 188 174 178 171 169 81 23 0 0 0 0 0 0 0 0 0 0 0 0 0 0 0 0 0 0 0 0 0 0 0 0 0 0 0 0 0 0 0 0 0 0 0 0
16 : 203 197 185 191 190 190 194 185 189 175 180 172 169 80 24 0 0 0 0 0 0 0 0 0 0 0 0 0 0 0 0 0 0 0 0 0 0 0 0 0 0 0 0 0 0 0 0 0 0 0 0
17 : 204 197 185 191 190 191 194 186 189 175 179 172 170 81 23 0 0 0 0 0 0 0 0 0 0 0 0 0 0 0 0 0 0 0 0 0 0 0 0 0 0 0 0 0 0 0 0 0 0 0 0
18 : 202 195 183 189 189 189 193 183 187 173 178 171 168 80 23 0 0 0 0 0 0 0 0 0 0 0 0 0 0 0 0 0 0 0 0 0 0 0 0 0 0 0 0 0 0 0 0 0 0 0 0
19 : 203 197 184 191 191 190 193 185 189 175 179 172 169 81 23 0 0 0 0 0 0 0 0 0 0 0 0 0 0 0 0 0 0 0 0 0 0 0 0 0 0 0 0 0 0 0 0 0 0 0 0
20 : 202 196 184 190 190 190 193 184 188 174 178 171 168 80 23 0 0 0 0 0 0 0 0 0 0 0 0 0 0 0 0 0 0 0 0 0 0 0 0 0 0 0 0 0 0 0 0 0 0 0 0
21 : 201 196 183 189 189 189 193 184 188 174 178 171 168 80 24 0 0 0 0 0 0 0 0 0 0 0 0 0 0 0 0 0 0 0 0 0 0 0 0 0 0 0 0 0 0 0 0 0 0 0 0
22 : 200 195 182 188 188 188 191 183 187 173 177 170 167 79 23 0 0 0 0 0 0 0 0 0 0 0 0 0 0 0 0 0 0 0 0 0 0 0 0 0 0 0 0 0 0 0 0 0 0 0 0
23 : 203 197 184 191 190 190 194 185 189 175 179 171 169 81 24 0 0 0 0 0 0 0 0 0 0 0 0 0 0 0 0 0 0 0 0 0 0 0 0 0 0 0 0 0 0 0 0 0 0 0 0
24 : 201 196 183 189 188 189 193 183 188 173 178 171 168 80 23 0 0 0 0 0 0 0 0 0 0 0 0 0 0 0 0 0 0 0 0 0 0 0 0 0 0 0 0 0 0 0 0 0 0 0 0
25 : 202 196 184 190 190 190 193 184 188 174 179 171 168 80 23 0 0 0 0 0 0 0 0 0 0 0 0 0 0 0 0 0 0 0 0 0 0 0 0 0 0 0 0 0 0 0 0 0 0 0 0
26 : 201 195 183 189 189 189 192 183 187 173 177 171 168 80 24 0 0 0 0 0 0 0 0 0 0 0 0 0 0 0 0 0 0 0 0 0 0 0 0 0 0 0 0 0 0 0 0 0 0 0 0
27 : 201 197 183 189 189 190 193 184 188 174 178 170 168 80 24 0 0 0 0 0 0 0 0 0 0 0 0 0 0 0 0 0 0 0 0 0 0 0 0 0 0 0 0 0 0 0 0 0 0 0 0
28 : 202 197 184 190 190 190 194 184 189 175 179 171 169 81 24 0 0 0 0 0 0 0 0 0 0 0 0 0 0 0 0 0 0 0 0 0 0 0 0 0 0 0 0 0 0 0 0 0 0 0 0
29 : 202 197 184 190 190 190 194 185 189 175 179 172 169 81 24 0 0 0 0 0 0 0 0 0 0 0 0 0 0 0 0 0 0 0 0 0 0 0 0 0 0 0 0 0 0 0 0 0 0 0 0
30 : 202 196 184 189 190 190 193 185 188 175 179 172 170 81 24 0 0 0 0 0 0 0 0 0 0 0 0 0 0 0 0 0 0 0 0 0 0 0 0 0 0 0 0 0 0 0 0 0 0 0 0
31 : 201 196 183 189 189 189 192 184 187 173 178 171 168 81 24 0 0 0 0 0 0 0 0 0 0 0 0 0 0 0 0 0 0 0 0 0 0 0 0 0 0 0 0 0 0 0 0 0 0 0 0
32 : 202 196 183 189 190 189 193 183 188 174 178 171 168 80 24 0 0 0 0 0 0 0 0 0 0 0 0 0 0 0 0 0 0 0 0 0 0 0 0 0 0 0 0 0 0 0 0 0 0 0 0
33 : 201 196 183 189 189 189 193 184 188 173 178 170 167 80 24 0 0 0 0 0 0 0 0 0 0 0 0 0 0 0 0 0 0 0 0 0 0 0 0 0 0 0 0 0 0 0 0 0 0 0 0
34 : 201 196 183 189 189 189 192 183 187 173 178 170 168 80 24 0 0 0 0 0 0 0 0 0 0 0 0 0 0 0 0 0 0 0 0 0 0 0 0 0 0 0 0 0 0 0 0 0 0 0 0
35 : 200 195 183 188 188 189 192 183 187 173 177 170 168 80 23 0 0 0 0 0 0 0 0 0 0 0 0 0 0 0 0 0 0 0 0 0 0 0 0 0 0 0 0 0 0 0 0 0 0 0 0
36 : 201 196 183 189 189 189 193 184 188 173 177 170 168 80 24 0 0 0 0 0 0 0 0 0 0 0 0 0 0 0 0 0 0 0 0 0 0 0 0 0 0 0 0 0 0 0 0 0 0 0 0
37 : 203 197 185 191 191 191 194 186 189 175 179 172 169 81 24 0 0 0 0 0 0 0 0 0 0 0 0 0 0 0 0 0 0 0 0 0 0 0 0 0 0 0 0 0 0 0 0 0 0 0 0
38 : 201 195 183 190 189 189 193 184 188 173 178 170 168 80 23 0 0 0 0 0 0 0 0 0 0 0 0 0 0 0 0 0 0 0 0 0 0 0 0 0 0 0 0 0 0 0 0 0 0 0 0
39 : 202 197 184 190 190 190 194 184 189 174 179 172 169 80 23 0 0 0 0 0 0 0 0 0 0 0 0 0 0 0 0 0 0 0 0 0 0 0 0 0 0 0 0 0 0 0 0 0 0 0 0
40 : 200 195 182 188 189 188 192 183 187 173 177 170 168 80 24 0 0 0 0 0 0 0 0 0 0 0 0 0 0 0 0 0 0 0 0 0 0 0 0 0 0 0 0 0 0 0 0 0 0 0 0
41 : 201 195 183 189 189 189 193 184 187 173 178 171 168 80 24 0 0 0 0 0 0 0 0 0 0 0 0 0 0 0 0 0 0 0 0 0 0 0 0 0 0 0 0 0 0 0 0 0 0 0 0
42 : 203 198 185 191 191 190 194 185 190 175 180 172 170 81 24 0 0 0 0 0 0 0 0 0 0 0 0 0 0 0 0 0 0 0 0 0 0 0 0 0 0 0 0 0 0 0 0 0 0 0 0
43 : 202 196 183 190 189 189 192 183 188 174 178 171 168 81 24 0 0 0 0 0 0 0 0 0 0 0 0 0 0 0 0 0 0 0 0 0 0 0 0 0 0 0 0 0 0 0 0 0 0 0 0
44 : 203 197 184 191 191 190 194 185 189 175 179 172 169 81 24 0 0 0 0 0 0 0 0 0 0 0 0 0 0 0 0 0 0 0 0 0 0 0 0 0 0 0 0 0 0 0 0 0 0 0 0
45 : 203 197 184 190 190 190 193 185 188 174 178 172 169 81 24 0 0 0 0 0 0 0 0 0 0 0 0 0 0 0 0 0 0 0 0 0 0 0 0 0 0 0 0 0 0 0 0 0 0 0 0
46 : 203 197 184 191 191 191 194 185 189 176 180 172 169 81 23 0 0 0 0 0 0 0 0 0 0 0 0 0 0 0 0 0 0 0 0 0 0 0 0 0 0 0 0 0 0 0 0 0 0 0 0
47 : 202 195 184 189 189 190 192 184 188 173 178 171 168 80 23 0 0 0 0 0 0 0 0 0 0 0 0 0 0 0 0 0 0 0 0 0 0 0 0 0 0 0 0 0 0 0 0 0 0 0 0
48 : 203 197 185 190 190 190 193 185 189 174 179 172 169 80 24 0 0 0 0 0 0 0 0 0 0 0 0 0 0 0 0 0 0 0 0 0 0 0 0 0 0 0 0 0 0 0 0 0 0 0 0
49 : 203 197 184 190 190 190 194 185 189 174 179 172 169 80 23 0 0 0 0 0 0 0 0 0 0 0 0 0 0 0 0 0 0 0 0 0 0 0 0 0 0 0 0 0 0 0 0 0 0 0 0
50 : 203 196 184 190 190 190 193 185 189 174 178 171 168 80 23 0 0 0 0 0 0 0 0 0 0 0 0 0 0 0 0 0 0 0 0 0 0 0 0 0 0 0 0 0 0 0 0 0 0 0 0
51 : 204 197 185 191 191 190 194 185 189 175 180 172 170 80 23 0 0 0 0 0 0 0 0 0 0 0 0 0 0 0 0 0 0 0 0 0 0 0 0 0 0 0 0 0 0 0 0 0 0 0 0
52 : 202 196 184 190 190 189 192 184 188 173 178 171 168 79 23 0 0 0 0 0 0 0 0 0 0 0 0 0 0 0 0 0 0 0 0 0 0 0 0 0 0 0 0 0 0 0 0 0 0 0 0
53 : 203 197 185 191 191 190 193 184 189 175 179 172 169 80 23 0 0 0 0 0 0 0 0 0 0 0 0 0 0 0 0 0 0 0 0 0 0 0 0 0 0 0 0 0 0 0 0 0 0 0 0
54 : 201 195 182 189 189 189 193 183 187 173 177 171 167 79 23 0 0 0 0 0 0 0 0 0 0 0 0 0 0 0 0 0 0 0 0 0 0 0 0 0 0 0 0 0 0 0 0 0 0 0 0
55 : 202 197 184 190 189 189 193 185 188 174 178 172 168 80 23 0 0 0 0 0 0 0 0 0 0 0 0 0 0 0 0 0 0 0 0 0 0 0 0 0 0 0 0 0 0 0 0 0 0 0 0
56 : 202 196 183 190 189 189 193 184 188 174 178 171 168 80 23 0 0 0 0 0 0 0 0 0 0 0 0 0 0 0 0 0 0 0 0 0 0 0 0 0 0 0 0 0 0 0 0 0 0 0 0
57 : 202 196 183 190 190 190 193 184 188 174 179 171 169 81 24 0 0 0 0 0 0 0 0 0 0 0 0 0 0 0 0 0 0 0 0 0 0 0 0 0 0 0 0 0 0 0 0 0 0 0 0
58 : 203 197 184 191 191 190 194 184 189 175 179 172 169 81 23 0 0 0 0 0 0 0 0 0 0 0 0 0 0 0 0 0 0 0 0 0 0 0 0 0 0 0 0 0 0 0 0 0 0 0 0
59 : 201 195 183 189 189 189 192 184 187 173 178 170 168 80 23 0 0 0 0 0 0 0 0 0 0 0 0 0 0 0 0 0 0 0 0 0 0 0 0 0 0 0 0 0 0 0 0 0 0 0 0
60 : 202 197 184 190 190 190 193 184 189 174 179 172 169 80 23 0 0 0 0 0 0 0 0 0 0 0 0 0 0 0 0 0 0 0 0 0 0 0 0 0 0 0 0 0 0 0 0 0 0 0 0
61 : 201 196 183 189 189 189 192 183 188 173 178 171 168 80 24 0 0 0 0 0 0 0 0 0 0 0 0 0 0 0 0 0 0 0 0 0 0 0 0 0 0 0 0 0 0 0 0 0 0 0 0
62 : 202 196 183 189 190 189 193 184 188 174 178 171 169 80 24 0 0 0 0 0 0 0 0 0 0 0 0 0 0 0 0 0 0 0 0 0 0 0 0 0 0 0 0 0 0 0 0 0 0 0 0
63 : 203 197 185 191 190 191 193 184 189 175 178 172 170 81 23 0 0 0 0 0 0 0 0 0 0 0 0 0 0 0 0 0 0 0 0 0 0 0 0 0 0 0 0 0 0 0 0 0 0 0 0
64 : 203 197 184 190 190 190 194 185 189 174 179 171 169 81 23 0 0 0 0 0 0 0 0 0 0 0 0 0 0 0 0 0 0 0 0 0 0 0 0 0 0 0 0 0 0 0 0 0 0 0 0
65 : 203 196 184 190 190 190 193 184 188 174 178 171 168 80 23 0 0 0 0 0 0 0 0 0 0 0 0 0 0 0 0 0 0 0 0 0 0 0 0 0 0 0 0 0 0 0 0 0 0 0 0
66 : 201 195 183 189 189 189 193 183 188 174 178 171 168 80 23 0 0 0 0 0 0 0 0 0 0 0 0 0 0 0 0 0 0 0 0 0 0 0 0 0 0 0 0 0 0 0 0 0 0 0 0
67 : 201 196 184 189 189 189 193 184 188 174 178 171 168 80 23 0 0 0 0 0 0 0 0 0 0 0 0 0 0 0 0 0 0 0 0 0 0 0 0 0 0 0 0 0 0 0 0 0 0 0 0
68 : 201 196 183 189 189 189 192 183 188 173 178 170 168 80 24 0 0 0 0 0 0 0 0 0 0 0 0 0 0 0 0 0 0 0 0 0 0 0 0 0 0 0 0 0 0 0 0 0 0 0 0
69 : 201 195 183 189 189 189 192 183 187 174 178 171 167 80 24 0 0 0 0 0 0 0 0 0 0 0 0 0 0 0 0 0 0 0 0 0 0 0 0 0 0 0 0 0 0 0 0 0 0 0 0
70 : 200 195 183 189 189 189 191 183 187 173 177 170 167 80 24 0 0 0 0 0 0 0 0 0 0 0 0 0 0 0 0 0 0 0 0 0 0 0 0 0 0 0 0 0 0 0 0 0 0 0 0
71 : 203 197 184 191 190 190 194 185 189 175 179 172 169 81 24 0 0 0 0 0 0 0 0 0 0 0 0 0 0 0 0 0 0 0 0 0 0 0 0 0 0 0 0 0 0 0 0 0 0 0 0
72 : 202 196 184 190 190 189 193 184 188 174 178 171 169 80 24 0 0 0 0 0 0 0 0 0 0 0 0 0 0 0 0 0 0 0 0 0 0 0 0 0 0 0 0 0 0 0 0 0 0 0 0
73 : 202 197 184 190 191 190 194 185 189 175 179 172 169 81 24 0 0 0 0 0 0 0 0 0 0 0 0 0 0 0 0 0 0 0 0 0 0 0 0 0 0 0 0 0 0 0 0 0 0 0 0
74 : 202 197 184 190 190 190 194 185 189 175 179 172 169 81 24 0 0 0 0 0 0 0 0 0 0 0 0 0 0 0 0 0 0 0 0 0 0 0 0 0 0 0 0 0 0 0 0 0 0 0 0
75 : 201 196 184 190 190 190 193 184 188 174 178 171 168 80 24 0 0 0 0 0 0 0 0 0 0 0 0 0 0 0 0 0 0 0 0 0 0 0 0 0 0 0 0 0 0 0 0 0 0 0 0
76 : 202 196 183 189 189 189 193 184 187 173 178 170 168 80 24 0 0 0 0 0 0 0 0 0 0 0 0 0 0 0 0 0 0 0 0 0 0 0 0 0 0 0 0 0 0 0 0 0 0 0 0
77 : 202 195 183 189 190 190 193 185 188 173 178 171 168 80 23 0 0 0 0 0 0 0 0 0 0 0 0 0 0 0 0 0 0 0 0 0 0 0 0 0 0 0 0 0 0 0 0 0 0 0 0
78 : 201 195 183 189 189 188 192 183 187 173 177 170 168 80 23 0 0 0 0 0 0 0 0 0 0 0 0 0 0 0 0 0 0 0 0 0 0 0 0 0 0 0 0 0 0 0 0 0 0 0 0
79 : 201 195 183 188 189 189 192 183 187 173 178 170 168 80 23 0 0 0 0 0 0 0 0 0 0 0 0 0 0 0 0 0 0 0 0 0 0 0 0 0 0 0 0 0 0 0 0 0 0 0 0
80 : 202 197 184 190 190 189 193 184 189 174 178 170 168 80 23 0 0 0 0 0 0 0 0 0 0 0 0 0 0 0 0 0 0 0 0 0 0 0 0 0 0 0 0 0 0 0 0 0 0 0 0
81 : 201 195 183 189 189 189 192 183 188 173 178 171 168 80 23 0 0 0 0 0 0 0 0 0 0 0 0 0 0 0 0 0 0 0 0 0 0 0 0 0 0 0 0 0 0 0 0 0 0 0 0
82 : 201 196 183 189 190 189 193 183 188 174 178 171 168 80 24 0 0 0 0 0 0 0 0 0 0 0 0 0 0 0 0 0 0 0 0 0 0 0 0 0 0 0 0 0 0 0 0 0 0 0 0
83 : 203 197 185 191 190 190 194 185 189 175 179 172 169 81 24 0 0 0 0 0 0 0 0 0 0 0 0 0 0 0 0 0 0 0 0 0 0 0 0 0 0 0 0 0 0 0 0 0 0 0 0
84 : 203 197 184 191 191 190 194 185 189 175 180 172 169 81 23 0 0 0 0 0 0 0 0 0 0 0 0 0 0 0 0 0 0 0 0 0 0 0 0 0 0 0 0 0 0 0 0 0 0 0 0
85 : 202 196 184 189 190 190 193 184 188 174 179 171 169 80 23 0 0 0 0 0 0 0 0 0 0 0 0 0 0 0 0 0 0 0 0 0 0 0 0 0 0 0 0 0 0 0 0 0 0 0 0
86 : 203 197 185 190 191 190 194 185 189 175 179 172 169 81 23 0 0 0 0 0 0 0 0 0 0 0 0 0 0 0 0 0 0 0 0 0 0 0 0 0 0 0 0 0 0 0 0 0 0 0 0
87 : 202 196 183 189 189 189 193 184 188 174 178 171 169 80 23 0 0 0 0 0 0 0 0 0 0 0 0 0 0 0 0 0 0 0 0 0 0 0 0 0 0 0 0 0 0 0 0 0 0 0 0
88 : 202 197 184 191 190 190 194 185 188 175 179 172 169 81 24 0 0 0 0 0 0 0 0 0 0 0 0 0 0 0 0 0 0 0 0 0 0 0 0 0 0 0 0 0 0 0 0 0 0 0 0
89 : 202 195 183 189 189 189 193 184 188 173 177 171 168 80 24 0 0 0 0 0 0 0 0 0 0 0 0 0 0 0 0 0 0 0 0 0 0 0 0 0 0 0 0 0 0 0 0 0 0 0 0
90 : 202 197 184 190 190 190 193 185 188 174 179 171 169 80 24 0 0 0 0 0 0 0 0 0 0 0 0 0 0 0 0 0 0 0 0 0 0 0 0 0 0 0 0 0 0 0 0 0 0 0 0
91 : 203 197 185 191 191 190 193 185 189 175 179 172 170 81 23 0 0 0 0 0 0 0 0 0 0 0 0 0 0 0 0 0 0 0 0 0 0 0 0 0 0 0 0 0 0 0 0 0 0 0 0
92 : 204 197 185 191 191 191 194 185 189 175 179 172 169 80 23 0 0 0 0 0 0 0 0 0 0 0 0 0 0 0 0 0 0 0 0 0 0 0 0 0 0 0 0 0 0 0 0 0 0 0 0
93 : 203 197 184 191 191 191 194 185 189 175 179 171 169 80 23 0 0 0 0 0 0 0 0 0 0 0 0 0 0 0 0 0 0 0 0 0 0 0 0 0 0 0 0 0 0 0 0 0 0 0 0
94 : 202 196 184 190 190 190 193 185 188 174 179 172 169 81 23 0 0 0 0 0 0 0 0 0 0 0 0 0 0 0 0 0 0 0 0 0 0 0 0 0 0 0 0 0 0 0 0 0 0 0 0
95 : 203 196 184 190 190 190 193 184 188 174 179 171 169 81 23 0 0 0 0 0 0 0 0 0 0 0 0 0 0 0 0 0 0 0 0 0 0 0 0 0 0 0 0 0 0 0 0 0 0 0 0
96 : 202 196 183 189 189 189 193 184 188 174 178 171 168 80 23 0 0 0 0 0 0 0 0 0 0 0 0 0 0 0 0 0 0 0 0 0 0 0 0 0 0 0 0 0 0 0 0 0 0 0 0
97 : 203 198 185 191 191 191 194 185 189 175 180 172 169 80 23 0 0 0 0 0 0 0 0 0 0 0 0 0 0 0 0 0 0 0 0 0 0 0 0 0 0 0 0 0 0 0 0 0 0 0 0
98 : 203 197 184 191 191 190 193 185 188 174 179 172 169 80 23 0 0 0 0 0 0 0 0 0 0 0 0 0 0 0 0 0 0 0 0 0 0 0 0 0 0 0 0 0 0 0 0 0 0 0 0
99 : 203 197 184 190 191 190 194 185 188 175 179 172 169 80 23 0 0 0 0 0 0 0 0 0 0 0 0 0 0 0 0 0 0 0 0 0 0 0 0 0 0 0 0 0 0 0 0 0 0 0 0
100 : 202 197 184 190 189 189 193 185 188 174 179 172 169 80 23 0 0 0 0 0 0 0 0 0 0 0 0 0 0 0 0 0 0 0 0 0 0 0 0 0 0 0 0 0 0 0 0 0 0 0 0
101 : 202 196 184 190 190 190 194 185 188 175 179 173 169 82 25 0 0 0 0 0 0 0 0 0 0 0 0 0 0 0 0 0 0 0 0 0 0 0 0 0 0 0 0 0 0 0 0 0 0 0 0
1 : 200 195 183 189 189 189 192 183 187 173 177 170 167 79 23 0 0 0 0 0 0 0 0 0 0 0 0 0 0 0 0 0 0 0 0 0 0 0 0 0 0 0 0 0 0 0 0 0 0 0 0
2 : 202 196 184 190 190 189 193 184 188 174 178 172 169 81 23 0 0 0 0 0 0 0 0 0 0 0 0 0 0 0 0 0 0 0 0 0 0 0 0 0 0 0 0 0 0 0 0 0 0 0 0
3 : 202 195 184 189 189 189 192 184 188 174 178 171 167 80 23 0 0 0 0 0 0 0 0 0 0 0 0 0 0 0 0 0 0 0 0 0 0 0 0 0 0 0 0 0 0 0 0 0 0 0 0
4 : 203 197 185 191 190 190 193 185 189 175 179 172 169 81 23 0 0 0 0 0 0 0 0 0 0 0 0 0 0 0 0 0 0 0 0 0 0 0 0 0 0 0 0 0 0 0 0 0 0 0 0
5 : 201 195 183 189 189 189 192 183 187 173 177 170 167 80 23 0 0 0 0 0 0 0 0 0 0 0 0 0 0 0 0 0 0 0 0 0 0 0 0 0 0 0 0 0 0 0 0 0 0 0 0
6 : 203 197 185 190 191 191 194 185 189 175 180 172 169 81 24 0 0 0 0 0 0 0 0 0 0 0 0 0 0 0 0 0 0 0 0 0 0 0 0 0 0 0 0 0 0 0 0 0 0 0 0
7 : 201 196 184 190 189 189 192 184 188 173 178 171 168 80 24 0 0 0 0 0 0 0 0 0 0 0 0 0 0 0 0 0 0 0 0 0 0 0 0 0 0 0 0 0 0 0 0 0 0 0 0
8 : 201 195 183 189 189 189 192 183 187 174 178 171 168 80 24 0 0 0 0 0 0 0 0 0 0 0 0 0 0 0 0 0 0 0 0 0 0 0 0 0 0 0 0 0 0 0 0 0 0 0 0
9 : 202 197 185 190 190 190 194 185 189 175 179 172 168 80 23 0 0 0 0 0 0 0 0 0 0 0 0 0 0 0 0 0 0 0 0 0 0 0 0 0 0 0 0 0 0 0 0 0 0 0 0
10 : 202 197 183 190 190 190 193 184 188 174 179 172 168 80 23 0 0 0 0 0 0 0 0 0 0 0 0 0 0 0 0 0 0 0 0 0 0 0 0 0 0 0 0 0 0 0 0 0 0 0 0
11 : 202 195 183 189 189 189 193 184 188 173 177 171 168 80 23 0 0 0 0 0 0 0 0 0 0 0 0 0 0 0 0 0 0 0 0 0 0 0 0 0 0 0 0 0 0 0 0 0 0 0 0
12 : 202 196 183 189 189 190 193 184 188 173 178 171 168 80 23 0 0 0 0 0 0 0 0 0 0 0 0 0 0 0 0 0 0 0 0 0 0 0 0 0 0 0 0 0 0 0 0 0 0 0 0
13 : 201 195 183 189 189 189 193 183 187 173 177 171 168 80 23 0 0 0 0 0 0 0 0 0 0 0 0 0 0 0 0 0 0 0 0 0 0 0 0 0 0 0 0 0 0 0 0 0 0 0 0
14 : 201 196 183 189 188 189 193 183 188 173 177 171 168 80 24 0 0 0 0 0 0 0 0 0 0 0 0 0 0 0 0 0 0 0 0 0 0 0 0 0 0 0 0 0 0 0 0 0 0 0 0
15 : 201 196 182 189 188 189 192 183 187 173 177 170 167 79 24 0 0 0 0 0 0 0 0 0 0 0 0 0 0 0 0 0 0 0 0 0 0 0 0 0 0 0 0 0 0 0 0 0 0 0 0
16 : 201 196 183 189 189 189 193 184 188 174 178 171 168 80 24 0 0 0 0 0 0 0 0 0 0 0 0 0 0 0 0 0 0 0 0 0 0 0 0 0 0 0 0 0 0 0 0 0 0 0 0
17 : 202 196 183 190 190 190 193 184 189 174 178 171 168 80 23 0 0 0 0 0 0 0 0 0 0 0 0 0 0 0 0 0 0 0 0 0 0 0 0 0 0 0 0 0 0 0 0 0 0 0 0
18 : 203 197 184 190 190 191 194 185 189 175 180 172 169 81 24 0 0 0 0 0 0 0 0 0 0 0 0 0 0 0 0 0 0 0 0 0 0 0 0 0 0 0 0 0 0 0 0 0 0 0 0
19 : 201 196 183 189 188 189 192 184 188 174 178 170 168 80 23 0 0 0 0 0 0 0 0 0 0 0 0 0 0 0 0 0 0 0 0 0 0 0 0 0 0 0 0 0 0 0 0 0 0 0 0
20 : 200 195 183 188 189 188 192 183 186 173 177 170 168 80 23 0 0 0 0 0 0 0 0 0 0 0 0 0 0 0 0 0 0 0 0 0 0 0 0 0 0 0 0 0 0 0 0 0 0 0 0
21 : 201 196 183 189 189 189 193 183 187 174 178 170 169 80 24 0 0 0 0 0 0 0 0 0 0 0 0 0 0 0 0 0 0 0 0 0 0 0 0 0 0 0 0 0 0 0 0 0 0 0 0
22 : 202 196 184 190 190 190 193 184 188 174 178 171 168 80 24 0 0 0 0 0 0 0 0 0 0 0 0 0 0 0 0 0 0 0 0 0 0 0 0 0 0 0 0 0 0 0 0 0 0 0 0
23 : 201 195 183 189 189 189 193 183 188 174 178 171 168 80 24 0 0 0 0 0 0 0 0 0 0 0 0 0 0 0 0 0 0 0 0 0 0 0 0 0 0 0 0 0 0 0 0 0 0 0 0
24 : 201 195 183 189 189 189 192 183 187 173 178 170 168 80 23 0 0 0 0 0 0 0 0 0 0 0 0 0 0 0 0 0 0 0 0 0 0 0 0 0 0 0 0 0 0 0 0 0 0 0 0
25 : 201 195 182 189 188 189 192 183 187 172 177 170 167 79 23 0 0 0 0 0 0 0 0 0 0 0 0 0 0 0 0 0 0 0 0 0 0 0 0 0 0 0 0 0 0 0 0 0 0 0 0
26 : 201 196 183 190 189 189 193 184 188 174 178 170 168 80 24 0 0 0 0 0 0 0 0 0 0 0 0 0 0 0 0 0 0 0 0 0 0 0 0 0 0 0 0 0 0 0 0 0 0 0 0
27 : 201 196 183 190 189 189 193 184 188 174 178 171 168 80 24 0 0 0 0 0 0 0 0 0 0 0 0 0 0 0 0 0 0 0 0 0 0 0 0 0 0 0 0 0 0 0 0 0 0 0 0
28 : 203 197 185 190 191 191 194 185 189 175 179 172 169 81 24 0 0 0 0 0 0 0 0 0 0 0 0 0 0 0 0 0 0 0 0 0 0 0 0 0 0 0 0 0 0 0 0 0 0 0 0
29 : 203 197 185 190 190 191 194 185 189 175 179 172 170 81 24 0 0 0 0 0 0 0 0 0 0 0 0 0 0 0 0 0 0 0 0 0 0 0 0 0 0 0 0 0 0 0 0 0 0 0 0
30 : 202 196 184 190 190 190 193 184 188 175 179 171 169 80 23 0 0 0 0 0 0 0 0 0 0 0 0 0 0 0 0 0 0 0 0 0 0 0 0 0 0 0 0 0 0 0 0 0 0 0 0
31 : 203 197 185 191 191 190 194 185 189 174 179 172 170 81 24 0 0 0 0 0 0 0 0 0 0 0 0 0 0 0 0 0 0 0 0 0 0 0 0 0 0 0 0 0 0 0 0 0 0 0 0
32 : 202 196 184 190 190 190 193 184 188 174 178 171 169 80 23 0 0 0 0 0 0 0 0 0 0 0 0 0 0 0 0 0 0 0 0 0 0 0 0 0 0 0 0 0 0 0 0 0 0 0 0
33 : 203 197 184 190 191 190 194 185 189 174 179 172 169 81 24 0 0 0 0 0 0 0 0 0 0 0 0 0 0 0 0 0 0 0 0 0 0 0 0 0 0 0 0 0 0 0 0 0 0 0 0
34 : 201 195 183 189 189 189 192 183 187 173 178 170 168 80 24 0 0 0 0 0 0 0 0 0 0 0 0 0 0 0 0 0 0 0 0 0 0 0 0 0 0 0 0 0 0 0 0 0 0 0 0
35 : 202 196 184 190 190 190 193 185 188 174 179 171 169 80 24 0 0 0 0 0 0 0 0 0 0 0 0 0 0 0 0 0 0 0 0 0 0 0 0 0 0 0 0 0 0 0 0 0 0 0 0
36 : 202 195 183 189 189 189 193 184 188 174 178 171 168 80 23 0 0 0 0 0 0 0 0 0 0 0 0 0 0 0 0 0 0 0 0 0 0 0 0 0 0 0 0 0 0 0 0 0 0 0 0
37 : 202 196 184 190 190 189 193 184 188 174 178 171 168 80 23 0 0 0 0 0 0 0 0 0 0 0 0 0 0 0 0 0 0 0 0 0 0 0 0 0 0 0 0 0 0 0 0 0 0 0 0
38 : 203 196 184 190 191 190 194 185 189 174 179 171 169 80 23 0 0 0 0 0 0 0 0 0 0 0 0 0 0 0 0 0 0 0 0 0 0 0 0 0 0 0 0 0 0 0 0 0 0 0 0
39 : 203 196 184 191 191 190 194 185 189 175 179 172 169 81 23 0 0 0 0 0 0 0 0 0 0 0 0 0 0 0 0 0 0 0 0 0 0 0 0 0 0 0 0 0 0 0 0 0 0 0 0
40 : 202 197 184 190 190 190 193 185 188 174 178 171 168 80 23 0 0 0 0 0 0 0 0 0 0 0 0 0 0 0 0 0 0 0 0 0 0 0 0 0 0 0 0 0 0 0 0 0 0 0 0
41 : 202 196 183 189 189 189 192 184 188 173 178 171 168 80 23 0 0 0 0 0 0 0 0 0 0 0 0 0 0 0 0 0 0 0 0 0 0 0 0 0 0 0 0 0 0 0 0 0 0 0 0
42 : 202 196 184 190 190 190 193 184 188 174 178 171 168 80 23 0 0 0 0 0 0 0 0 0 0 0 0 0 0 0 0 0 0 0 0 0 0 0 0 0 0 0 0 0 0 0 0 0 0 0 0
43 : 203 197 185 191 190 190 193 185 189 175 179 172 169 81 23 0 0 0 0 0 0 0 0 0 0 0 0 0 0 0 0 0 0 0 0 0 0 0 0 0 0 0 0 0 0 0 0 0 0 0 0
44 : 203 197 185 191 191 190 194 185 189 175 179 172 169 80 23 0 0 0 0 0 0 0 0 0 0 0 0 0 0 0 0 0 0 0 0 0 0 0 0 0 0 0 0 0 0 0 0 0 0 0 0
45 : 203 197 184 191 190 190 193 185 188 174 178 172 168 80 23 0 0 0 0 0 0 0 0 0 0 0 0 0 0 0 0 0 0 0 0 0 0 0 0 0 0 0 0 0 0 0 0 0 0 0 0
46 : 202 195 183 189 189 189 193 184 188 174 178 171 168 80 23 0 0 0 0 0 0 0 0 0 0 0 0 0 0 0 0 0 0 0 0 0 0 0 0 0 0 0 0 0 0 0 0 0 0 0 0
47 : 202 196 183 190 189 190 193 184 188 173 178 171 168 80 23 0 0 0 0 0 0 0 0 0 0 0 0 0 0 0 0 0 0 0 0 0 0 0 0 0 0 0 0 0 0 0 0 0 0 0 0
48 : 203 196 184 190 190 190 194 185 189 174 179 171 169 80 23 0 0 0 0 0 0 0 0 0 0 0 0 0 0 0 0 0 0 0 0 0 0 0 0 0 0 0 0 0 0 0 0 0 0 0 0
49 : 203 197 184 191 190 190 193 185 189 175 179 171 169 80 23 0 0 0 0 0 0 0 0 0 0 0 0 0 0 0 0 0 0 0 0 0 0 0 0 0 0 0 0 0 0 0 0 0 0 0 0
50 : 204 197 185 191 191 191 194 186 190 175 180 173 170 81 23 0 0 0 0 0 0 0 0 0 0 0 0 0 0 0 0 0 0 0 0 0 0 0 0 0 0 0 0 0 0 0 0 0 0 0 0
51 : 202 195 183 189 189 189 192 184 187 173 177 171 168 80 23 0 0 0 0 0 0 0 0 0 0 0 0 0 0 0 0 0 0 0 0 0 0 0 0 0 0 0 0 0 0 0 0 0 0 0 0
52 : 201 195 183 189 189 189 193 184 187 173 178 170 168 80 23 0 0 0 0 0 0 0 0 0 0 0 0 0 0 0 0 0 0 0 0 0 0 0 0 0 0 0 0 0 0 0 0 0 0 0 0
53 : 201 195 182 189 189 189 192 183 187 173 177 170 168 79 23 0 0 0 0 0 0 0 0 0 0 0 0 0 0 0 0 0 0 0 0 0 0 0 0 0 0 0 0 0 0 0 0 0 0 0 0
54 : 201 195 183 189 189 188 192 183 187 173 177 170 168 80 23 0 0 0 0 0 0 0 0 0 0 0 0 0 0 0 0 0 0 0 0 0 0 0 0 0 0 0 0 0 0 0 0 0 0 0 0
55 : 202 196 183 190 190 189 193 184 188 174 178 171 168 80 23 0 0 0 0 0 0 0 0 0 0 0 0 0 0 0 0 0 0 0 0 0 0 0 0 0 0 0 0 0 0 0 0 0 0 0 0
56 : 201 196 184 189 189 189 192 183 187 174 178 171 168 80 23 0 0 0 0 0 0 0 0 0 0 0 0 0 0 0 0 0 0 0 0 0 0 0 0 0 0 0 0 0 0 0 0 0 0 0 0
57 : 202 196 183 189 189 190 193 184 188 174 178 171 168 80 23 0 0 0 0 0 0 0 0 0 0 0 0 0 0 0 0 0 0 0 0 0 0 0 0 0 0 0 0 0 0 0 0 0 0 0 0
58 : 201 195 183 189 189 189 192 183 187 173 178 171 168 80 23 0 0 0 0 0 0 0 0 0 0 0 0 0 0 0 0 0 0 0 0 0 0 0 0 0 0 0 0 0 0 0 0 0 0 0 0
59 : 201 195 183 189 189 188 192 183 187 173 178 170 168 80 23 0 0 0 0 0 0 0 0 0 0 0 0 0 0 0 0 0 0 0 0 0 0 0 0 0 0 0 0 0 0 0 0 0 0 0 0
60 : 200 195 182 188 189 188 191 182 187 173 177 170 167 80 24 0 0 0 0 0 0 0 0 0 0 0 0 0 0 0 0 0 0 0 0 0 0 0 0 0 0 0 0 0 0 0 0 0 0 0 0
61 : 201 195 183 189 189 189 192 184 187 173 178 171 169 80 24 0 0 0 0 0 0 0 0 0 0 0 0 0 0 0 0 0 0 0 0 0 0 0 0 0 0 0 0 0 0 0 0 0 0 0 0
62 : 200 195 182 188 188 188 191 182 187 173 177 170 167 80 24 0 0 0 0 0 0 0 0 0 0 0 0 0 0 0 0 0 0 0 0 0 0 0 0 0 0 0 0 0 0 0 0 0 0 0 0
63 : 203 197 184 190 191 190 194 185 189 174 180 172 169 81 24 0 0 0 0 0 0 0 0 0 0 0 0 0 0 0 0 0 0 0 0 0 0 0 0 0 0 0 0 0 0 0 0 0 0 0 0
64 : 202 197 184 191 190 190 194 184 189 174 179 172 169 81 24 0 0 0 0 0 0 0 0 0 0 0 0 0 0 0 0 0 0 0 0 0 0 0 0 0 0 0 0 0 0 0 0 0 0 0 0
65 : 200 195 183 188 188 188 192 183 186 173 176 170 167 79 23 0 0 0 0 0 0 0 0 0 0 0 0 0 0 0 0 0 0 0 0 0 0 0 0 0 0 0 0 0 0 0 0 0 0 0 0
66 : 201 195 183 189 189 189 192 183 188 173 178 170 168 80 23 0 0 0 0 0 0 0 0 0 0 0 0 0 0 0 0 0 0 0 0 0 0 0 0 0 0 0 0 0 0 0 0 0 0 0 0
67 : 199 195 182 188 188 188 192 182 186 172 177 169 167 80 24 0 0 0 0 0 0 0 0 0 0 0 0 0 0 0 0 0 0 0 0 0 0 0 0 0 0 0 0 0 0 0 0 0 0 0 0
68 : 201 195 183 189 188 189 192 183 187 173 177 170 168 80 24 0 0 0 0 0 0 0 0 0 0 0 0 0 0 0 0 0 0 0 0 0 0 0 0 0 0 0 0 0 0 0 0 0 0 0 0
69 : 202 197 184 190 190 190 193 184 188 175 179 172 169 80 24 0 0 0 0 0 0 0 0 0 0 0 0 0 0 0 0 0 0 0 0 0 0 0 0 0 0 0 0 0 0 0 0 0 0 0 0
70 : 200 194 182 188 188 188 191 183 187 173 177 170 167 79 23 0 0 0 0 0 0 0 0 0 0 0 0 0 0 0 0 0 0 0 0 0 0 0 0 0 0 0 0 0 0 0 0 0 0 0 0
71 : 203 196 185 190 190 191 194 185 188 175 179 172 169 81 23 0 0 0 0 0 0 0 0 0 0 0 0 0 0 0 0 0 0 0 0 0 0 0 0 0 0 0 0 0 0 0 0 0 0 0 0
72 : 201 196 183 190 189 189 193 184 188 174 178 171 169 80 23 0 0 0 0 0 0 0 0 0 0 0 0 0 0 0 0 0 0 0 0 0 0 0 0 0 0 0 0 0 0 0 0 0 0 0 0
73 : 200 195 183 189 189 188 192 183 188 173 177 170 168 80 24 0 0 0 0 0 0 0 0 0 0 0 0 0 0 0 0 0 0 0 0 0 0 0 0 0 0 0 0 0 0 0 0 0 0 0 0
74 : 201 195 182 188 188 189 192 183 187 173 177 170 167 80 24 0 0 0 0 0 0 0 0 0 0 0 0 0 0 0 0 0 0 0 0 0 0 0 0 0 0 0 0 0 0 0 0 0 0 0 0
75 : 202 197 183 190 190 191 193 184 189 174 179 171 169 81 24 0 0 0 0 0 0 0 0 0 0 0 0 0 0 0 0 0 0 0 0 0 0 0 0 0 0 0 0 0 0 0 0 0 0 0 0
76 : 202 196 184 190 190 189 193 184 187 173 178 171 168 80 23 0 0 0 0 0 0 0 0 0 0 0 0 0 0 0 0 0 0 0 0 0 0 0 0 0 0 0 0 0 0 0 0 0 0 0 0
77 : 203 196 184 190 190 189 193 184 188 174 178 171 169 80 23 0 0 0 0 0 0 0 0 0 0 0 0 0 0 0 0 0 0 0 0 0 0 0 0 0 0 0 0 0 0 0 0 0 0 0 0
78 : 203 197 185 191 191 190 193 184 189 174 179 172 170 81 23 0 0 0 0 0 0 0 0 0 0 0 0 0 0 0 0 0 0 0 0 0 0 0 0 0 0 0 0 0 0 0 0 0 0 0 0
79 : 202 197 184 190 190 190 194 185 189 174 179 172 169 80 23 0 0 0 0 0 0 0 0 0 0 0 0 0 0 0 0 0 0 0 0 0 0 0 0 0 0 0 0 0 0 0 0 0 0 0 0
80 : 202 195 182 189 188 188 191 183 187 173 177 170 167 79 23 0 0 0 0 0 0 0 0 0 0 0 0 0 0 0 0 0 0 0 0 0 0 0 0 0 0 0 0 0 0 0 0 0 0 0 0
81 : 203 197 184 191 190 191 194 185 189 174 180 172 169 81 23 0 0 0 0 0 0 0 0 0 0 0 0 0 0 0 0 0 0 0 0 0 0 0 0 0 0 0 0 0 0 0 0 0 0 0 0
82 : 202 196 184 190 189 190 193 184 188 173 178 171 168 80 23 0 0 0 0 0 0 0 0 0 0 0 0 0 0 0 0 0 0 0 0 0 0 0 0 0 0 0 0 0 0 0 0 0 0 0 0
83 : 203 196 184 190 191 190 193 185 189 175 179 172 169 80 23 0 0 0 0 0 0 0 0 0 0 0 0 0 0 0 0 0 0 0 0 0 0 0 0 0 0 0 0 0 0 0 0 0 0 0 0
84 : 203 197 185 191 191 190 194 185 189 174 179 172 169 80 23 0 0 0 0 0 0 0 0 0 0 0 0 0 0 0 0 0 0 0 0 0 0 0 0 0 0 0 0 0 0 0 0 0 0 0 0
85 : 202 197 184 190 190 190 193 185 188 174 179 171 168 80 23 0 0 0 0 0 0 0 0 0 0 0 0 0 0 0 0 0 0 0 0 0 0 0 0 0 0 0 0 0 0 0 0 0 0 0 0
86 : 202 195 183 189 189 189 192 184 187 173 178 171 168 80 23 0 0 0 0 0 0 0 0 0 0 0 0 0 0 0 0 0 0 0 0 0 0 0 0 0 0 0 0 0 0 0 0 0 0 0 0
87 : 202 195 184 190 190 190 193 184 188 174 178 171 168 80 23 0 0 0 0 0 0 0 0 0 0 0 0 0 0 0 0 0 0 0 0 0 0 0 0 0 0 0 0 0 0 0 0 0 0 0 0
88 : 201 195 183 190 189 189 193 184 187 173 178 171 168 80 23 0 0 0 0 0 0 0 0 0 0 0 0 0 0 0 0 0 0 0 0 0 0 0 0 0 0 0 0 0 0 0 0 0 0 0 0
89 : 203 196 185 190 191 190 194 185 189 174 179 172 169 81 23 0 0 0 0 0 0 0 0 0 0 0 0 0 0 0 0 0 0 0 0 0 0 0 0 0 0 0 0 0 0 0 0 0 0 0 0
90 : 203 197 184 190 190 190 194 184 189 175 179 171 169 81 24 0 0 0 0 0 0 0 0 0 0 0 0 0 0 0 0 0 0 0 0 0 0 0 0 0 0 0 0 0 0 0 0 0 0 0 0
91 : 203 197 185 190 191 190 194 186 189 175 179 172 170 81 24 0 0 0 0 0 0 0 0 0 0 0 0 0 0 0 0 0 0 0 0 0 0 0 0 0 0 0 0 0 0 0 0 0 0 0 0
92 : 203 198 185 191 191 191 195 185 189 175 179 172 170 81 24 0 0 0 0 0 0 0 0 0 0 0 0 0 0 0 0 0 0 0 0 0 0 0 0 0 0 0 0 0 0 0 0 0 0 0 0
93 : 201 195 183 189 189 189 192 184 187 173 177 170 168 80 23 0 0 0 0 0 0 0 0 0 0 0 0 0 0 0 0 0 0 0 0 0 0 0 0 0 0 0 0 0 0 0 0 0 0 0 0
94 : 201 196 183 189 189 189 192 183 188 174 178 170 167 80 24 0 0 0 0 0 0 0 0 0 0 0 0 0 0 0 0 0 0 0 0 0 0 0 0 0 0 0 0 0 0 0 0 0 0 0 0
95 : 202 196 184 190 190 190 194 184 188 174 179 172 169 81 24 0 0 0 0 0 0 0 0 0 0 0 0 0 0 0 0 0 0 0 0 0 0 0 0 0 0 0 0 0 0 0 0 0 0 0 0
96 : 204 197 185 191 191 190 194 185 189 175 179 172 170 81 23 0 0 0 0 0 0 0 0 0 0 0 0 0 0 0 0 0 0 0 0 0 0 0 0 0 0 0 0 0 0 0 0 0 0 0 0
97 : 202 196 183 190 190 190 193 184 188 174 178 171 168 80 23 0 0 0 0 0 0 0 0 0 0 0 0 0 0 0 0 0 0 0 0 0 0 0 0 0 0 0 0 0 0 0 0 0 0 0 0
98 : 203 196 184 190 190 191 193 185 189 174 179 172 169 81 23 0 0 0 0 0 0 0 0 0 0 0 0 0 0 0 0 0 0 0 0 0 0 0 0 0 0 0 0 0 0 0 0 0 0 0 0
99 : 203 197 184 190 190 190 194 185 188 174 179 171 169 81 23 0 0 0 0 0 0 0 0 0 0 0 0 0 0 0 0 0 0 0 0 0 0 0 0 0 0 0 0 0 0 0 0 0 0 0 0
100 : 202 196 183 190 190 190 193 184 188 174 178 171 168 80 24 0 0 0 0 0 0 0 0 0 0 0 0 0 0 0 0 0 0 0 0 0 0 0 0 0 0 0 0 0 0 0 0 0 0 0 0
101 : 202 197 184 189 190 190 194 184 188 175 179 173 169 82 25 0 0 0 0 0 0 0 0 0 0 0 0 0 0 0 0 0 0 0 0 0 0 0 0 0 0 0 0 0 0 0 0 0 0 0 0
1 : 183 197 183 187 189 190 193 181 188 176 178 171 168 90 30 0 0 0 0 0 0 0 0 0 0 0 0 0 0 0 0 0 0 0 0 0 0 0 0 0 0 0 0 0 0 0 0 0 0 0 0
2 : 184 197 184 188 190 190 194 183 188 177 179 172 169 91 31 0 0 0 0 0 0 0 0 0 0 0 0 0 0 0 0 0 0 0 0 0 0 0 0 0 0 0 0 0 0 0 0 0 0 0 0
3 : 184 197 183 188 189 190 193 183 188 177 179 172 169 91 31 0 0 0 0 0 0 0 0 0 0 0 0 0 0 0 0 0 0 0 0 0 0 0 0 0 0 0 0 0 0 0 0 0 0 0 0
4 : 185 197 184 188 189 190 193 183 188 176 178 172 169 90 31 0 0 0 0 0 0 0 0 0 0 0 0 0 0 0 0 0 0 0 0 0 0 0 0 0 0 0 0 0 0 0 0 0 0 0 0
5 : 183 197 182 187 188 190 193 182 187 175 178 171 169 90 31 0 0 0 0 0 0 0 0 0 0 0 0 0 0 0 0 0 0 0 0 0 0 0 0 0 0 0 0 0 0 0 0 0 0 0 0
6 : 183 197 184 188 188 190 193 182 188 176 179 172 169 90 31 0 0 0 0 0 0 0 0 0 0 0 0 0 0 0 0 0 0 0 0 0 0 0 0 0 0 0 0 0 0 0 0 0 0 0 0
7 : 182 197 183 187 188 189 193 181 187 175 178 171 168 90 31 0 0 0 0 0 0 0 0 0 0 0 0 0 0 0 0 0 0 0 0 0 0 0 0 0 0 0 0 0 0 0 0 0 0 0 0
8 : 183 197 183 188 188 190 193 182 188 176 179 172 169 90 31 0 0 0 0 0 0 0 0 0 0 0 0 0 0 0 0 0 0 0 0 0 0 0 0 0 0 0 0 0 0 0 0 0 0 0 0
9 : 186 199 185 189 190 191 195 183 189 178 180 173 171 91 31 0 0 0 0 0 0 0 0 0 0 0 0 0 0 0 0 0 0 0 0 0 0 0 0 0 0 0 0 0 0 0 0 0 0 0 0
10 : 187 198 184 189 190 191 195 183 189 177 179 173 170 90 30 0 0 0 0 0 0 0 0 0 0 0 0 0 0 0 0 0 0 0 0 0 0 0 0 0 0 0 0 0 0 0 0 0 0 0 0
11 : 187 200 185 189 190 192 195 184 189 177 180 173 170 90 30 0 0 0 0 0 0 0 0 0 0 0 0 0 0 0 0 0 0 0 0 0 0 0 0 0 0 0 0 0 0 0 0 0 0 0 0
12 : 186 197 183 188 189 190 194 183 188 176 179 172 170 90 30 0 0 0 0 0 0 0 0 0 0 0 0 0 0 0 0 0 0 0 0 0 0 0 0 0 0 0 0 0 0 0 0 0 0 0 0
13 : 184 197 183 188 189 190 193 182 187 176 178 172 169 90 30 0 0 0 0 0 0 0 0 0 0 0 0 0 0 0 0 0 0 0 0 0 0 0 0 0 0 0 0 0 0 0 0 0 0 0 0
14 : 185 199 185 189 190 191 195 184 189 178 180 174 170 91 31 0 0 0 0 0 0 0 0 0 0 0 0 0 0 0 0 0 0 0 0 0 0 0 0 0 0 0 0 0 0 0 0 0 0 0 0
15 : 186 198 184 189 189 190 194 183 189 177 179 172 170 90 30 0 0 0 0 0 0 0 0 0 0 0 0 0 0 0 0 0 0 0 0 0 0 0 0 0 0 0 0 0 0 0 0 0 0 0 0
16 : 186 197 184 189 189 189 193 183 188 176 179 172 170 90 30 0 0 0 0 0 0 0 0 0 0 0 0 0 0 0 0 0 0 0 0 0 0 0 0 0 0 0 0 0 0 0 0 0 0 0 0
17 : 187 199 184 189 190 190 194 183 189 176 180 172 170 90 30 0 0 0 0 0 0 0 0 0 0 0 0 0 0 0 0 0 0 0 0 0 0 0 0 0 0 0 0 0 0 0 0 0 0 0 0
18 : 186 198 183 188 189 190 193 182 188 177 179 172 169 90 30 0 0 0 0 0 0 0 0 0 0 0 0 0 0 0 0 0 0 0 0 0 0 0 0 0 0 0 0 0 0 0 0 0 0 0 0
19 : 185 198 183 187 188 190 193 182 188 176 178 172 169 90 30 0 0 0 0 0 0 0 0 0 0 0 0 0 0 0 0 0 0 0 0 0 0 0 0 0 0 0 0 0 0 0 0 0 0 0 0
20 : 185 199 184 189 190 191 195 183 189 177 179 173 170 90 30 0 0 0 0 0 0 0 0 0 0 0 0 0 0 0 0 0 0 0 0 0 0 0 0 0 0 0 0 0 0 0 0 0 0 0 0
21 : 184 198 184 188 189 190 193 183 188 176 179 172 169 90 31 0 0 0 0 0 0 0 0 0 0 0 0 0 0 0 0 0 0 0 0 0 0 0 0 0 0 0 0 0 0 0 0 0 0 0 0
22 : 186 198 184 188 190 191 194 183 189 177 179 172 169 90 30 0 0 0 0 0 0 0 0 0 0 0 0 0 0 0 0 0 0 0 0 0 0 0 0 0 0 0 0 0 0 0 0 0 0 0 0
23 : 187 199 185 190 190 192 195 184 190 178 180 173 171 90 31 0 0 0 0 0 0 0 0 0 0 0 0 0 0 0 0 0 0 0 0 0 0 0 0 0 0 0 0 0 0 0 0 0 0 0 0
24 : 187 199 185 189 191 191 195 184 190 178 181 173 171 91 30 0 0 0 0 0 0 0 0 0 0 0 0 0 0 0 0 0 0 0 0 0 0 0 0 0 0 0 0 0 0 0 0 0 0 0 0
25 : 186 199 185 189 190 191 194 183 189 177 180 173 170 90 30 0 0 0 0 0 0 0 0 0 0 0 0 0 0 0 0 0 0 0 0 0 0 0 0 0 0 0 0 0 0 0 0 0 0 0 0
26 : 185 198 184 188 189 190 194 183 188 177 179 172 170 91 31 0 0 0 0 0 0 0 0 0 0 0 0 0 0 0 0 0 0 0 0 0 0 0 0 0 0 0 0 0 0 0 0 0 0 0 0
27 : 184 199 184 188 189 190 194 183 189 177 179 172 170 91 31 0 0 0 0 0 0 0 0 0 0 0 0 0 0 0 0 0 0 0 0 0 0 0 0 0 0 0 0 0 0 0 0 0 0 0 0
28 : 184 198 183 188 188 190 194 183 188 176 179 172 170 91 31 0 0 0 0 0 0 0 0 0 0 0 0 0 0 0 0 0 0 0 0 0 0 0 0 0 0 0 0 0 0 0 0 0 0 0 0
29 : 185 197 183 188 189 190 193 183 188 176 179 172 169 91 31 0 0 0 0 0 0 0 0 0 0 0 0 0 0 0 0 0 0 0 0 0 0 0 0 0 0 0 0 0 0 0 0 0 0 0 0
30 : 187 200 186 190 191 192 195 184 190 178 181 175 171 91 31 0 0 0 0 0 0 0 0 0 0 0 0 0 0 0 0 0 0 0 0 0 0 0 0 0 0 0 0 0 0 0 0 0 0 0 0
31 : 185 198 184 188 189 190 194 183 188 177 179 172 170 90 31 0 0 0 0 0 0 0 0 0 0 0 0 0 0 0 0 0 0 0 0 0 0 0 0 0 0 0 0 0 0 0 0 0 0 0 0
32 : 185 198 184 188 190 191 194 183 189 177 179 172 170 90 31 0 0 0 0 0 0 0 0 0 0 0 0 0 0 0 0 0 0 0 0 0 0 0 0 0 0 0 0 0 0 0 0 0 0 0 0
33 : 185 199 185 189 190 191 195 184 190 177 180 173 171 91 31 0 0 0 0 0 0 0 0 0 0 0 0 0 0 0 0 0 0 0 0 0 0 0 0 0 0 0 0 0 0 0 0 0 0 0 0
34 : 183 197 184 188 189 190 194 182 188 177 179 172 169 90 31 0 0 0 0 0 0 0 0 0 0 0 0 0 0 0 0 0 0 0 0 0 0 0 0 0 0 0 0 0 0 0 0 0 0 0 0
35 : 185 199 184 189 190 191 195 183 189 178 180 172 170 91 31 0 0 0 0 0 0 0 0 0 0 0 0 0 0 0 0 0 0 0 0 0 0 0 0 0 0 0 0 0 0 0 0 0 0 0 0
36 : 185 198 184 188 189 190 193 183 188 177 179 172 170 91 31 0 0 0 0 0 0 0 0 0 0 0 0 0 0 0 0 0 0 0 0 0 0 0 0 0 0 0 0 0 0 0 0 0 0 0 0
37 : 186 198 184 188 189 190 194 183 188 177 180 173 170 90 31 0 0 0 0 0 0 0 0 0 0 0 0 0 0 0 0 0 0 0 0 0 0 0 0 0 0 0 0 0 0 0 0 0 0 0 0
38 : 186 199 185 189 190 191 194 184 189 177 180 173 170 90 31 0 0 0 0 0 0 0 0 0 0 0 0 0 0 0 0 0 0 0 0 0 0 0 0 0 0 0 0 0 0 0 0 0 0 0 0
39 : 184 197 183 187 189 190 193 182 188 177 178 172 169 90 31 0 0 0 0 0 0 0 0 0 0 0 0 0 0 0 0 0 0 0 0 0 0 0 0 0 0 0 0 0 0 0 0 0 0 0 0
40 : 183 197 183 187 188 189 193 182 187 176 178 171 169 90 30 0 0 0 0 0 0 0 0 0 0 0 0 0 0 0 0 0 0 0 0 0 0 0 0 0 0 0 0 0 0 0 0 0 0 0 0
41 : 186 199 185 189 190 191 194 183 189 178 180 173 171 92 31 0 0 0 0 0 0 0 0 0 0 0 0 0 0 0 0 0 0 0 0 0 0 0 0 0 0 0 0 0 0 0 0 0 0 0 0
42 : 186 199 184 189 189 190 194 183 189 177 179 172 170 90 31 0 0 0 0 0 0 0 0 0 0 0 0 0 0 0 0 0 0 0 0 0 0 0 0 0 0 0 0 0 0 0 0 0 0 0 0
43 : 186 199 185 189 190 191 195 184 190 177 180 172 170 91 31 0 0 0 0 0 0 0 0 0 0 0 0 0 0 0 0 0 0 0 0 0 0 0 0 0 0 0 0 0 0 0 0 0 0 0 0
44 : 186 199 185 189 190 191 194 184 189 177 180 173 171 91 31 0 0 0 0 0 0 0 0 0 0 0 0 0 0 0 0 0 0 0 0 0 0 0 0 0 0 0 0 0 0 0 0 0 0 0 0
45 : 184 197 183 187 188 189 193 181 187 176 178 171 169 90 31 0 0 0 0 0 0 0 0 0 0 0 0 0 0 0 0 0 0 0 0 0 0 0 0 0 0 0 0 0 0 0 0 0 0 0 0
46 : 183 197 183 188 189 190 194 182 187 177 179 172 169 90 31 0 0 0 0 0 0 0 0 0 0 0 0 0 0 0 0 0 0 0 0 0 0 0 0 0 0 0 0 0 0 0 0 0 0 0 0
47 : 182 197 183 187 188 189 192 181 187 175 178 171 168 90 31 0 0 0 0 0 0 0 0 0 0 0 0 0 0 0 0 0 0 0 0 0 0 0 0 0 0 0 0 0 0 0 0 0 0 0 0
48 : 184 197 184 188 189 190 193 182 188 176 179 172 169 90 31 0 0 0 0 0 0 0 0 0 0 0 0 0 0 0 0 0 0 0 0 0 0 0 0 0 0 0 0 0 0 0 0 0 0 0 0
49 : 186 199 185 189 190 191 195 183 189 177 181 173 170 91 31 0 0 0 0 0 0 0 0 0 0 0 0 0 0 0 0 0 0 0 0 0 0 0 0 0 0 0 0 0 0 0 0 0 0 0 0
50 : 186 198 185 189 190 191 194 183 189 177 179 172 170 90 31 0 0 0 0 0 0 0 0 0 0 0 0 0 0 0 0 0 0 0 0 0 0 0 0 0 0 0 0 0 0 0 0 0 0 0 0
51 : 184 198 184 188 189 190 193 182 188 176 179 171 169 90 30 0 0 0 0 0 0 0 0 0 0 0 0 0 0 0 0 0 0 0 0 0 0 0 0 0 0 0 0 0 0 0 0 0 0 0 0
52 : 184 198 184 188 189 190 194 182 188 176 179 172 169 90 31 0 0 0 0 0 0 0 0 0 0 0 0 0 0 0 0 0 0 0 0 0 0 0 0 0 0 0 0 0 0 0 0 0 0 0 0
53 : 183 198 183 187 189 189 193 182 188 176 178 171 169 90 31 0 0 0 0 0 0 0 0 0 0 0 0 0 0 0 0 0 0 0 0 0 0 0 0 0 0 0 0 0 0 0 0 0 0 0 0
54 : 183 197 184 188 188 190 193 182 188 176 179 172 169 90 31 0 0 0 0 0 0 0 0 0 0 0 0 0 0 0 0 0 0 0 0 0 0 0 0 0 0 0 0 0 0 0 0 0 0 0 0
55 : 184 198 184 189 190 190 194 183 189 177 179 173 170 90 31 0 0 0 0 0 0 0 0 0 0 0 0 0 0 0 0 0 0 0 0 0 0 0 0 0 0 0 0 0 0 0 0 0 0 0 0
56 : 185 198 184 188 189 191 193 183 188 177 179 172 170 90 30 0 0 0 0 0 0 0 0 0 0 0 0 0 0 0 0 0 0 0 0 0 0 0 0 0 0 0 0 0 0 0 0 0 0 0 0
57 : 185 198 184 189 190 190 194 183 188 177 180 172 170 90 31 0 0 0 0 0 0 0 0 0 0 0 0 0 0 0 0 0 0 0 0 0 0 0 0 0 0 0 0 0 0 0 0 0 0 0 0
58 : 184 197 183 188 189 190 193 183 188 177 179 172 169 91 30 0 0 0 0 0 0 0 0 0 0 0 0 0 0 0 0 0 0 0 0 0 0 0 0 0 0 0 0 0 0 0 0 0 0 0 0
59 : 183 197 183 187 189 190 193 182 187 176 179 171 169 90 31 0 0 0 0 0 0 0 0 0 0 0 0 0 0 0 0 0 0 0 0 0 0 0 0 0 0 0 0 0 0 0 0 0 0 0 0
60 : 182 197 183 187 188 189 193 181 187 176 178 171 169 90 31 0 0 0 0 0 0 0 0 0 0 0 0 0 0 0 0 0 0 0 0 0 0 0 0 0 0 0 0 0 0 0 0 0 0 0 0
61 : 183 198 184 188 188 190 194 182 188 177 179 172 169 91 31 0 0 0 0 0 0 0 0 0 0 0 0 0 0 0 0 0 0 0 0 0 0 0 0 0 0 0 0 0 0 0 0 0 0 0 0
62 : 184 198 184 188 189 190 194 183 188 177 179 172 170 91 31 0 0 0 0 0 0 0 0 0 0 0 0 0 0 0 0 0 0 0 0 0 0 0 0 0 0 0 0 0 0 0 0 0 0 0 0
63 : 185 198 184 188 189 190 193 183 188 176 179 172 169 90 31 0 0 0 0 0 0 0 0 0 0 0 0 0 0 0 0 0 0 0 0 0 0 0 0 0 0 0 0 0 0 0 0 0 0 0 0
64 : 186 199 185 189 190 191 195 184 189 177 180 173 170 91 31 0 0 0 0 0 0 0 0 0 0 0 0 0 0 0 0 0 0 0 0 0 0 0 0 0 0 0 0 0 0 0 0 0 0 0 0
65 : 186 198 184 189 190 191 194 183 189 177 179 173 170 90 31 0 0 0 0 0 0 0 0 0 0 0 0 0 0 0 0 0 0 0 0 0 0 0 0 0 0 0 0 0 0 0 0 0 0 0 0
66 : 184 198 183 188 189 190 193 183 188 177 179 172 169 90 30 0 0 0 0 0 0 0 0 0 0 0 0 0 0 0 0 0 0 0 0 0 0 0 0 0 0 0 0 0 0 0 0 0 0 0 0
67 : 184 196 183 187 188 190 193 181 187 176 178 171 168 89 30 0 0 0 0 0 0 0 0 0 0 0 0 0 0 0 0 0 0 0 0 0 0 0 0 0 0 0 0 0 0 0 0 0 0 0 0
68 : 187 199 184 189 190 191 195 184 189 178 180 173 171 91 31 0 0 0 0 0 0 0 0 0 0 0 0 0 0 0 0 0 0 0 0 0 0 0 0 0 0 0 0 0 0 0 0 0 0 0 0
69 : 188 199 184 189 190 191 195 184 189 177 181 173 171 91 30 0 0 0 0 0 0 0 0 0 0 0 0 0 0 0 0 0 0 0 0 0 0 0 0 0 0 0 0 0 0 0 0 0 0 0 0
70 : 188 199 184 189 190 191 194 184 189 177 179 173 170 90 30 0 0 0 0 0 0 0 0 0 0 0 0 0 0 0 0 0 0 0 0 0 0 0 0 0 0 0 0 0 0 0 0 0 0 0 0
71 : 187 197 183 188 189 189 194 183 188 176 179 172 170 90 30 0 0 0 0 0 0 0 0 0 0 0 0 0 0 0 0 0 0 0 0 0 0 0 0 0 0 0 0 0 0 0 0 0 0 0 0
72 : 187 198 184 188 189 191 194 183 189 176 179 172 170 89 30 0 0 0 0 0 0 0 0 0 0 0 0 0 0 0 0 0 0 0 0 0 0 0 0 0 0 0 0 0 0 0 0 0 0 0 0
73 : 188 199 185 189 190 192 195 184 189 177 180 173 170 90 30 0 0 0 0 0 0 0 0 0 0 0 0 0 0 0 0 0 0 0 0 0 0 0 0 0 0 0 0 0 0 0 0 0 0 0 0
74 : 188 198 185 190 191 192 195 184 189 177 181 173 170 90 31 0 0 0 0 0 0 0 0 0 0 0 0 0 0 0 0 0 0 0 0 0 0 0 0 0 0 0 0 0 0 0 0 0 0 0 0
75 : 188 198 184 189 190 191 195 184 189 177 180 172 170 90 30 0 0 0 0 0 0 0 0 0 0 0 0 0 0 0 0 0 0 0 0 0 0 0 0 0 0 0 0 0 0 0 0 0 0 0 0
76 : 190 199 185 190 191 192 195 185 190 178 180 173 171 90 30 0 0 0 0 0 0 0 0 0 0 0 0 0 0 0 0 0 0 0 0 0 0 0 0 0 0 0 0 0 0 0 0 0 0 0 0
77 : 189 198 184 189 190 190 194 184 189 177 180 173 170 89 30 0 0 0 0 0 0 0 0 0 0 0 0 0 0 0 0 0 0 0 0 0 0 0 0 0 0 0 0 0 0 0 0 0 0 0 0
78 : 190 199 185 190 190 191 194 184 189 177 180 173 170 90 30 0 0 0 0 0 0 0 0 0 0 0 0 0 0 0 0 0 0 0 0 0 0 0 0 0 0 0 0 0 0 0 0 0 0 0 0
79 : 188 197 184 188 190 190 193 183 188 176 179 172 169 89 30 0 0 0 0 0 0 0 0 0 0 0 0 0 0 0 0 0 0 0 0 0 0 0 0 0 0 0 0 0 0 0 0 0 0 0 0
80 : 188 198 185 189 190 191 194 184 189 177 180 173 170 90 30 0 0 0 0 0 0 0 0 0 0 0 0 0 0 0 0 0 0 0 0 0 0 0 0 0 0 0 0 0 0 0 0 0 0 0 0
81 : 188 198 184 188 189 190 193 183 188 177 179 172 170 89 30 0 0 0 0 0 0 0 0 0 0 0 0 0 0 0 0 0 0 0 0 0 0 0 0 0 0 0 0 0 0 0 0 0 0 0 0
82 : 188 199 184 189 189 190 194 183 188 176 180 172 170 89 30 0 0 0 0 0 0 0 0 0 0 0 0 0 0 0 0 0 0 0 0 0 0 0 0 0 0 0 0 0 0 0 0 0 0 0 0
83 : 190 199 185 190 190 191 195 184 189 178 181 173 171 90 30 0 0 0 0 0 0 0 0 0 0 0 0 0 0 0 0 0 0 0 0 0 0 0 0 0 0 0 0 0 0 0 0 0 0 0 0
84 : 189 197 184 188 189 190 193 182 188 176 179 172 169 88 29 0 0 0 0 0 0 0 0 0 0 0 0 0 0 0 0 0 0 0 0 0 0 0 0 0 0 0 0 0 0 0 0 0 0 0 0
85 : 188 198 185 189 190 191 194 184 189 177 180 172 170 89 30 0 0 0 0 0 0 0 0 0 0 0 0 0 0 0 0 0 0 0 0 0 0 0 0 0 0 0 0 0 0 0 0 0 0 0 0
86 : 188 198 185 189 191 192 195 184 190 178 181 174 171 90 30 0 0 0 0 0 0 0 0 0 0 0 0 0 0 0 0 0 0 0 0 0 0 0 0 0 0 0 0 0 0 0 0 0 0 0 0
87 : 186 198 184 189 190 191 194 183 188 177 179 172 170 90 31 0 0 0 0 0 0 0 0 0 0 0 0 0 0 0 0 0 0 0 0 0 0 0 0 0 0 0 0 0 0 0 0 0 0 0 0
88 : 186 197 183 188 189 190 193 183 188 176 179 172 170 90 30 0 0 0 0 0 0 0 0 0 0 0 0 0 0 0 0 0 0 0 0 0 0 0 0 0 0 0 0 0 0 0 0 0 0 0 0
89 : 188 199 185 190 190 191 195 184 189 177 181 173 171 91 30 0 0 0 0 0 0 0 0 0 0 0 0 0 0 0 0 0 0 0 0 0 0 0 0 0 0 0 0 0 0 0 0 0 0 0 0
90 : 187 198 184 189 190 191 194 184 189 177 180 173 170 90 31 0 0 0 0 0 0 0 0 0 0 0 0 0 0 0 0 0 0 0 0 0 0 0 0 0 0 0 0 0 0 0 0 0 0 0 0
91 : 186 198 183 189 189 190 194 183 188 176 179 172 170 90 30 0 0 0 0 0 0 0 0 0 0 0 0 0 0 0 0 0 0 0 0 0 0 0 0 0 0 0 0 0 0 0 0 0 0 0 0
92 : 185 198 184 188 189 190 194 183 189 177 179 172 170 91 31 0 0 0 0 0 0 0 0 0 0 0 0 0 0 0 0 0 0 0 0 0 0 0 0 0 0 0 0 0 0 0 0 0 0 0 0
93 : 183 198 183 188 189 190 193 182 188 176 179 172 169 91 31 0 0 0 0 0 0 0 0 0 0 0 0 0 0 0 0 0 0 0 0 0 0 0 0 0 0 0 0 0 0 0 0 0 0 0 0
94 : 183 197 184 188 189 190 194 182 188 176 179 172 170 91 31 0 0 0 0 0 0 0 0 0 0 0 0 0 0 0 0 0 0 0 0 0 0 0 0 0 0 0 0 0 0 0 0 0 0 0 0
95 : 183 197 183 188 189 190 193 182 188 176 179 172 169 91 31 0 0 0 0 0 0 0 0 0 0 0 0 0 0 0 0 0 0 0 0 0 0 0 0 0 0 0 0 0 0 0 0 0 0 0 0
96 : 184 198 183 188 189 190 194 182 188 176 180 172 170 91 31 0 0 0 0 0 0 0 0 0 0 0 0 0 0 0 0 0 0 0 0 0 0 0 0 0 0 0 0 0 0 0 0 0 0 0 0
97 : 184 198 184 188 190 191 194 183 189 177 180 173 170 91 31 0 0 0 0 0 0 0 0 0 0 0 0 0 0 0 0 0 0 0 0 0 0 0 0 0 0 0 0 0 0 0 0 0 0 0 0
98 : 183 199 184 189 190 191 195 183 189 177 180 173 171 91 31 0 0 0 0 0 0 0 0 0 0 0 0 0 0 0 0 0 0 0 0 0 0 0 0 0 0 0 0 0 0 0 0 0 0 0 0
99 : 182 197 183 188 189 189 193 182 188 176 178 172 169 91 31 0 0 0 0 0 0 0 0 0 0 0 0 0 0 0 0 0 0 0 0 0 0 0 0 0 0 0 0 0 0 0 0 0 0 0 0
100 : 180 197 182 187 188 189 193 182 187 176 178 171 168 91 31 0 0 0 0 0 0 0 0 0 0 0 0 0 0 0 0 0 0 0 0 0 0 0 0 0 0 0 0 0 0 0 0 0 0 0 0
101 : 182 199 185 189 190 191 194 183 189 178 180 173 171 93 33 0 0 0 0 0 0 0 0 0 0 0 0 0 0 0 0 0 0 0 0 0 0 0 0 0 0 0 0 0 0 0 0 0 0 0 0
