Brightness in each height
Heights/D : 39.2105 38.4316 37.6526 36.8737 36.0947 35.3158 34.5368 33.7579 32.9789 32.2 31.4211 30.6421 29.8632 29.0842 28.3053 27.5263 26.7474 25.9684 25.1895 24.4105 23.6316 22.8526 22.0737 21.2947 20.5158 19.7368 18.9579 18.1789 17.4 16.6211 15.8421 15.0632 14.2842 13.5053 12.7263 11.9474 11.1684 10.3895 9.61053 8.83158 8.05263 7.27368 6.49474 5.71579 4.93684 4.15789 3.37895 2.6 1.82105 1.04211 0.263158
1 : 182 186 180 185 188 189 195 191 193 196 202 207 208 210 214 212 214 214 221 219 145 0 0 0 0 0 0 0 0 0 0 0 0 0 0 0 0 0 0 0 0 0 0 0 0 0 0 0 0 0 0
2 : 182 185 179 184 188 188 195 191 193 196 202 207 208 211 215 213 214 214 222 219 148 0 0 0 0 0 0 0 0 0 0 0 0 0 0 0 0 0 0 0 0 0 0 0 0 0 0 0 0 0 0
3 : 183 187 181 186 189 190 195 193 194 197 203 207 209 212 215 214 215 215 223 220 149 0 0 0 0 0 0 0 0 0 0 0 0 0 0 0 0 0 0 0 0 0 0 0 0 0 0 0 0 0 0
4 : 181 185 179 184 188 188 194 191 193 195 202 206 208 211 214 212 214 214 222 219 147 0 0 0 0 0 0 0 0 0 0 0 0 0 0 0 0 0 0 0 0 0 0 0 0 0 0 0 0 0 0
5 : 183 186 181 185 189 190 195 192 194 197 203 207 208 211 215 213 214 215 222 220 149 0 0 0 0 0 0 0 0 0 0 0 0 0 0 0 0 0 0 0 0 0 0 0 0 0 0 0 0 0 0
6 : 181 184 179 183 187 188 194 190 192 195 201 205 207 210 214 212 214 213 221 219 148 0 0 0 0 0 0 0 0 0 0 0 0 0 0 0 0 0 0 0 0 0 0 0 0 0 0 0 0 0 0
7 : 181 185 179 184 188 188 195 192 193 196 202 206 208 210 214 213 214 214 222 219 149 0 0 0 0 0 0 0 0 0 0 0 0 0 0 0 0 0 0 0 0 0 0 0 0 0 0 0 0 0 0
8 : 182 185 179 185 188 189 195 192 193 196 203 207 209 211 215 213 214 215 222 219 149 0 0 0 0 0 0 0 0 0 0 0 0 0 0 0 0 0 0 0 0 0 0 0 0 0 0 0 0 0 0
9 : 181 185 179 184 187 189 194 191 192 195 202 206 207 210 214 212 214 214 222 219 148 0 0 0 0 0 0 0 0 0 0 0 0 0 0 0 0 0 0 0 0 0 0 0 0 0 0 0 0 0 0
10 : 184 188 181 186 190 190 197 193 195 198 204 208 209 212 216 214 216 216 223 221 150 0 0 0 0 0 0 0 0 0 0 0 0 0 0 0 0 0 0 0 0 0 0 0 0 0 0 0 0 0 0
11 : 182 186 180 185 189 189 195 192 194 196 203 207 209 212 215 213 215 215 222 220 149 0 0 0 0 0 0 0 0 0 0 0 0 0 0 0 0 0 0 0 0 0 0 0 0 0 0 0 0 0 0
12 : 182 186 181 185 188 189 195 192 193 196 203 207 208 211 215 213 215 215 222 220 149 0 0 0 0 0 0 0 0 0 0 0 0 0 0 0 0 0 0 0 0 0 0 0 0 0 0 0 0 0 0
13 : 182 186 181 186 189 190 195 192 194 196 203 207 209 212 215 213 214 214 222 219 149 0 0 0 0 0 0 0 0 0 0 0 0 0 0 0 0 0 0 0 0 0 0 0 0 0 0 0 0 0 0
14 : 181 185 180 185 187 189 195 192 192 195 202 206 208 211 214 213 214 214 221 219 149 0 0 0 0 0 0 0 0 0 0 0 0 0 0 0 0 0 0 0 0 0 0 0 0 0 0 0 0 0 0
15 : 181 187 180 185 188 189 195 193 193 196 202 207 208 211 214 212 214 214 222 219 149 1 0 0 0 0 0 0 0 0 0 0 0 0 0 0 0 0 0 0 0 0 0 0 0 0 0 0 0 0 0
16 : 181 185 179 184 187 188 194 191 192 195 202 206 207 210 214 212 213 213 220 218 148 1 0 0 0 0 0 0 0 0 0 0 0 0 0 0 0 0 0 0 0 0 0 0 0 0 0 0 0 0 0
17 : 181 186 181 185 188 189 195 192 193 196 202 206 208 211 215 213 214 214 221 219 149 1 0 0 0 0 0 0 0 0 0 0 0 0 0 0 0 0 0 0 0 0 0 0 0 0 0 0 0 0 0
18 : 180 185 179 184 187 188 194 191 192 195 201 206 207 209 213 212 214 213 221 218 149 1 0 0 0 0 0 0 0 0 0 0 0 0 0 0 0 0 0 0 0 0 0 0 0 0 0 0 0 0 0
19 : 181 185 179 184 188 189 195 191 192 195 201 207 208 210 214 213 214 213 221 218 149 1 0 0 0 0 0 0 0 0 0 0 0 0 0 0 0 0 0 0 0 0 0 0 0 0 0 0 0 0 0
20 : 182 187 180 185 188 189 195 192 193 196 202 207 208 211 214 212 214 214 221 218 149 1 0 0 0 0 0 0 0 0 0 0 0 0 0 0 0 0 0 0 0 0 0 0 0 0 0 0 0 0 0
21 : 180 185 179 184 187 188 194 190 192 195 201 206 207 210 214 211 213 214 220 217 149 1 0 0 0 0 0 0 0 0 0 0 0 0 0 0 0 0 0 0 0 0 0 0 0 0 0 0 0 0 0
22 : 180 185 179 184 187 189 194 191 192 195 201 206 207 210 214 212 213 213 221 218 149 1 0 0 0 0 0 0 0 0 0 0 0 0 0 0 0 0 0 0 0 0 0 0 0 0 0 0 0 0 0
23 : 180 185 179 184 187 188 194 191 192 196 201 206 207 210 214 212 213 214 220 218 149 1 0 0 0 0 0 0 0 0 0 0 0 0 0 0 0 0 0 0 0 0 0 0 0 0 0 0 0 0 0
24 : 181 186 180 185 188 189 196 192 192 196 202 206 208 210 215 212 214 214 221 219 150 1 0 0 0 0 0 0 0 0 0 0 0 0 0 0 0 0 0 0 0 0 0 0 0 0 0 0 0 0 0
25 : 182 188 182 187 189 190 197 194 194 198 204 208 209 212 216 214 215 215 222 220 152 1 0 0 0 0 0 0 0 0 0 0 0 0 0 0 0 0 0 0 0 0 0 0 0 0 0 0 0 0 0
26 : 180 186 180 184 187 188 195 191 192 196 201 206 207 210 214 212 213 214 221 218 149 1 0 0 0 0 0 0 0 0 0 0 0 0 0 0 0 0 0 0 0 0 0 0 0 0 0 0 0 0 0
27 : 181 187 180 186 188 190 196 193 193 197 203 207 208 211 215 213 215 215 222 219 151 1 0 0 0 0 0 0 0 0 0 0 0 0 0 0 0 0 0 0 0 0 0 0 0 0 0 0 0 0 0
28 : 181 186 180 185 188 189 195 191 192 196 202 206 208 210 214 212 213 214 221 218 150 1 0 0 0 0 0 0 0 0 0 0 0 0 0 0 0 0 0 0 0 0 0 0 0 0 0 0 0 0 0
29 : 180 185 179 184 187 189 194 191 192 196 202 206 207 210 214 212 214 214 221 218 150 1 0 0 0 0 0 0 0 0 0 0 0 0 0 0 0 0 0 0 0 0 0 0 0 0 0 0 0 0 0
30 : 182 187 181 186 189 190 196 193 194 197 203 207 209 211 215 213 215 215 222 219 151 1 0 0 0 0 0 0 0 0 0 0 0 0 0 0 0 0 0 0 0 0 0 0 0 0 0 0 0 0 0
31 : 180 185 179 184 186 188 194 191 192 196 201 206 207 209 214 212 213 213 220 218 150 1 0 0 0 0 0 0 0 0 0 0 0 0 0 0 0 0 0 0 0 0 0 0 0 0 0 0 0 0 0
32 : 180 186 179 184 187 189 194 192 193 196 202 207 208 211 215 213 214 214 221 219 151 1 0 0 0 0 0 0 0 0 0 0 0 0 0 0 0 0 0 0 0 0 0 0 0 0 0 0 0 0 0
33 : 181 186 180 185 188 190 196 192 193 197 203 207 208 211 215 213 215 214 222 219 151 1 0 0 0 0 0 0 0 0 0 0 0 0 0 0 0 0 0 0 0 0 0 0 0 0 0 0 0 0 0
34 : 180 186 180 185 187 189 195 192 192 196 202 206 208 211 214 213 214 214 221 218 150 1 0 0 0 0 0 0 0 0 0 0 0 0 0 0 0 0 0 0 0 0 0 0 0 0 0 0 0 0 0
35 : 182 187 181 186 189 190 196 193 194 198 204 208 210 212 216 214 215 215 222 220 152 1 0 0 0 0 0 0 0 0 0 0 0 0 0 0 0 0 0 0 0 0 0 0 0 0 0 0 0 0 0
36 : 181 187 180 185 188 190 196 193 194 197 204 207 209 211 215 214 215 215 222 219 151 1 0 0 0 0 0 0 0 0 0 0 0 0 0 0 0 0 0 0 0 0 0 0 0 0 0 0 0 0 0
37 : 181 186 180 185 188 189 195 192 193 197 203 207 208 211 215 213 215 214 222 219 151 1 0 0 0 0 0 0 0 0 0 0 0 0 0 0 0 0 0 0 0 0 0 0 0 0 0 0 0 0 0
38 : 181 186 180 185 188 190 196 192 193 197 203 207 208 211 215 213 215 214 221 220 151 1 0 0 0 0 0 0 0 0 0 0 0 0 0 0 0 0 0 0 0 0 0 0 0 0 0 0 0 0 0
39 : 180 185 180 185 187 188 195 192 193 196 202 207 208 211 214 213 214 214 221 219 152 1 0 0 0 0 0 0 0 0 0 0 0 0 0 0 0 0 0 0 0 0 0 0 0 0 0 0 0 0 0
40 : 182 187 181 186 189 190 196 193 194 197 203 208 209 211 215 214 216 215 222 220 154 1 0 0 0 0 0 0 0 0 0 0 0 0 0 0 0 0 0 0 0 0 0 0 0 0 0 0 0 0 0
41 : 181 186 180 185 188 189 195 192 193 197 203 207 208 211 215 213 214 214 221 219 156 1 0 0 0 0 0 0 0 0 0 0 0 0 0 0 0 0 0 0 0 0 0 0 0 0 0 0 0 0 0
42 : 181 186 180 185 188 189 195 192 193 197 203 207 209 211 215 213 214 213 221 218 160 1 0 0 0 0 0 0 0 0 0 0 0 0 0 0 0 0 0 0 0 0 0 0 0 0 0 0 0 0 0
43 : 181 186 180 186 188 189 196 193 194 197 203 207 209 211 215 214 215 214 221 218 162 1 0 0 0 0 0 0 0 0 0 0 0 0 0 0 0 0 0 0 0 0 0 0 0 0 0 0 0 0 0
44 : 181 185 179 184 187 188 195 191 193 196 202 206 207 211 214 212 214 213 220 217 163 1 0 0 0 0 0 0 0 0 0 0 0 0 0 0 0 0 0 0 0 0 0 0 0 0 0 0 0 0 0
45 : 183 188 182 187 190 191 197 194 195 199 204 208 210 213 216 214 215 214 222 219 166 1 0 0 0 0 0 0 0 0 0 0 0 0 0 0 0 0 0 0 0 0 0 0 0 0 0 0 0 0 0
46 : 180 185 180 184 186 188 195 191 192 196 201 206 207 209 214 212 214 213 220 216 168 1 0 0 0 0 0 0 0 0 0 0 0 0 0 0 0 0 0 0 0 0 0 0 0 0 0 0 0 0 0
47 : 182 186 181 186 188 189 196 192 194 197 203 208 209 211 215 213 215 213 221 216 176 1 0 0 0 0 0 0 0 0 0 0 0 0 0 0 0 0 0 0 0 0 0 0 0 0 0 0 0 0 0
48 : 181 187 181 186 188 189 196 193 194 197 203 208 209 212 215 213 215 213 222 216 179 1 0 0 0 0 0 0 0 0 0 0 0 0 0 0 0 0 0 0 0 0 0 0 0 0 0 0 0 0 0
49 : 180 185 179 184 187 188 195 191 193 196 202 206 207 210 214 212 214 212 221 212 182 2 0 0 0 0 0 0 0 0 0 0 0 0 0 0 0 0 0 0 0 0 0 0 0 0 0 0 0 0 0
50 : 182 187 181 186 189 190 196 193 195 198 204 207 209 212 216 213 215 213 222 212 184 2 0 0 0 0 0 0 0 0 0 0 0 0 0 0 0 0 0 0 0 0 0 0 0 0 0 0 0 0 0
51 : 182 186 180 185 188 190 196 193 193 197 203 207 208 211 215 213 215 213 222 211 183 2 0 0 0 0 0 0 0 0 0 0 0 0 0 0 0 0 0 0 0 0 0 0 0 0 0 0 0 0 0
52 : 181 186 180 185 188 189 195 192 194 197 203 207 208 211 215 213 215 212 222 211 183 2 0 0 0 0 0 0 0 0 0 0 0 0 0 0 0 0 0 0 0 0 0 0 0 0 0 0 0 0 0
53 : 182 187 181 185 189 189 196 193 194 197 203 207 209 212 215 213 215 212 222 212 181 2 0 0 0 0 0 0 0 0 0 0 0 0 0 0 0 0 0 0 0 0 0 0 0 0 0 0 0 0 0
54 : 181 185 180 185 187 188 195 191 193 196 202 206 207 211 214 212 214 211 221 212 180 2 0 0 0 0 0 0 0 0 0 0 0 0 0 0 0 0 0 0 0 0 0 0 0 0 0 0 0 0 0
55 : 183 188 182 187 190 191 197 194 195 199 204 208 209 213 216 214 215 213 222 215 181 2 0 0 0 0 0 0 0 0 0 0 0 0 0 0 0 0 0 0 0 0 0 0 0 0 0 0 0 0 0
56 : 181 187 181 186 189 189 196 193 194 197 203 207 209 211 215 213 215 212 222 214 178 2 0 0 0 0 0 0 0 0 0 0 0 0 0 0 0 0 0 0 0 0 0 0 0 0 0 0 0 0 0
57 : 181 186 180 185 188 189 196 192 194 197 202 207 208 211 215 212 214 211 222 214 177 3 0 0 0 0 0 0 0 0 0 0 0 0 0 0 0 0 0 0 0 0 0 0 0 0 0 0 0 0 0
58 : 182 187 182 186 189 190 196 193 195 197 203 208 209 212 216 213 215 212 222 215 176 4 0 0 0 0 0 0 0 0 0 0 0 0 0 0 0 0 0 0 0 0 0 0 0 0 0 0 0 0 0
59 : 180 186 180 185 188 189 195 192 194 196 203 206 208 211 214 212 214 211 220 214 175 4 0 0 0 0 0 0 0 0 0 0 0 0 0 0 0 0 0 0 0 0 0 0 0 0 0 0 0 0 0
60 : 183 188 182 187 190 191 198 194 195 199 204 208 209 213 216 214 216 213 222 215 176 5 0 0 0 0 0 0 0 0 0 0 0 0 0 0 0 0 0 0 0 0 0 0 0 0 0 0 0 0 0
61 : 181 187 181 186 189 189 196 192 194 198 203 208 208 212 215 213 215 212 222 215 175 5 0 0 0 0 0 0 0 0 0 0 0 0 0 0 0 0 0 0 0 0 0 0 0 0 0 0 0 0 0
62 : 180 186 180 185 188 189 195 192 193 197 203 207 208 211 215 213 215 212 221 214 175 5 0 0 0 0 0 0 0 0 0 0 0 0 0 0 0 0 0 0 0 0 0 0 0 0 0 0 0 0 0
63 : 181 186 181 186 189 190 195 193 194 198 203 207 209 211 215 213 215 212 221 215 176 5 0 0 0 0 0 0 0 0 0 0 0 0 0 0 0 0 0 0 0 0 0 0 0 0 0 0 0 0 0
64 : 181 187 181 186 189 190 196 193 194 198 204 208 209 212 216 213 215 212 222 214 177 5 0 0 0 0 0 0 0 0 0 0 0 0 0 0 0 0 0 0 0 0 0 0 0 0 0 0 0 0 0
65 : 182 189 182 188 190 191 197 194 195 198 205 209 210 213 217 214 216 214 222 216 179 5 0 0 0 0 0 0 0 0 0 0 0 0 0 0 0 0 0 0 0 0 0 0 0 0 0 0 0 0 0
66 : 181 187 181 186 189 190 196 193 194 197 203 207 209 212 215 213 215 212 222 214 178 5 0 0 0 0 0 0 0 0 0 0 0 0 0 0 0 0 0 0 0 0 0 0 0 0 0 0 0 0 0
67 : 180 186 181 185 189 189 195 193 194 197 203 207 208 212 215 213 214 212 221 214 179 5 0 0 0 0 0 0 0 0 0 0 0 0 0 0 0 0 0 0 0 0 0 0 0 0 0 0 0 0 0
68 : 181 187 181 186 189 190 196 193 194 197 203 208 209 212 216 214 215 212 222 214 180 5 0 0 0 0 0 0 0 0 0 0 0 0 0 0 0 0 0 0 0 0 0 0 0 0 0 0 0 0 0
69 : 181 188 181 186 189 190 197 193 194 197 204 208 209 212 216 214 215 212 222 214 180 4 0 0 0 0 0 0 0 0 0 0 0 0 0 0 0 0 0 0 0 0 0 0 0 0 0 0 0 0 0
70 : 181 188 182 187 190 190 197 194 194 198 204 208 209 212 216 213 215 212 222 214 182 4 0 0 0 0 0 0 0 0 0 0 0 0 0 0 0 0 0 0 0 0 0 0 0 0 0 0 0 0 0
71 : 180 186 181 185 189 190 196 192 194 197 203 207 209 211 215 213 214 212 221 214 182 4 0 0 0 0 0 0 0 0 0 0 0 0 0 0 0 0 0 0 0 0 0 0 0 0 0 0 0 0 0
72 : 180 186 181 185 188 189 195 192 193 197 203 207 208 211 215 213 215 212 221 213 182 4 0 0 0 0 0 0 0 0 0 0 0 0 0 0 0 0 0 0 0 0 0 0 0 0 0 0 0 0 0
73 : 181 187 181 186 189 190 196 193 194 197 203 208 209 212 215 213 215 212 221 213 183 4 0 0 0 0 0 0 0 0 0 0 0 0 0 0 0 0 0 0 0 0 0 0 0 0 0 0 0 0 0
74 : 181 187 182 186 189 190 196 193 194 197 204 208 209 212 216 213 215 212 222 214 183 4 0 0 0 0 0 0 0 0 0 0 0 0 0 0 0 0 0 0 0 0 0 0 0 0 0 0 0 0 0
75 : 183 188 183 187 190 191 197 194 195 198 204 209 210 213 216 214 216 213 222 215 184 4 0 0 0 0 0 0 0 0 0 0 0 0 0 0 0 0 0 0 0 0 0 0 0 0 0 0 0 0 0
76 : 181 186 181 186 189 190 196 192 194 197 204 208 209 212 216 214 215 212 222 215 183 4 0 0 0 0 0 0 0 0 0 0 0 0 0 0 0 0 0 0 0 0 0 0 0 0 0 0 0 0 0
77 : 181 186 181 185 189 189 195 192 193 196 203 207 209 212 215 213 215 212 221 214 182 4 0 0 0 0 0 0 0 0 0 0 0 0 0 0 0 0 0 0 0 0 0 0 0 0 0 0 0 0 0
78 : 181 186 181 186 189 189 196 192 194 196 203 207 208 212 215 213 215 212 221 214 182 4 0 0 0 0 0 0 0 0 0 0 0 0 0 0 0 0 0 0 0 0 0 0 0 0 0 0 0 0 0
79 : 179 185 179 185 187 188 195 191 192 195 202 207 208 211 214 212 214 211 220 214 181 4 0 0 0 0 0 0 0 0 0 0 0 0 0 0 0 0 0 0 0 0 0 0 0 0 0 0 0 0 0
80 : 183 188 182 187 189 190 196 193 194 197 204 207 208 212 215 213 216 212 222 215 183 4 0 0 0 0 0 0 0 0 0 0 0 0 0 0 0 0 0 0 0 0 0 0 0 0 0 0 0 0 0
81 : 180 187 181 185 189 189 195 192 194 196 203 207 209 212 215 213 215 212 221 215 182 4 0 0 0 0 0 0 0 0 0 0 0 0 0 0 0 0 0 0 0 0 0 0 0 0 0 0 0 0 0
82 : 181 187 181 185 188 189 196 192 193 195 202 207 208 211 215 213 215 212 221 215 182 4 0 0 0 0 0 0 0 0 0 0 0 0 0 0 0 0 0 0 0 0 0 0 0 0 0 0 0 0 0
83 : 182 187 181 186 190 189 196 193 194 197 203 208 208 212 215 213 215 213 222 215 182 4 0 0 0 0 0 0 0 0 0 0 0 0 0 0 0 0 0 0 0 0 0 0 0 0 0 0 0 0 0
84 : 182 187 181 186 190 190 196 193 194 197 203 207 209 213 216 213 215 213 223 215 183 4 0 0 0 0 0 0 0 0 0 0 0 0 0 0 0 0 0 0 0 0 0 0 0 0 0 0 0 0 0
85 : 182 188 182 187 190 190 197 194 195 196 204 208 209 212 216 213 216 213 222 216 184 4 0 0 0 0 0 0 0 0 0 0 0 0 0 0 0 0 0 0 0 0 0 0 0 0 0 0 0 0 0
86 : 181 186 181 186 189 189 196 192 194 196 203 207 209 212 215 213 215 213 222 215 183 4 0 0 0 0 0 0 0 0 0 0 0 0 0 0 0 0 0 0 0 0 0 0 0 0 0 0 0 0 0
87 : 180 187 181 186 189 189 196 192 194 196 203 207 208 212 215 212 215 213 222 215 182 4 0 0 0 0 0 0 0 0 0 0 0 0 0 0 0 0 0 0 0 0 0 0 0 0 0 0 0 0 0
88 : 181 187 181 186 189 189 196 192 194 196 203 206 209 213 215 213 215 213 222 215 183 4 0 0 0 0 0 0 0 0 0 0 0 0 0 0 0 0 0 0 0 0 0 0 0 0 0 0 0 0 0
89 : 182 187 181 186 189 190 197 193 194 197 204 208 209 213 216 214 216 214 222 216 184 4 0 0 0 0 0 0 0 0 0 0 0 0 0 0 0 0 0 0 0 0 0 0 0 0 0 0 0 0 0
90 : 183 189 183 188 191 192 198 195 196 198 205 209 210 214 217 215 217 215 224 217 186 4 0 0 0 0 0 0 0 0 0 0 0 0 0 0 0 0 0 0 0 0 0 0 0 0 0 0 0 0 0
91 : 181 186 181 186 189 188 196 192 194 196 203 207 208 212 215 212 215 213 222 215 184 4 0 0 0 0 0 0 0 0 0 0 0 0 0 0 0 0 0 0 0 0 0 0 0 0 0 0 0 0 0
92 : 180 186 180 185 189 189 196 192 193 196 203 206 207 212 215 213 215 212 221 215 184 4 0 0 0 0 0 0 0 0 0 0 0 0 0 0 0 0 0 0 0 0 0 0 0 0 0 0 0 0 0
93 : 181 186 181 186 189 189 196 193 194 196 203 207 208 212 215 213 215 212 221 215 184 4 0 0 0 0 0 0 0 0 0 0 0 0 0 0 0 0 0 0 0 0 0 0 0 0 0 0 0 0 0
94 : 181 187 181 186 190 190 196 193 194 197 203 207 208 212 215 213 216 213 222 216 185 4 0 0 0 0 0 0 0 0 0 0 0 0 0 0 0 0 0 0 0 0 0 0 0 0 0 0 0 0 0
95 : 181 187 182 187 189 190 197 194 194 197 203 207 209 212 216 214 216 213 222 216 187 4 0 0 0 0 0 0 0 0 0 0 0 0 0 0 0 0 0 0 0 0 0 0 0 0 0 0 0 0 0
96 : 181 187 182 188 190 191 198 194 196 198 204 208 210 213 216 214 216 213 222 217 188 4 0 0 0 0 0 0 0 0 0 0 0 0 0 0 0 0 0 0 0 0 0 0 0 0 0 0 0 0 0
97 : 182 187 183 189 190 191 197 194 195 197 204 208 210 213 216 214 217 213 222 217 189 5 0 0 0 0 0 0 0 0 0 0 0 0 0 0 0 0 0 0 0 0 0 0 0 0 0 0 0 0 0
98 : 181 188 182 188 190 191 197 194 195 197 203 208 209 213 216 213 217 213 222 217 190 5 0 0 0 0 0 0 0 0 0 0 0 0 0 0 0 0 0 0 0 0 0 0 0 0 0 0 0 0 0
99 : 181 187 182 188 189 190 197 193 194 198 203 207 209 212 215 213 216 213 222 217 190 5 0 0 0 0 0 0 0 0 0 0 0 0 0 0 0 0 0 0 0 0 0 0 0 0 0 0 0 0 0
100 : 182 187 183 188 189 190 197 194 195 197 203 207 209 212 216 213 216 213 221 217 191 5 0 0 0 0 0 0 0 0 0 0 0 0 0 0 0 0 0 0 0 0 0 0 0 0 0 0 0 0 0
101 : 181 186 182 187 188 189 196 192 194 197 203 206 209 211 215 212 216 212 221 216 192 5 0 0 0 0 0 0 0 0 0 0 0 0 0 0 0 0 0 0 0 0 0 0 0 0 0 0 0 0 0
1 : 182 185 181 186 188 189 196 191 193 196 202 206 208 211 214 211 215 211 221 216 188 4 0 0 0 0 0 0 0 0 0 0 0 0 0 0 0 0 0 0 0 0 0 0 0 0 0 0 0 0 0
2 : 181 185 180 185 187 188 195 191 193 196 201 206 207 211 214 212 215 211 221 217 190 5 0 0 0 0 0 0 0 0 0 0 0 0 0 0 0 0 0 0 0 0 0 0 0 0 0 0 0 0 0
3 : 182 185 180 186 187 188 195 191 193 196 202 205 207 211 214 211 215 210 221 217 190 5 0 0 0 0 0 0 0 0 0 0 0 0 0 0 0 0 0 0 0 0 0 0 0 0 0 0 0 0 0
4 : 182 185 181 186 188 188 196 191 194 196 202 206 208 212 215 212 216 210 221 217 191 5 0 0 0 0 0 0 0 0 0 0 0 0 0 0 0 0 0 0 0 0 0 0 0 0 0 0 0 0 0
5 : 182 185 181 186 188 189 196 191 194 196 202 206 207 212 215 211 216 211 221 217 192 5 0 0 0 0 0 0 0 0 0 0 0 0 0 0 0 0 0 0 0 0 0 0 0 0 0 0 0 0 0
6 : 182 184 180 186 187 188 195 191 193 196 202 205 208 212 215 211 215 210 220 216 191 5 0 0 0 0 0 0 0 0 0 0 0 0 0 0 0 0 0 0 0 0 0 0 0 0 0 0 0 0 0
7 : 182 184 180 185 187 188 195 191 193 196 203 205 207 211 214 211 215 210 220 217 191 5 0 0 0 0 0 0 0 0 0 0 0 0 0 0 0 0 0 0 0 0 0 0 0 0 0 0 0 0 0
8 : 182 184 180 186 187 188 195 191 192 196 202 205 206 212 215 211 215 210 220 217 191 5 0 0 0 0 0 0 0 0 0 0 0 0 0 0 0 0 0 0 0 0 0 0 0 0 0 0 0 0 0
9 : 182 185 180 186 188 188 196 191 193 196 202 206 208 212 215 211 216 210 221 217 193 5 0 0 0 0 0 0 0 0 0 0 0 0 0 0 0 0 0 0 0 0 0 0 0 0 0 0 0 0 0
10 : 182 185 181 186 188 189 196 192 193 197 203 206 208 212 215 211 215 210 221 217 193 5 0 0 0 0 0 0 0 0 0 0 0 0 0 0 0 0 0 0 0 0 0 0 0 0 0 0 0 0 0
11 : 181 184 179 185 187 188 195 190 192 196 202 205 207 212 215 211 215 209 221 217 193 6 0 0 0 0 0 0 0 0 0 0 0 0 0 0 0 0 0 0 0 0 0 0 0 0 0 0 0 0 0
12 : 181 184 179 185 187 188 195 190 192 196 202 206 206 212 214 211 215 208 221 216 193 6 0 0 0 0 0 0 0 0 0 0 0 0 0 0 0 0 0 0 0 0 0 0 0 0 0 0 0 0 0
13 : 181 184 180 185 188 188 195 191 193 196 202 206 207 211 215 211 215 209 221 216 194 6 0 0 0 0 0 0 0 0 0 0 0 0 0 0 0 0 0 0 0 0 0 0 0 0 0 0 0 0 0
14 : 182 184 179 185 188 189 195 191 193 196 202 206 208 212 214 211 216 209 221 216 195 6 0 0 0 0 0 0 0 0 0 0 0 0 0 0 0 0 0 0 0 0 0 0 0 0 0 0 0 0 0
15 : 184 186 182 187 190 190 197 193 194 198 203 207 209 214 216 212 217 211 223 217 197 6 0 0 0 0 0 0 0 0 0 0 0 0 0 0 0 0 0 0 0 0 0 0 0 0 0 0 0 0 0
16 : 183 185 181 186 189 189 196 192 194 198 203 206 208 213 216 212 217 210 222 217 197 7 0 0 0 0 0 0 0 0 0 0 0 0 0 0 0 0 0 0 0 0 0 0 0 0 0 0 0 0 0
17 : 181 184 178 185 187 188 195 190 193 196 201 205 207 211 214 211 215 210 221 215 197 7 0 0 0 0 0 0 0 0 0 0 0 0 0 0 0 0 0 0 0 0 0 0 0 0 0 0 0 0 0
18 : 181 183 178 184 187 188 194 190 193 196 201 204 207 211 214 210 214 209 220 214 198 8 0 0 0 0 0 0 0 0 0 0 0 0 0 0 0 0 0 0 0 0 0 0 0 0 0 0 0 0 0
19 : 182 184 179 185 188 188 195 191 193 196 202 206 208 211 214 211 214 211 221 214 200 9 0 0 0 0 0 0 0 0 0 0 0 0 0 0 0 0 0 0 0 0 0 0 0 0 0 0 0 0 0
20 : 183 186 180 187 190 190 196 192 195 198 203 207 208 212 215 213 216 212 222 215 204 10 0 0 0 0 0 0 0 0 0 0 0 0 0 0 0 0 0 0 0 0 0 0 0 0 0 0 0 0 0
21 : 181 183 178 185 187 187 194 190 193 197 201 205 207 211 214 211 214 210 220 211 206 12 0 0 0 0 0 0 0 0 0 0 0 0 0 0 0 0 0 0 0 0 0 0 0 0 0 0 0 0 0
22 : 180 183 178 184 187 188 194 189 193 197 201 204 206 210 214 211 213 211 219 211 210 15 0 0 0 0 0 0 0 0 0 0 0 0 0 0 0 0 0 0 0 0 0 0 0 0 0 0 0 0 0
23 : 181 185 180 186 188 189 196 191 195 198 202 206 208 212 215 212 214 213 220 210 214 21 0 0 0 0 0 0 0 0 0 0 0 0 0 0 0 0 0 0 0 0 0 0 0 0 0 0 0 0 0
24 : 180 183 178 184 187 188 195 190 194 198 200 205 206 209 214 211 212 212 217 208 214 30 0 0 0 0 0 0 0 0 0 0 0 0 0 0 0 0 0 0 0 0 0 0 0 0 0 0 0 0 0
25 : 179 184 178 184 187 188 194 191 194 198 200 206 207 209 214 210 212 212 216 210 212 45 0 0 0 0 0 0 0 0 0 0 0 0 0 0 0 0 0 0 0 0 0 0 0 0 0 0 0 0 0
26 : 180 186 179 186 188 190 196 192 195 199 201 207 209 210 215 211 214 213 214 214 213 70 0 0 0 0 0 0 0 0 0 0 0 0 0 0 0 0 0 0 0 0 0 0 0 0 0 0 0 0 0
27 : 181 185 178 185 188 189 195 192 195 198 200 206 209 209 214 213 213 214 212 213 211 92 0 0 0 0 0 0 0 0 0 0 0 0 0 0 0 0 0 0 0 0 0 0 0 0 0 0 0 0 0
28 : 182 184 177 184 187 189 194 192 195 198 199 206 211 209 214 213 213 213 213 212 209 110 0 0 0 0 0 0 0 0 0 0 0 0 0 0 0 0 0 0 0 0 0 0 0 0 0 0 0 0 0
29 : 181 183 176 183 186 189 194 192 194 198 198 204 209 207 212 213 212 213 212 211 203 121 0 0 0 0 0 0 0 0 0 0 0 0 0 0 0 0 0 0 0 0 0 0 0 0 0 0 0 0 0
30 : 183 185 178 185 189 190 195 193 196 198 199 205 210 209 214 214 213 215 214 214 202 130 0 0 0 0 0 0 0 0 0 0 0 0 0 0 0 0 0 0 0 0 0 0 0 0 0 0 0 0 0
31 : 182 185 177 184 187 189 194 194 195 197 198 204 209 207 214 213 213 215 213 214 199 138 0 0 0 0 0 0 0 0 0 0 0 0 0 0 0 0 0 0 0 0 0 0 0 0 0 0 0 0 0
32 : 181 183 176 184 187 188 193 193 194 197 197 204 209 207 214 213 212 215 213 214 198 146 0 0 0 0 0 0 0 0 0 0 0 0 0 0 0 0 0 0 0 0 0 0 0 0 0 0 0 0 0
33 : 182 184 178 184 187 189 194 193 195 198 198 205 209 208 214 213 213 215 214 212 197 149 1 0 0 0 0 0 0 0 0 0 0 0 0 0 0 0 0 0 0 0 0 0 0 0 0 0 0 0 0
34 : 182 184 177 184 187 189 194 193 195 198 198 205 209 208 215 214 213 215 214 211 199 150 1 0 0 0 0 0 0 0 0 0 0 0 0 0 0 0 0 0 0 0 0 0 0 0 0 0 0 0 0
35 : 183 185 178 185 188 190 194 195 196 199 198 205 210 208 215 215 213 216 214 211 201 139 3 0 0 0 0 0 0 0 0 0 0 0 0 0 0 0 0 0 0 0 0 0 0 0 0 0 0 0 0
36 : 182 184 177 184 187 190 194 194 195 198 197 205 210 208 214 214 213 215 214 209 202 130 2 0 0 0 0 0 0 0 0 0 0 0 0 0 0 0 0 0 0 0 0 0 0 0 0 0 0 0 0
37 : 182 184 177 184 187 189 194 193 195 198 198 205 209 208 214 214 213 216 214 208 201 126 1 0 0 0 0 0 0 0 0 0 0 0 0 0 0 0 0 0 0 0 0 0 0 0 0 0 0 0 0
38 : 182 184 177 183 187 189 194 193 195 198 197 204 209 208 214 214 212 215 213 208 201 123 2 0 0 0 0 0 0 0 0 0 0 0 0 0 0 0 0 0 0 0 0 0 0 0 0 0 0 0 0
39 : 180 183 176 182 186 188 193 192 193 196 196 203 208 207 213 213 211 214 213 207 199 122 2 0 0 0 0 0 0 0 0 0 0 0 0 0 0 0 0 0 0 0 0 0 0 0 0 0 0 0 0
40 : 183 185 178 185 188 190 195 194 196 199 198 205 210 208 214 214 212 216 214 209 200 129 1 0 0 0 0 0 0 0 0 0 0 0 0 0 0 0 0 0 0 0 0 0 0 0 0 0 0 0 0
41 : 182 184 176 184 187 189 194 194 195 197 197 205 210 208 214 214 213 216 214 208 199 121 0 0 0 0 0 0 0 0 0 0 0 0 0 0 0 0 0 0 0 0 0 0 0 0 0 0 0 0 0
42 : 182 185 177 183 189 190 194 194 195 198 198 205 210 209 215 215 213 217 215 209 200 118 0 0 0 0 0 0 0 0 0 0 0 0 0 0 0 0 0 0 0 0 0 0 0 0 0 0 0 0 0
43 : 183 184 177 184 188 189 194 194 195 199 198 205 210 208 214 214 212 216 214 209 200 116 0 0 0 0 0 0 0 0 0 0 0 0 0 0 0 0 0 0 0 0 0 0 0 0 0 0 0 0 0
44 : 182 184 177 183 187 188 193 193 194 197 197 204 209 207 214 213 212 216 213 208 201 114 0 0 0 0 0 0 0 0 0 0 0 0 0 0 0 0 0 0 0 0 0 0 0 0 0 0 0 0 0
45 : 183 185 178 185 187 190 195 194 195 198 198 205 210 208 214 214 212 216 214 209 201 113 0 0 0 0 0 0 0 0 0 0 0 0 0 0 0 0 0 0 0 0 0 0 0 0 0 0 0 0 0
46 : 182 184 178 184 188 189 195 194 195 198 198 205 210 208 214 214 213 216 214 209 201 113 0 0 0 0 0 0 0 0 0 0 0 0 0 0 0 0 0 0 0 0 0 0 0 0 0 0 0 0 0
47 : 182 184 176 183 187 189 194 193 194 198 198 204 209 208 214 214 213 216 213 208 201 114 0 0 0 0 0 0 0 0 0 0 0 0 0 0 0 0 0 0 0 0 0 0 0 0 0 0 0 0 0
48 : 183 185 177 184 188 190 195 194 195 198 198 205 210 208 214 213 212 216 214 209 202 113 0 0 0 0 0 0 0 0 0 0 0 0 0 0 0 0 0 0 0 0 0 0 0 0 0 0 0 0 0
49 : 181 183 176 183 187 189 193 193 194 197 196 204 209 206 213 213 211 215 213 207 201 113 0 0 0 0 0 0 0 0 0 0 0 0 0 0 0 0 0 0 0 0 0 0 0 0 0 0 0 0 0
50 : 184 186 179 185 189 191 196 195 196 199 199 206 210 208 215 214 213 217 214 209 202 115 0 0 0 0 0 0 0 0 0 0 0 0 0 0 0 0 0 0 0 0 0 0 0 0 0 0 0 0 0
51 : 182 184 177 184 188 189 194 194 195 198 197 205 210 208 214 213 212 216 214 207 200 114 0 0 0 0 0 0 0 0 0 0 0 0 0 0 0 0 0 0 0 0 0 0 0 0 0 0 0 0 0
52 : 183 185 177 184 188 190 195 194 195 199 198 205 210 208 215 214 213 216 214 208 202 115 0 0 0 0 0 0 0 0 0 0 0 0 0 0 0 0 0 0 0 0 0 0 0 0 0 0 0 0 0
53 : 182 185 178 184 188 190 194 193 195 199 198 205 210 208 214 214 213 216 214 209 202 115 0 0 0 0 0 0 0 0 0 0 0 0 0 0 0 0 0 0 0 0 0 0 0 0 0 0 0 0 0
54 : 181 184 177 183 187 189 193 193 194 197 197 204 209 207 213 213 211 215 213 209 201 114 0 0 0 0 0 0 0 0 0 0 0 0 0 0 0 0 0 0 0 0 0 0 0 0 0 0 0 0 0
55 : 184 186 179 186 189 192 196 195 196 199 199 206 211 209 216 214 213 217 214 210 202 116 0 0 0 0 0 0 0 0 0 0 0 0 0 0 0 0 0 0 0 0 0 0 0 0 0 0 0 0 0
56 : 181 183 176 183 187 189 193 193 194 196 197 204 208 207 213 212 212 214 213 208 200 114 0 0 0 0 0 0 0 0 0 0 0 0 0 0 0 0 0 0 0 0 0 0 0 0 0 0 0 0 0
57 : 181 184 176 183 186 188 193 192 194 197 196 204 208 207 213 212 211 215 213 209 202 114 0 0 0 0 0 0 0 0 0 0 0 0 0 0 0 0 0 0 0 0 0 0 0 0 0 0 0 0 0
58 : 183 184 177 184 188 190 194 194 195 198 198 205 210 208 215 214 213 216 214 209 203 116 0 0 0 0 0 0 0 0 0 0 0 0 0 0 0 0 0 0 0 0 0 0 0 0 0 0 0 0 0
59 : 181 184 176 183 186 189 193 193 194 197 197 204 209 207 214 213 212 215 213 208 201 115 0 0 0 0 0 0 0 0 0 0 0 0 0 0 0 0 0 0 0 0 0 0 0 0 0 0 0 0 0
60 : 183 186 179 185 189 191 195 195 196 199 199 206 211 209 216 214 213 217 215 210 203 116 0 0 0 0 0 0 0 0 0 0 0 0 0 0 0 0 0 0 0 0 0 0 0 0 0 0 0 0 0
61 : 181 183 176 183 185 188 193 192 193 196 196 203 208 206 212 212 210 214 212 208 201 115 0 0 0 0 0 0 0 0 0 0 0 0 0 0 0 0 0 0 0 0 0 0 0 0 0 0 0 0 0
62 : 182 185 177 184 188 190 194 194 195 198 198 205 211 208 214 214 213 216 214 210 203 117 0 0 0 0 0 0 0 0 0 0 0 0 0 0 0 0 0 0 0 0 0 0 0 0 0 0 0 0 0
63 : 182 185 178 184 188 191 193 194 195 198 198 206 210 209 215 214 213 216 214 210 203 118 0 0 0 0 0 0 0 0 0 0 0 0 0 0 0 0 0 0 0 0 0 0 0 0 0 0 0 0 0
64 : 181 184 176 183 187 189 194 193 194 197 197 204 209 208 213 213 212 215 213 209 202 118 0 0 0 0 0 0 0 0 0 0 0 0 0 0 0 0 0 0 0 0 0 0 0 0 0 0 0 0 0
65 : 184 186 179 185 188 191 195 195 196 199 199 206 211 209 215 215 214 217 215 211 203 120 0 0 0 0 0 0 0 0 0 0 0 0 0 0 0 0 0 0 0 0 0 0 0 0 0 0 0 0 0
66 : 181 184 176 183 187 189 194 194 195 198 197 205 209 207 214 213 212 216 214 209 200 120 0 0 0 0 0 0 0 0 0 0 0 0 0 0 0 0 0 0 0 0 0 0 0 0 0 0 0 0 0
67 : 183 184 177 184 187 190 194 194 195 198 198 205 210 208 215 214 213 216 214 210 199 121 0 0 0 0 0 0 0 0 0 0 0 0 0 0 0 0 0 0 0 0 0 0 0 0 0 0 0 0 0
68 : 183 184 178 185 188 190 195 194 195 199 198 205 210 208 215 214 212 216 214 210 198 123 0 0 0 0 0 0 0 0 0 0 0 0 0 0 0 0 0 0 0 0 0 0 0 0 0 0 0 0 0
69 : 181 183 176 183 186 189 193 192 194 197 197 204 209 207 213 213 212 215 213 209 195 120 0 0 0 0 0 0 0 0 0 0 0 0 0 0 0 0 0 0 0 0 0 0 0 0 0 0 0 0 0
70 : 184 186 178 185 188 190 195 194 196 199 198 206 210 209 215 214 213 216 214 210 195 120 0 0 0 0 0 0 0 0 0 0 0 0 0 0 0 0 0 0 0 0 0 0 0 0 0 0 0 0 0
71 : 183 184 177 184 188 189 194 193 195 198 198 205 210 208 214 214 212 216 214 209 194 118 0 0 0 0 0 0 0 0 0 0 0 0 0 0 0 0 0 0 0 0 0 0 0 0 0 0 0 0 0
72 : 182 184 177 184 187 190 194 193 195 198 198 205 209 208 214 214 213 216 214 210 194 116 0 0 0 0 0 0 0 0 0 0 0 0 0 0 0 0 0 0 0 0 0 0 0 0 0 0 0 0 0
73 : 183 184 177 184 187 189 194 193 195 198 197 205 210 208 214 214 212 215 214 210 194 116 0 0 0 0 0 0 0 0 0 0 0 0 0 0 0 0 0 0 0 0 0 0 0 0 0 0 0 0 0
74 : 181 184 176 183 186 188 193 193 194 197 197 204 209 207 213 213 212 215 213 209 193 115 0 0 0 0 0 0 0 0 0 0 0 0 0 0 0 0 0 0 0 0 0 0 0 0 0 0 0 0 0
75 : 184 185 179 185 189 190 195 194 196 199 199 206 210 209 215 215 214 217 215 210 194 117 0 0 0 0 0 0 0 0 0 0 0 0 0 0 0 0 0 0 0 0 0 0 0 0 0 0 0 0 0
76 : 183 184 177 184 188 190 195 193 195 198 198 205 210 208 214 214 213 216 214 209 194 116 0 0 0 0 0 0 0 0 0 0 0 0 0 0 0 0 0 0 0 0 0 0 0 0 0 0 0 0 0
77 : 182 185 177 184 187 189 194 193 195 198 197 205 210 208 214 214 213 216 214 209 194 116 0 0 0 0 0 0 0 0 0 0 0 0 0 0 0 0 0 0 0 0 0 0 0 0 0 0 0 0 0
78 : 183 184 177 184 187 190 194 193 195 198 198 205 209 208 214 214 212 216 214 209 194 116 0 0 0 0 0 0 0 0 0 0 0 0 0 0 0 0 0 0 0 0 0 0 0 0 0 0 0 0 0
79 : 181 184 176 183 186 188 193 192 194 197 197 204 208 206 213 212 211 215 213 208 193 115 0 0 0 0 0 0 0 0 0 0 0 0 0 0 0 0 0 0 0 0 0 0 0 0 0 0 0 0 0
80 : 183 185 178 184 188 190 194 194 195 199 198 205 210 208 214 214 213 216 214 210 194 117 0 0 0 0 0 0 0 0 0 0 0 0 0 0 0 0 0 0 0 0 0 0 0 0 0 0 0 0 0
81 : 182 184 177 184 187 189 194 194 195 198 198 205 210 208 214 214 213 216 214 210 194 116 0 0 0 0 0 0 0 0 0 0 0 0 0 0 0 0 0 0 0 0 0 0 0 0 0 0 0 0 0
82 : 183 184 177 184 187 189 194 193 195 198 198 205 209 208 214 214 212 216 214 209 194 116 0 0 0 0 0 0 0 0 0 0 0 0 0 0 0 0 0 0 0 0 0 0 0 0 0 0 0 0 0
83 : 182 184 177 184 187 189 194 193 195 198 197 205 209 208 214 213 212 216 214 209 194 117 0 0 0 0 0 0 0 0 0 0 0 0 0 0 0 0 0 0 0 0 0 0 0 0 0 0 0 0 0
84 : 183 185 177 184 188 190 194 194 195 198 198 206 210 208 215 214 213 217 214 210 194 117 0 0 0 0 0 0 0 0 0 0 0 0 0 0 0 0 0 0 0 0 0 0 0 0 0 0 0 0 0
85 : 183 185 178 185 188 190 195 194 196 198 198 206 209 208 214 214 213 216 215 209 194 117 0 0 0 0 0 0 0 0 0 0 0 0 0 0 0 0 0 0 0 0 0 0 0 0 0 0 0 0 0
86 : 182 184 177 183 187 189 194 193 195 198 198 205 210 208 214 214 213 216 214 210 194 117 0 0 0 0 0 0 0 0 0 0 0 0 0 0 0 0 0 0 0 0 0 0 0 0 0 0 0 0 0
87 : 182 184 177 184 187 190 194 193 195 198 197 205 209 208 214 213 212 216 214 209 194 116 0 0 0 0 0 0 0 0 0 0 0 0 0 0 0 0 0 0 0 0 0 0 0 0 0 0 0 0 0
88 : 182 184 177 184 187 189 194 193 195 198 197 205 209 208 214 214 212 216 214 209 193 116 0 0 0 0 0 0 0 0 0 0 0 0 0 0 0 0 0 0 0 0 0 0 0 0 0 0 0 0 0
89 : 181 183 177 183 186 188 193 192 194 197 197 204 209 207 214 213 212 215 214 209 193 116 0 0 0 0 0 0 0 0 0 0 0 0 0 0 0 0 0 0 0 0 0 0 0 0 0 0 0 0 0
90 : 184 186 179 185 188 191 196 195 197 200 199 207 211 209 216 215 214 217 215 211 195 117 0 0 0 0 0 0 0 0 0 0 0 0 0 0 0 0 0 0 0 0 0 0 0 0 0 0 0 0 0
91 : 183 184 178 184 188 190 195 194 195 198 198 205 210 208 214 214 213 216 214 210 194 116 0 0 0 0 0 0 0 0 0 0 0 0 0 0 0 0 0 0 0 0 0 0 0 0 0 0 0 0 0
92 : 182 185 177 185 188 190 195 194 195 198 198 205 210 208 215 214 213 216 214 210 194 117 0 0 0 0 0 0 0 0 0 0 0 0 0 0 0 0 0 0 0 0 0 0 0 0 0 0 0 0 0
93 : 182 184 177 184 187 189 194 193 195 198 197 205 210 208 214 213 212 216 214 209 193 116 0 0 0 0 0 0 0 0 0 0 0 0 0 0 0 0 0 0 0 0 0 0 0 0 0 0 0 0 0
94 : 181 183 176 183 186 188 194 192 194 197 196 204 208 207 213 213 212 215 213 208 192 116 0 0 0 0 0 0 0 0 0 0 0 0 0 0 0 0 0 0 0 0 0 0 0 0 0 0 0 0 0
95 : 183 185 179 185 188 191 195 194 196 199 199 206 210 208 215 214 213 216 215 210 194 117 0 0 0 0 0 0 0 0 0 0 0 0 0 0 0 0 0 0 0 0 0 0 0 0 0 0 0 0 0
96 : 182 184 177 183 187 190 194 193 195 198 197 205 209 207 214 213 212 216 214 209 194 116 0 0 0 0 0 0 0 0 0 0 0 0 0 0 0 0 0 0 0 0 0 0 0 0 0 0 0 0 0
97 : 183 185 177 184 187 189 194 194 195 198 197 205 210 208 214 214 213 216 214 210 194 117 0 0 0 0 0 0 0 0 0 0 0 0 0 0 0 0 0 0 0 0 0 0 0 0 0 0 0 0 0
98 : 181 184 177 184 187 189 194 193 195 197 197 204 209 208 214 213 212 215 214 210 193 117 0 0 0 0 0 0 0 0 0 0 0 0 0 0 0 0 0 0 0 0 0 0 0 0 0 0 0 0 0
99 : 182 184 177 184 187 190 194 193 195 198 198 205 210 208 214 214 213 216 215 210 194 117 0 0 0 0 0 0 0 0 0 0 0 0 0 0 0 0 0 0 0 0 0 0 0 0 0 0 0 0 0
100 : 183 185 177 184 187 189 194 193 195 197 197 205 210 208 214 213 212 215 214 209 194 116 0 0 0 0 0 0 0 0 0 0 0 0 0 0 0 0 0 0 0 0 0 0 0 0 0 0 0 0 0
101 : 180 182 176 182 186 188 192 192 194 196 196 204 208 206 213 213 211 215 214 209 194 117 0 0 0 0 0 0 0 0 0 0 0 0 0 0 0 0 0 0 0 0 0 0 0 0 0 0 0 0 0
