Brightness in each height
Heights/D : 36.3415 35.6195 34.8976 34.1756 33.4537 32.7317 32.0098 31.2878 30.5659 29.8439 29.122 28.4 27.678 26.9561 26.2341 25.5122 24.7902 24.0683 23.3463 22.6244 21.9024 21.1805 20.4585 19.7366 19.0146 18.2927 17.5707 16.8488 16.1268 15.4049 14.6829 13.961 13.239 12.5171 11.7951 11.0732 10.3512 9.62927 8.90732 8.18537 7.46341 6.74146 6.01951 5.29756 4.57561 3.85366 3.13171 2.40976 1.6878 0.965854 0.243902
1 : 176 171 171 174 172 181 178 181 182 186 189 193 196 198 203 204 206 211 203 188 2 0 0 0 0 0 0 0 0 0 0 0 0 0 0 0 0 0 0 0 0 0 0 0 0 0 0 0 0 0 0
2 : 177 172 173 175 173 182 179 182 183 187 190 194 197 198 204 205 207 213 204 191 2 0 0 0 0 0 0 0 0 0 0 0 0 0 0 0 0 0 0 0 0 0 0 0 0 0 0 0 0 0 0
3 : 176 172 172 176 174 182 180 183 184 186 190 194 197 197 204 205 208 213 205 191 2 0 0 0 0 0 0 0 0 0 0 0 0 0 0 0 0 0 0 0 0 0 0 0 0 0 0 0 0 0 0
4 : 177 173 173 176 174 183 180 182 184 187 190 194 197 198 203 205 207 212 204 190 2 0 0 0 0 0 0 0 0 0 0 0 0 0 0 0 0 0 0 0 0 0 0 0 0 0 0 0 0 0 0
5 : 175 172 172 175 173 181 178 181 183 186 189 194 196 197 203 204 207 212 203 191 2 0 0 0 0 0 0 0 0 0 0 0 0 0 0 0 0 0 0 0 0 0 0 0 0 0 0 0 0 0 0
6 : 175 172 172 175 173 182 179 182 184 187 190 194 197 197 203 205 207 213 205 191 2 0 0 0 0 0 0 0 0 0 0 0 0 0 0 0 0 0 0 0 0 0 0 0 0 0 0 0 0 0 0
7 : 176 172 173 176 173 182 180 182 184 187 190 194 197 198 204 205 207 212 205 191 2 0 0 0 0 0 0 0 0 0 0 0 0 0 0 0 0 0 0 0 0 0 0 0 0 0 0 0 0 0 0
8 : 176 172 172 174 173 181 179 181 183 186 190 193 196 197 203 204 207 212 205 191 2 0 0 0 0 0 0 0 0 0 0 0 0 0 0 0 0 0 0 0 0 0 0 0 0 0 0 0 0 0 0
9 : 178 174 175 177 175 184 181 184 185 188 191 196 198 199 205 206 209 214 206 191 2 0 0 0 0 0 0 0 0 0 0 0 0 0 0 0 0 0 0 0 0 0 0 0 0 0 0 0 0 0 0
10 : 176 171 171 174 173 182 178 181 183 187 189 194 196 197 203 205 207 213 205 191 2 0 0 0 0 0 0 0 0 0 0 0 0 0 0 0 0 0 0 0 0 0 0 0 0 0 0 0 0 0 0
11 : 176 172 172 175 174 182 179 183 183 187 190 194 198 198 203 205 207 213 205 191 2 0 0 0 0 0 0 0 0 0 0 0 0 0 0 0 0 0 0 0 0 0 0 0 0 0 0 0 0 0 0
12 : 175 172 173 175 173 181 179 183 184 186 190 194 196 197 203 205 207 213 204 191 2 0 0 0 0 0 0 0 0 0 0 0 0 0 0 0 0 0 0 0 0 0 0 0 0 0 0 0 0 0 0
13 : 176 172 172 174 173 181 179 182 183 186 189 194 196 198 204 205 208 213 205 191 2 0 0 0 0 0 0 0 0 0 0 0 0 0 0 0 0 0 0 0 0 0 0 0 0 0 0 0 0 0 0
14 : 179 174 175 177 176 184 181 184 185 188 191 196 198 200 205 207 209 214 206 191 2 0 0 0 0 0 0 0 0 0 0 0 0 0 0 0 0 0 0 0 0 0 0 0 0 0 0 0 0 0 0
15 : 175 171 172 174 172 182 179 182 183 185 190 193 196 198 203 204 207 212 204 190 2 0 0 0 0 0 0 0 0 0 0 0 0 0 0 0 0 0 0 0 0 0 0 0 0 0 0 0 0 0 0
16 : 174 171 170 174 172 179 178 181 182 185 188 193 195 197 202 203 207 212 203 191 2 0 0 0 0 0 0 0 0 0 0 0 0 0 0 0 0 0 0 0 0 0 0 0 0 0 0 0 0 0 0
17 : 175 171 172 174 173 181 179 181 183 186 189 193 196 197 203 205 206 213 204 191 2 0 0 0 0 0 0 0 0 0 0 0 0 0 0 0 0 0 0 0 0 0 0 0 0 0 0 0 0 0 0
18 : 176 172 172 175 173 182 179 182 183 186 189 194 196 198 204 205 207 213 205 192 2 0 0 0 0 0 0 0 0 0 0 0 0 0 0 0 0 0 0 0 0 0 0 0 0 0 0 0 0 0 0
19 : 178 174 174 177 175 183 182 184 185 189 191 195 198 200 205 207 208 213 206 193 2 0 0 0 0 0 0 0 0 0 0 0 0 0 0 0 0 0 0 0 0 0 0 0 0 0 0 0 0 0 0
20 : 176 171 172 174 173 181 179 182 182 186 189 193 196 197 203 204 206 212 204 191 2 0 0 0 0 0 0 0 0 0 0 0 0 0 0 0 0 0 0 0 0 0 0 0 0 0 0 0 0 0 0
21 : 176 172 172 175 173 181 179 181 183 187 189 195 196 198 204 205 207 213 205 192 2 0 0 0 0 0 0 0 0 0 0 0 0 0 0 0 0 0 0 0 0 0 0 0 0 0 0 0 0 0 0
22 : 175 172 173 175 173 181 179 182 183 186 189 194 197 198 203 204 208 213 204 192 2 0 0 0 0 0 0 0 0 0 0 0 0 0 0 0 0 0 0 0 0 0 0 0 0 0 0 0 0 0 0
23 : 174 171 171 174 172 180 178 181 182 185 187 192 195 196 203 203 206 211 203 191 2 0 0 0 0 0 0 0 0 0 0 0 0 0 0 0 0 0 0 0 0 0 0 0 0 0 0 0 0 0 0
24 : 178 175 174 177 175 183 180 183 185 188 191 196 198 200 205 206 208 214 206 193 2 0 0 0 0 0 0 0 0 0 0 0 0 0 0 0 0 0 0 0 0 0 0 0 0 0 0 0 0 0 0
25 : 176 170 171 175 173 181 179 181 183 185 189 193 196 197 203 204 206 212 204 191 2 0 0 0 0 0 0 0 0 0 0 0 0 0 0 0 0 0 0 0 0 0 0 0 0 0 0 0 0 0 0
26 : 176 171 172 175 174 181 179 181 183 187 189 194 196 198 204 205 207 213 205 192 2 0 0 0 0 0 0 0 0 0 0 0 0 0 0 0 0 0 0 0 0 0 0 0 0 0 0 0 0 0 0
27 : 176 172 173 175 173 182 179 182 183 186 189 193 197 198 204 205 207 213 205 193 2 0 0 0 0 0 0 0 0 0 0 0 0 0 0 0 0 0 0 0 0 0 0 0 0 0 0 0 0 0 0
28 : 176 171 172 175 173 181 179 181 183 186 189 193 196 197 202 204 207 212 204 193 2 0 0 0 0 0 0 0 0 0 0 0 0 0 0 0 0 0 0 0 0 0 0 0 0 0 0 0 0 0 0
29 : 178 174 175 177 175 183 180 183 185 188 191 196 198 199 205 206 208 214 206 194 2 0 0 0 0 0 0 0 0 0 0 0 0 0 0 0 0 0 0 0 0 0 0 0 0 0 0 0 0 0 0
30 : 175 171 171 174 173 181 179 181 183 186 189 194 195 197 203 204 207 212 203 193 2 0 0 0 0 0 0 0 0 0 0 0 0 0 0 0 0 0 0 0 0 0 0 0 0 0 0 0 0 0 0
31 : 175 171 171 174 173 181 179 182 183 186 190 194 197 198 203 205 207 213 204 193 2 0 0 0 0 0 0 0 0 0 0 0 0 0 0 0 0 0 0 0 0 0 0 0 0 0 0 0 0 0 0
32 : 176 172 173 175 173 181 179 182 183 186 190 194 197 198 203 205 207 212 204 193 2 0 0 0 0 0 0 0 0 0 0 0 0 0 0 0 0 0 0 0 0 0 0 0 0 0 0 0 0 0 0
33 : 175 170 171 174 172 180 178 181 182 185 188 192 195 197 202 204 206 211 203 192 2 0 0 0 0 0 0 0 0 0 0 0 0 0 0 0 0 0 0 0 0 0 0 0 0 0 0 0 0 0 0
34 : 176 173 173 176 174 182 180 182 183 187 190 194 196 198 203 205 207 212 203 193 2 0 0 0 0 0 0 0 0 0 0 0 0 0 0 0 0 0 0 0 0 0 0 0 0 0 0 0 0 0 0
35 : 175 170 171 175 172 181 179 181 183 186 189 193 195 197 203 204 206 212 203 193 2 0 0 0 0 0 0 0 0 0 0 0 0 0 0 0 0 0 0 0 0 0 0 0 0 0 0 0 0 0 0
36 : 176 171 172 175 173 181 179 182 183 186 189 194 196 198 203 205 207 213 205 194 2 0 0 0 0 0 0 0 0 0 0 0 0 0 0 0 0 0 0 0 0 0 0 0 0 0 0 0 0 0 0
37 : 177 172 173 176 173 182 180 182 183 186 189 194 197 198 203 205 206 213 204 194 2 0 0 0 0 0 0 0 0 0 0 0 0 0 0 0 0 0 0 0 0 0 0 0 0 0 0 0 0 0 0
38 : 176 172 172 175 173 182 180 182 183 186 190 194 196 198 204 205 207 213 204 194 2 0 0 0 0 0 0 0 0 0 0 0 0 0 0 0 0 0 0 0 0 0 0 0 0 0 0 0 0 0 0
39 : 179 176 175 177 175 184 182 184 185 189 192 197 199 200 205 207 209 214 205 195 2 0 0 0 0 0 0 0 0 0 0 0 0 0 0 0 0 0 0 0 0 0 0 0 0 0 0 0 0 0 0
40 : 175 172 171 174 173 181 179 182 183 185 188 194 196 198 203 205 207 212 203 193 2 0 0 0 0 0 0 0 0 0 0 0 0 0 0 0 0 0 0 0 0 0 0 0 0 0 0 0 0 0 0
41 : 175 171 171 174 172 181 177 181 182 185 189 192 195 197 202 203 206 211 203 193 2 0 0 0 0 0 0 0 0 0 0 0 0 0 0 0 0 0 0 0 0 0 0 0 0 0 0 0 0 0 0
42 : 175 171 172 175 173 181 179 181 183 186 189 194 196 197 202 204 206 212 204 193 2 0 0 0 0 0 0 0 0 0 0 0 0 0 0 0 0 0 0 0 0 0 0 0 0 0 0 0 0 0 0
43 : 176 172 172 176 173 182 180 183 184 187 190 194 197 198 204 205 207 213 204 194 2 0 0 0 0 0 0 0 0 0 0 0 0 0 0 0 0 0 0 0 0 0 0 0 0 0 0 0 0 0 0
44 : 179 175 175 178 176 184 181 185 186 189 191 196 199 200 205 207 209 214 206 195 2 0 0 0 0 0 0 0 0 0 0 0 0 0 0 0 0 0 0 0 0 0 0 0 0 0 0 0 0 0 0
45 : 175 171 171 174 173 181 178 182 183 186 189 193 196 197 203 204 206 211 203 193 2 0 0 0 0 0 0 0 0 0 0 0 0 0 0 0 0 0 0 0 0 0 0 0 0 0 0 0 0 0 0
46 : 176 172 172 176 174 182 180 182 183 187 190 194 197 198 204 205 207 213 204 194 2 0 0 0 0 0 0 0 0 0 0 0 0 0 0 0 0 0 0 0 0 0 0 0 0 0 0 0 0 0 0
47 : 176 172 172 175 173 181 179 182 183 186 189 194 197 198 203 204 207 212 204 193 2 0 0 0 0 0 0 0 0 0 0 0 0 0 0 0 0 0 0 0 0 0 0 0 0 0 0 0 0 0 0
48 : 176 172 172 175 173 182 179 182 184 187 190 194 197 198 204 205 207 213 203 194 2 0 0 0 0 0 0 0 0 0 0 0 0 0 0 0 0 0 0 0 0 0 0 0 0 0 0 0 0 0 0
49 : 177 173 174 177 174 183 181 183 184 187 190 195 197 198 204 205 208 212 204 194 2 0 0 0 0 0 0 0 0 0 0 0 0 0 0 0 0 0 0 0 0 0 0 0 0 0 0 0 0 0 0
50 : 175 171 172 175 173 181 179 181 183 186 188 194 196 198 202 205 207 212 203 193 2 0 0 0 0 0 0 0 0 0 0 0 0 0 0 0 0 0 0 0 0 0 0 0 0 0 0 0 0 0 0
51 : 175 172 172 175 172 181 179 182 184 187 190 195 197 198 204 205 207 213 204 194 2 0 0 0 0 0 0 0 0 0 0 0 0 0 0 0 0 0 0 0 0 0 0 0 0 0 0 0 0 0 0
52 : 176 172 172 175 173 182 179 182 183 186 189 193 197 197 203 204 206 212 204 194 2 0 0 0 0 0 0 0 0 0 0 0 0 0 0 0 0 0 0 0 0 0 0 0 0 0 0 0 0 0 0
53 : 176 172 172 175 173 181 180 182 183 187 190 195 197 198 203 205 207 213 204 194 2 0 0 0 0 0 0 0 0 0 0 0 0 0 0 0 0 0 0 0 0 0 0 0 0 0 0 0 0 0 0
54 : 177 173 173 176 174 183 180 184 184 188 190 195 197 198 204 206 208 212 204 194 2 0 0 0 0 0 0 0 0 0 0 0 0 0 0 0 0 0 0 0 0 0 0 0 0 0 0 0 0 0 0
55 : 176 172 172 175 173 181 179 182 183 186 189 194 196 197 203 204 207 212 204 193 2 0 0 0 0 0 0 0 0 0 0 0 0 0 0 0 0 0 0 0 0 0 0 0 0 0 0 0 0 0 0
56 : 176 172 172 175 174 182 180 182 183 187 191 195 197 198 204 205 207 213 205 194 2 0 0 0 0 0 0 0 0 0 0 0 0 0 0 0 0 0 0 0 0 0 0 0 0 0 0 0 0 0 0
57 : 177 175 174 176 174 182 180 184 185 188 191 195 198 199 205 207 208 214 205 195 2 0 0 0 0 0 0 0 0 0 0 0 0 0 0 0 0 0 0 0 0 0 0 0 0 0 0 0 0 0 0
58 : 176 172 172 175 172 183 179 182 184 187 190 194 197 198 204 205 207 213 204 193 2 0 0 0 0 0 0 0 0 0 0 0 0 0 0 0 0 0 0 0 0 0 0 0 0 0 0 0 0 0 0
59 : 176 173 173 176 174 182 180 182 184 187 190 195 197 198 204 205 207 212 204 194 2 0 0 0 0 0 0 0 0 0 0 0 0 0 0 0 0 0 0 0 0 0 0 0 0 0 0 0 0 0 0
60 : 175 171 172 175 172 181 178 181 183 186 189 193 196 198 203 204 207 212 204 193 2 0 0 0 0 0 0 0 0 0 0 0 0 0 0 0 0 0 0 0 0 0 0 0 0 0 0 0 0 0 0
61 : 175 171 172 174 173 181 179 182 183 186 190 194 197 198 204 205 207 213 204 193 2 0 0 0 0 0 0 0 0 0 0 0 0 0 0 0 0 0 0 0 0 0 0 0 0 0 0 0 0 0 0
62 : 178 173 174 176 174 183 180 183 185 188 190 195 198 199 204 206 208 213 205 194 2 0 0 0 0 0 0 0 0 0 0 0 0 0 0 0 0 0 0 0 0 0 0 0 0 0 0 0 0 0 0
63 : 175 171 172 174 173 180 178 182 183 186 189 194 196 198 203 204 206 213 203 194 2 0 0 0 0 0 0 0 0 0 0 0 0 0 0 0 0 0 0 0 0 0 0 0 0 0 0 0 0 0 0
64 : 178 173 174 177 174 183 181 183 184 188 190 195 197 199 204 205 208 213 205 194 2 0 0 0 0 0 0 0 0 0 0 0 0 0 0 0 0 0 0 0 0 0 0 0 0 0 0 0 0 0 0
65 : 175 171 172 175 173 181 179 181 182 186 189 193 196 197 203 205 207 212 203 192 2 0 0 0 0 0 0 0 0 0 0 0 0 0 0 0 0 0 0 0 0 0 0 0 0 0 0 0 0 0 0
66 : 176 172 173 175 173 182 179 182 183 186 189 194 196 198 204 205 207 213 204 194 2 0 0 0 0 0 0 0 0 0 0 0 0 0 0 0 0 0 0 0 0 0 0 0 0 0 0 0 0 0 0
67 : 175 172 172 175 173 181 179 182 183 186 189 193 196 197 203 205 207 212 203 193 2 0 0 0 0 0 0 0 0 0 0 0 0 0 0 0 0 0 0 0 0 0 0 0 0 0 0 0 0 0 0
68 : 176 172 172 175 173 181 180 182 183 186 189 194 196 198 204 205 207 213 204 194 2 0 0 0 0 0 0 0 0 0 0 0 0 0 0 0 0 0 0 0 0 0 0 0 0 0 0 0 0 0 0
69 : 176 174 174 177 174 182 180 183 184 187 190 195 197 198 204 205 208 213 204 194 2 0 0 0 0 0 0 0 0 0 0 0 0 0 0 0 0 0 0 0 0 0 0 0 0 0 0 0 0 0 0
70 : 176 172 172 175 173 182 180 182 184 187 190 194 198 198 204 205 208 214 205 194 2 0 0 0 0 0 0 0 0 0 0 0 0 0 0 0 0 0 0 0 0 0 0 0 0 0 0 0 0 0 0
71 : 177 172 172 175 173 182 180 182 183 186 189 194 196 198 204 205 207 213 204 194 2 0 0 0 0 0 0 0 0 0 0 0 0 0 0 0 0 0 0 0 0 0 0 0 0 0 0 0 0 0 0
72 : 177 173 173 176 174 182 180 183 184 187 191 195 198 198 204 205 208 214 204 194 2 0 0 0 0 0 0 0 0 0 0 0 0 0 0 0 0 0 0 0 0 0 0 0 0 0 0 0 0 0 0
73 : 174 171 171 174 172 181 178 181 183 186 189 194 196 197 203 204 207 212 203 193 2 0 0 0 0 0 0 0 0 0 0 0 0 0 0 0 0 0 0 0 0 0 0 0 0 0 0 0 0 0 0
74 : 178 174 174 178 176 184 182 184 186 188 192 196 199 200 205 206 210 214 206 195 2 0 0 0 0 0 0 0 0 0 0 0 0 0 0 0 0 0 0 0 0 0 0 0 0 0 0 0 0 0 0
75 : 175 171 171 174 172 181 178 182 182 186 188 193 196 197 203 204 207 211 204 193 2 0 0 0 0 0 0 0 0 0 0 0 0 0 0 0 0 0 0 0 0 0 0 0 0 0 0 0 0 0 0
76 : 176 172 172 175 173 182 179 182 183 186 190 194 196 198 204 205 207 212 204 194 2 0 0 0 0 0 0 0 0 0 0 0 0 0 0 0 0 0 0 0 0 0 0 0 0 0 0 0 0 0 0
77 : 175 172 172 175 173 182 179 182 183 186 190 194 196 198 203 204 206 212 203 193 2 0 0 0 0 0 0 0 0 0 0 0 0 0 0 0 0 0 0 0 0 0 0 0 0 0 0 0 0 0 0
78 : 176 172 172 175 173 182 179 183 183 186 190 194 197 198 204 205 207 213 204 194 2 0 0 0 0 0 0 0 0 0 0 0 0 0 0 0 0 0 0 0 0 0 0 0 0 0 0 0 0 0 0
79 : 177 173 173 177 174 183 180 183 184 188 190 194 197 199 204 205 207 213 205 194 2 0 0 0 0 0 0 0 0 0 0 0 0 0 0 0 0 0 0 0 0 0 0 0 0 0 0 0 0 0 0
80 : 175 170 171 175 173 181 179 182 183 186 189 193 196 197 203 204 207 212 203 193 2 0 0 0 0 0 0 0 0 0 0 0 0 0 0 0 0 0 0 0 0 0 0 0 0 0 0 0 0 0 0
81 : 176 171 172 175 173 181 180 182 183 187 190 194 197 198 204 205 207 213 204 194 2 0 0 0 0 0 0 0 0 0 0 0 0 0 0 0 0 0 0 0 0 0 0 0 0 0 0 0 0 0 0
82 : 175 170 171 174 171 180 178 181 183 186 189 194 196 197 203 204 207 211 203 193 2 0 0 0 0 0 0 0 0 0 0 0 0 0 0 0 0 0 0 0 0 0 0 0 0 0 0 0 0 0 0
83 : 175 170 171 174 172 180 178 181 182 186 189 193 196 197 203 204 206 212 203 193 2 0 0 0 0 0 0 0 0 0 0 0 0 0 0 0 0 0 0 0 0 0 0 0 0 0 0 0 0 0 0
84 : 178 174 174 178 176 184 182 184 185 189 192 196 198 199 205 207 209 214 206 195 2 0 0 0 0 0 0 0 0 0 0 0 0 0 0 0 0 0 0 0 0 0 0 0 0 0 0 0 0 0 0
85 : 175 171 171 175 172 181 179 181 183 186 189 193 196 198 203 204 206 211 204 193 2 0 0 0 0 0 0 0 0 0 0 0 0 0 0 0 0 0 0 0 0 0 0 0 0 0 0 0 0 0 0
86 : 176 172 172 175 173 182 179 181 184 186 189 194 196 198 203 205 207 213 204 194 2 0 0 0 0 0 0 0 0 0 0 0 0 0 0 0 0 0 0 0 0 0 0 0 0 0 0 0 0 0 0
87 : 177 172 172 176 173 182 179 182 183 186 190 194 196 198 203 204 207 212 203 193 2 0 0 0 0 0 0 0 0 0 0 0 0 0 0 0 0 0 0 0 0 0 0 0 0 0 0 0 0 0 0
88 : 176 171 171 174 173 181 179 181 183 187 189 194 197 198 203 205 207 212 204 193 2 0 0 0 0 0 0 0 0 0 0 0 0 0 0 0 0 0 0 0 0 0 0 0 0 0 0 0 0 0 0
89 : 177 173 173 176 175 182 180 183 184 187 190 195 197 199 204 205 207 213 205 194 2 0 0 0 0 0 0 0 0 0 0 0 0 0 0 0 0 0 0 0 0 0 0 0 0 0 0 0 0 0 0
90 : 176 172 172 175 172 181 179 182 183 186 189 194 196 197 203 204 207 212 203 193 2 0 0 0 0 0 0 0 0 0 0 0 0 0 0 0 0 0 0 0 0 0 0 0 0 0 0 0 0 0 0
91 : 175 171 171 174 172 180 178 181 182 185 188 192 195 197 202 203 206 211 203 193 2 0 0 0 0 0 0 0 0 0 0 0 0 0 0 0 0 0 0 0 0 0 0 0 0 0 0 0 0 0 0
92 : 176 173 173 176 175 183 180 183 184 188 191 195 197 199 205 205 208 214 205 194 2 0 0 0 0 0 0 0 0 0 0 0 0 0 0 0 0 0 0 0 0 0 0 0 0 0 0 0 0 0 0
93 : 175 171 171 175 172 181 179 182 183 186 189 194 196 197 203 205 207 212 204 193 2 0 0 0 0 0 0 0 0 0 0 0 0 0 0 0 0 0 0 0 0 0 0 0 0 0 0 0 0 0 0
94 : 177 173 175 176 175 183 180 183 184 188 190 195 197 199 204 206 208 213 204 194 2 0 0 0 0 0 0 0 0 0 0 0 0 0 0 0 0 0 0 0 0 0 0 0 0 0 0 0 0 0 0
95 : 175 172 172 175 173 181 179 181 183 186 189 194 196 197 203 205 207 212 203 193 2 0 0 0 0 0 0 0 0 0 0 0 0 0 0 0 0 0 0 0 0 0 0 0 0 0 0 0 0 0 0
96 : 175 170 170 174 172 180 178 180 182 185 188 193 195 197 202 204 206 211 203 193 2 0 0 0 0 0 0 0 0 0 0 0 0 0 0 0 0 0 0 0 0 0 0 0 0 0 0 0 0 0 0
97 : 176 171 172 175 173 181 179 182 183 186 189 194 196 197 203 204 207 212 204 193 2 0 0 0 0 0 0 0 0 0 0 0 0 0 0 0 0 0 0 0 0 0 0 0 0 0 0 0 0 0 0
98 : 175 171 172 174 172 181 179 181 182 186 189 193 197 197 203 204 207 212 203 194 2 0 0 0 0 0 0 0 0 0 0 0 0 0 0 0 0 0 0 0 0 0 0 0 0 0 0 0 0 0 0
99 : 178 174 174 177 175 183 181 184 186 189 191 195 198 200 205 207 208 213 205 195 2 0 0 0 0 0 0 0 0 0 0 0 0 0 0 0 0 0 0 0 0 0 0 0 0 0 0 0 0 0 0
100 : 175 171 171 175 173 181 179 181 182 186 189 193 196 197 203 204 207 212 204 193 2 0 0 0 0 0 0 0 0 0 0 0 0 0 0 0 0 0 0 0 0 0 0 0 0 0 0 0 0 0 0
101 : 176 171 173 175 174 182 180 182 183 187 189 194 197 198 203 205 207 213 204 194 2 0 0 0 0 0 0 0 0 0 0 0 0 0 0 0 0 0 0 0 0 0 0 0 0 0 0 0 0 0 0
