Brightness in each height
Heights/D : 31.7021 31.0723 30.4426 29.8128 29.183 28.5532 27.9234 27.2936 26.6638 26.034 25.4043 24.7745 24.1447 23.5149 22.8851 22.2553 21.6255 20.9957 20.366 19.7362 19.1064 18.4766 17.8468 17.217 16.5872 15.9574 15.3277 14.6979 14.0681 13.4383 12.8085 12.1787 11.5489 10.9191 10.2894 9.65957 9.02979 8.4 7.77021 7.14043 6.51064 5.88085 5.25106 4.62128 3.99149 3.3617 2.73191 2.10213 1.47234 0.842553 0.212766
1 : 133 128 129 134 130 123 138 125 137 131 137 137 144 147 143 145 153 154 149 154 160 152 3 0 0 0 0 0 0 0 0 0 0 0 0 0 0 0 0 0 0 0 0 0 0 0 0 0 0 0 0
2 : 132 126 128 132 128 120 136 124 135 129 136 135 143 146 141 144 152 152 147 153 159 151 3 0 0 0 0 0 0 0 0 0 0 0 0 0 0 0 0 0 0 0 0 0 0 0 0 0 0 0 0
3 : 132 126 128 132 128 120 135 123 134 129 135 133 142 145 142 142 151 151 146 152 158 150 3 0 0 0 0 0 0 0 0 0 0 0 0 0 0 0 0 0 0 0 0 0 0 0 0 0 0 0 0
4 : 134 128 130 134 130 122 138 126 137 132 137 136 144 147 143 144 153 153 149 154 160 152 3 0 0 0 0 0 0 0 0 0 0 0 0 0 0 0 0 0 0 0 0 0 0 0 0 0 0 0 0
5 : 133 127 128 133 128 121 136 124 136 129 136 135 143 145 142 143 153 152 148 153 159 151 3 0 0 0 0 0 0 0 0 0 0 0 0 0 0 0 0 0 0 0 0 0 0 0 0 0 0 0 0
6 : 135 129 130 134 131 122 138 127 138 132 138 137 145 148 143 145 154 153 149 155 160 152 3 0 0 0 0 0 0 0 0 0 0 0 0 0 0 0 0 0 0 0 0 0 0 0 0 0 0 0 0
7 : 133 126 129 132 129 121 136 124 136 129 136 135 143 146 142 143 151 152 148 153 159 151 3 0 0 0 0 0 0 0 0 0 0 0 0 0 0 0 0 0 0 0 0 0 0 0 0 0 0 0 0
8 : 132 126 127 132 127 120 136 124 135 129 136 135 143 146 141 142 152 151 147 152 158 150 3 0 0 0 0 0 0 0 0 0 0 0 0 0 0 0 0 0 0 0 0 0 0 0 0 0 0 0 0
9 : 133 127 128 132 129 120 137 124 136 130 136 135 143 146 141 144 152 152 148 153 159 150 3 0 0 0 0 0 0 0 0 0 0 0 0 0 0 0 0 0 0 0 0 0 0 0 0 0 0 0 0
10 : 132 125 127 131 128 119 135 123 135 128 135 134 142 144 140 142 150 151 146 152 158 150 3 0 0 0 0 0 0 0 0 0 0 0 0 0 0 0 0 0 0 0 0 0 0 0 0 0 0 0 0
11 : 134 128 130 135 131 123 138 126 138 131 138 137 145 147 144 145 154 153 149 154 160 151 3 0 0 0 0 0 0 0 0 0 0 0 0 0 0 0 0 0 0 0 0 0 0 0 0 0 0 0 0
12 : 133 127 129 133 128 121 136 124 135 129 136 135 143 145 142 143 152 152 148 153 159 151 3 0 0 0 0 0 0 0 0 0 0 0 0 0 0 0 0 0 0 0 0 0 0 0 0 0 0 0 0
13 : 132 126 128 132 128 120 136 124 135 129 135 134 142 145 141 142 151 150 147 152 158 150 2 0 0 0 0 0 0 0 0 0 0 0 0 0 0 0 0 0 0 0 0 0 0 0 0 0 0 0 0
14 : 133 128 130 135 130 122 138 125 137 130 137 137 144 147 142 145 153 153 148 153 160 151 2 0 0 0 0 0 0 0 0 0 0 0 0 0 0 0 0 0 0 0 0 0 0 0 0 0 0 0 0
15 : 132 126 127 133 128 120 136 123 134 129 136 135 142 145 141 143 152 151 147 152 158 150 2 0 0 0 0 0 0 0 0 0 0 0 0 0 0 0 0 0 0 0 0 0 0 0 0 0 0 0 0
16 : 134 128 129 134 130 122 138 125 137 131 137 137 144 146 143 144 153 153 149 154 159 151 2 0 0 0 0 0 0 0 0 0 0 0 0 0 0 0 0 0 0 0 0 0 0 0 0 0 0 0 0
17 : 133 127 129 133 130 120 137 124 136 129 136 136 143 146 142 144 153 153 148 153 159 151 3 0 0 0 0 0 0 0 0 0 0 0 0 0 0 0 0 0 0 0 0 0 0 0 0 0 0 0 0
18 : 131 126 127 132 128 120 136 123 134 128 135 133 142 145 141 143 151 152 147 152 158 150 2 0 0 0 0 0 0 0 0 0 0 0 0 0 0 0 0 0 0 0 0 0 0 0 0 0 0 0 0
19 : 133 127 128 133 130 121 137 124 136 129 135 135 144 146 142 143 152 152 148 153 159 151 2 0 0 0 0 0 0 0 0 0 0 0 0 0 0 0 0 0 0 0 0 0 0 0 0 0 0 0 0
20 : 131 125 127 130 127 119 135 122 134 128 134 134 141 144 140 142 151 150 146 151 157 149 2 0 0 0 0 0 0 0 0 0 0 0 0 0 0 0 0 0 0 0 0 0 0 0 0 0 0 0 0
21 : 134 128 130 135 130 123 139 125 137 131 137 137 144 147 144 145 154 154 149 154 160 152 3 0 0 0 0 0 0 0 0 0 0 0 0 0 0 0 0 0 0 0 0 0 0 0 0 0 0 0 0
22 : 132 126 128 132 128 120 134 122 135 128 135 134 142 145 141 143 151 152 147 152 158 150 2 0 0 0 0 0 0 0 0 0 0 0 0 0 0 0 0 0 0 0 0 0 0 0 0 0 0 0 0
23 : 131 125 127 131 128 120 136 123 135 128 134 134 142 145 141 142 151 151 147 152 158 150 2 0 0 0 0 0 0 0 0 0 0 0 0 0 0 0 0 0 0 0 0 0 0 0 0 0 0 0 0
24 : 134 128 130 134 130 122 138 125 137 130 137 136 144 147 143 144 153 153 148 154 160 152 3 0 0 0 0 0 0 0 0 0 0 0 0 0 0 0 0 0 0 0 0 0 0 0 0 0 0 0 0
25 : 133 126 128 132 128 120 136 124 135 129 135 135 143 145 142 143 152 152 147 153 159 151 3 0 0 0 0 0 0 0 0 0 0 0 0 0 0 0 0 0 0 0 0 0 0 0 0 0 0 0 0
26 : 135 128 131 134 130 123 138 125 137 131 137 137 145 147 143 145 154 153 149 155 160 152 3 0 0 0 0 0 0 0 0 0 0 0 0 0 0 0 0 0 0 0 0 0 0 0 0 0 0 0 0
27 : 133 126 128 132 129 120 136 124 135 128 135 135 143 145 141 143 152 152 148 153 158 150 2 0 0 0 0 0 0 0 0 0 0 0 0 0 0 0 0 0 0 0 0 0 0 0 0 0 0 0 0
28 : 131 126 127 132 128 119 135 123 135 128 134 133 141 144 140 142 151 151 147 152 157 149 2 0 0 0 0 0 0 0 0 0 0 0 0 0 0 0 0 0 0 0 0 0 0 0 0 0 0 0 0
29 : 134 128 130 134 130 122 137 125 137 130 137 137 144 147 143 145 154 153 148 154 160 151 3 0 0 0 0 0 0 0 0 0 0 0 0 0 0 0 0 0 0 0 0 0 0 0 0 0 0 0 0
30 : 131 126 127 132 128 120 137 123 135 129 135 135 142 145 141 143 152 152 147 152 158 151 3 0 0 0 0 0 0 0 0 0 0 0 0 0 0 0 0 0 0 0 0 0 0 0 0 0 0 0 0
31 : 135 128 130 135 130 122 138 125 137 131 137 136 145 147 143 145 153 153 149 154 160 152 3 0 0 0 0 0 0 0 0 0 0 0 0 0 0 0 0 0 0 0 0 0 0 0 0 0 0 0 0
32 : 132 126 128 132 128 120 136 123 135 129 135 135 142 145 140 143 151 151 147 152 158 150 3 0 0 0 0 0 0 0 0 0 0 0 0 0 0 0 0 0 0 0 0 0 0 0 0 0 0 0 0
33 : 132 126 127 132 128 120 136 123 135 128 135 134 142 145 140 143 152 152 147 153 158 150 3 0 0 0 0 0 0 0 0 0 0 0 0 0 0 0 0 0 0 0 0 0 0 0 0 0 0 0 0
34 : 134 128 129 134 129 122 137 124 137 130 136 137 144 146 142 144 153 152 148 154 160 151 3 0 0 0 0 0 0 0 0 0 0 0 0 0 0 0 0 0 0 0 0 0 0 0 0 0 0 0 0
35 : 132 126 128 132 128 120 136 123 135 128 135 134 142 145 141 143 152 152 147 153 158 150 2 0 0 0 0 0 0 0 0 0 0 0 0 0 0 0 0 0 0 0 0 0 0 0 0 0 0 0 0
36 : 134 129 130 133 130 121 138 124 136 130 137 136 145 147 142 145 153 153 148 154 160 152 3 0 0 0 0 0 0 0 0 0 0 0 0 0 0 0 0 0 0 0 0 0 0 0 0 0 0 0 0
37 : 133 126 128 132 128 120 135 123 135 128 134 134 142 145 140 143 152 152 146 152 158 150 3 0 0 0 0 0 0 0 0 0 0 0 0 0 0 0 0 0 0 0 0 0 0 0 0 0 0 0 0
38 : 132 126 127 132 128 120 136 122 135 128 135 134 143 145 141 142 150 152 146 153 158 150 3 0 0 0 0 0 0 0 0 0 0 0 0 0 0 0 0 0 0 0 0 0 0 0 0 0 0 0 0
39 : 134 128 130 134 130 121 137 124 137 130 137 136 144 146 143 145 153 153 149 154 159 151 3 0 0 0 0 0 0 0 0 0 0 0 0 0 0 0 0 0 0 0 0 0 0 0 0 0 0 0 0
40 : 131 125 126 131 127 119 135 122 135 128 133 133 141 144 140 142 150 150 146 151 157 149 2 0 0 0 0 0 0 0 0 0 0 0 0 0 0 0 0 0 0 0 0 0 0 0 0 0 0 0 0
41 : 134 129 129 135 130 122 137 124 137 130 137 137 145 147 143 145 153 154 149 155 160 151 3 0 0 0 0 0 0 0 0 0 0 0 0 0 0 0 0 0 0 0 0 0 0 0 0 0 0 0 0
42 : 132 126 128 132 128 120 136 122 135 128 135 134 142 145 141 142 151 151 147 152 158 150 3 0 0 0 0 0 0 0 0 0 0 0 0 0 0 0 0 0 0 0 0 0 0 0 0 0 0 0 0
43 : 133 126 128 132 128 120 136 123 135 129 135 135 142 145 141 143 152 151 147 152 158 150 3 0 0 0 0 0 0 0 0 0 0 0 0 0 0 0 0 0 0 0 0 0 0 0 0 0 0 0 0
44 : 133 128 129 133 129 122 137 124 137 130 136 136 144 146 143 144 153 153 148 154 160 152 3 0 0 0 0 0 0 0 0 0 0 0 0 0 0 0 0 0 0 0 0 0 0 0 0 0 0 0 0
45 : 131 126 128 132 128 120 136 123 135 128 135 134 143 145 141 143 151 151 147 152 158 150 2 0 0 0 0 0 0 0 0 0 0 0 0 0 0 0 0 0 0 0 0 0 0 0 0 0 0 0 0
46 : 133 127 129 134 130 121 137 124 137 129 136 136 144 146 142 144 152 153 148 154 159 151 2 0 0 0 0 0 0 0 0 0 0 0 0 0 0 0 0 0 0 0 0 0 0 0 0 0 0 0 0
47 : 133 126 127 132 128 120 135 123 135 128 134 134 142 145 141 143 151 151 147 152 159 149 2 0 0 0 0 0 0 0 0 0 0 0 0 0 0 0 0 0 0 0 0 0 0 0 0 0 0 0 0
48 : 131 125 126 130 127 119 135 121 135 127 134 134 141 145 140 143 151 151 146 152 158 149 2 0 0 0 0 0 0 0 0 0 0 0 0 0 0 0 0 0 0 0 0 0 0 0 0 0 0 0 0
49 : 134 128 129 134 130 121 138 124 136 130 136 135 144 146 143 144 153 153 148 153 159 151 2 0 0 0 0 0 0 0 0 0 0 0 0 0 0 0 0 0 0 0 0 0 0 0 0 0 0 0 0
50 : 133 126 128 132 128 120 136 123 135 129 135 135 142 146 141 143 152 152 147 152 159 150 2 0 0 0 0 0 0 0 0 0 0 0 0 0 0 0 0 0 0 0 0 0 0 0 0 0 0 0 0
51 : 134 128 129 134 130 122 138 125 137 131 137 136 144 147 143 146 153 153 149 154 160 151 2 0 0 0 0 0 0 0 0 0 0 0 0 0 0 0 0 0 0 0 0 0 0 0 0 0 0 0 0
52 : 132 126 128 133 129 120 136 123 135 128 135 135 143 145 141 142 152 152 148 152 159 150 2 0 0 0 0 0 0 0 0 0 0 0 0 0 0 0 0 0 0 0 0 0 0 0 0 0 0 0 0
53 : 132 126 127 132 127 119 136 122 135 128 134 133 142 145 140 142 152 151 147 152 158 150 2 0 0 0 0 0 0 0 0 0 0 0 0 0 0 0 0 0 0 0 0 0 0 0 0 0 0 0 0
54 : 135 128 129 133 130 121 138 124 137 130 136 136 143 147 142 144 153 153 149 154 160 151 2 0 0 0 0 0 0 0 0 0 0 0 0 0 0 0 0 0 0 0 0 0 0 0 0 0 0 0 0
55 : 133 126 127 132 128 120 137 123 135 128 135 134 142 145 141 143 152 152 147 152 159 150 2 0 0 0 0 0 0 0 0 0 0 0 0 0 0 0 0 0 0 0 0 0 0 0 0 0 0 0 0
56 : 134 128 130 134 130 121 138 124 136 130 136 136 144 146 142 144 153 153 149 153 159 151 2 0 0 0 0 0 0 0 0 0 0 0 0 0 0 0 0 0 0 0 0 0 0 0 0 0 0 0 0
57 : 132 126 128 132 128 120 136 123 135 128 134 135 142 146 141 143 152 152 147 152 158 150 2 0 0 0 0 0 0 0 0 0 0 0 0 0 0 0 0 0 0 0 0 0 0 0 0 0 0 0 0
58 : 132 126 127 132 127 120 135 122 134 128 134 134 143 146 142 142 151 151 147 152 158 150 2 0 0 0 0 0 0 0 0 0 0 0 0 0 0 0 0 0 0 0 0 0 0 0 0 0 0 0 0
59 : 135 128 130 134 129 121 137 124 136 130 137 136 144 147 142 144 153 153 149 154 160 151 2 0 0 0 0 0 0 0 0 0 0 0 0 0 0 0 0 0 0 0 0 0 0 0 0 0 0 0 0
60 : 132 126 127 132 128 119 135 123 135 128 134 134 142 145 141 142 152 151 147 153 158 150 2 0 0 0 0 0 0 0 0 0 0 0 0 0 0 0 0 0 0 0 0 0 0 0 0 0 0 0 0
61 : 133 127 129 133 130 121 137 124 137 130 136 136 143 146 142 144 153 153 149 153 159 152 2 0 0 0 0 0 0 0 0 0 0 0 0 0 0 0 0 0 0 0 0 0 0 0 0 0 0 0 0
62 : 133 126 128 133 129 120 136 123 135 129 135 135 143 146 141 144 152 152 147 153 158 150 2 0 0 0 0 0 0 0 0 0 0 0 0 0 0 0 0 0 0 0 0 0 0 0 0 0 0 0 0
63 : 132 126 128 132 128 120 135 122 135 128 135 134 142 146 141 143 152 152 147 153 159 150 2 0 0 0 0 0 0 0 0 0 0 0 0 0 0 0 0 0 0 0 0 0 0 0 0 0 0 0 0
64 : 134 128 130 134 129 120 138 125 137 131 137 137 145 147 143 145 154 153 149 154 160 151 2 0 0 0 0 0 0 0 0 0 0 0 0 0 0 0 0 0 0 0 0 0 0 0 0 0 0 0 0
65 : 132 126 128 132 129 120 137 123 135 128 135 135 143 145 141 143 152 152 147 153 159 151 2 0 0 0 0 0 0 0 0 0 0 0 0 0 0 0 0 0 0 0 0 0 0 0 0 0 0 0 0
66 : 134 129 129 134 130 121 138 125 137 130 136 137 145 147 143 145 154 153 149 154 161 152 2 0 0 0 0 0 0 0 0 0 0 0 0 0 0 0 0 0 0 0 0 0 0 0 0 0 0 0 0
67 : 133 127 129 133 129 121 137 123 136 129 136 135 143 146 142 143 152 152 148 153 159 150 2 0 0 0 0 0 0 0 0 0 0 0 0 0 0 0 0 0 0 0 0 0 0 0 0 0 0 0 0
68 : 132 126 127 131 128 120 136 122 135 128 134 133 142 145 140 142 151 151 147 152 158 150 2 0 0 0 0 0 0 0 0 0 0 0 0 0 0 0 0 0 0 0 0 0 0 0 0 0 0 0 0
69 : 134 128 129 133 130 121 137 124 137 130 136 136 144 147 143 144 153 152 148 154 159 151 3 0 0 0 0 0 0 0 0 0 0 0 0 0 0 0 0 0 0 0 0 0 0 0 0 0 0 0 0
70 : 132 126 128 132 129 120 136 123 136 129 135 135 142 145 141 144 152 152 147 152 158 150 3 0 0 0 0 0 0 0 0 0 0 0 0 0 0 0 0 0 0 0 0 0 0 0 0 0 0 0 0
71 : 134 128 130 134 130 122 138 125 138 131 137 137 145 148 143 145 153 154 149 154 160 152 3 0 0 0 0 0 0 0 0 0 0 0 0 0 0 0 0 0 0 0 0 0 0 0 0 0 0 0 0
72 : 132 126 127 131 128 120 137 123 135 128 135 135 143 145 142 143 152 152 147 152 158 150 3 0 0 0 0 0 0 0 0 0 0 0 0 0 0 0 0 0 0 0 0 0 0 0 0 0 0 0 0
73 : 133 126 127 132 128 119 136 122 134 128 135 134 142 145 141 143 152 152 147 153 158 150 2 0 0 0 0 0 0 0 0 0 0 0 0 0 0 0 0 0 0 0 0 0 0 0 0 0 0 0 0
74 : 133 127 129 134 129 121 137 123 136 129 137 135 144 146 143 144 153 153 148 154 160 151 3 0 0 0 0 0 0 0 0 0 0 0 0 0 0 0 0 0 0 0 0 0 0 0 0 0 0 0 0
75 : 132 127 128 133 129 120 137 123 135 129 135 135 143 145 142 143 152 151 147 153 159 151 3 0 0 0 0 0 0 0 0 0 0 0 0 0 0 0 0 0 0 0 0 0 0 0 0 0 0 0 0
76 : 133 127 129 134 130 121 138 124 136 129 136 136 144 147 143 144 153 153 148 153 159 151 3 0 0 0 0 0 0 0 0 0 0 0 0 0 0 0 0 0 0 0 0 0 0 0 0 0 0 0 0
77 : 133 126 128 133 129 120 136 123 136 129 135 134 142 145 142 143 152 152 147 153 158 151 3 0 0 0 0 0 0 0 0 0 0 0 0 0 0 0 0 0 0 0 0 0 0 0 0 0 0 0 0
78 : 132 126 127 131 127 120 135 123 135 128 134 134 142 145 140 142 151 152 147 152 158 150 3 0 0 0 0 0 0 0 0 0 0 0 0 0 0 0 0 0 0 0 0 0 0 0 0 0 0 0 0
79 : 134 127 129 134 130 121 138 124 137 130 137 136 144 147 142 144 153 154 148 154 160 151 3 0 0 0 0 0 0 0 0 0 0 0 0 0 0 0 0 0 0 0 0 0 0 0 0 0 0 0 0
80 : 132 127 128 132 128 119 135 123 135 129 135 134 142 145 141 143 152 152 147 153 158 151 3 0 0 0 0 0 0 0 0 0 0 0 0 0 0 0 0 0 0 0 0 0 0 0 0 0 0 0 0
81 : 134 128 129 134 130 122 137 124 136 130 136 136 144 147 142 144 153 153 148 154 160 152 3 0 0 0 0 0 0 0 0 0 0 0 0 0 0 0 0 0 0 0 0 0 0 0 0 0 0 0 0
82 : 132 126 128 132 129 119 136 123 135 128 135 134 142 145 141 142 151 152 148 153 159 150 3 0 0 0 0 0 0 0 0 0 0 0 0 0 0 0 0 0 0 0 0 0 0 0 0 0 0 0 0
83 : 131 125 127 132 127 119 135 123 134 128 134 133 142 144 140 143 151 151 146 152 158 150 2 0 0 0 0 0 0 0 0 0 0 0 0 0 0 0 0 0 0 0 0 0 0 0 0 0 0 0 0
84 : 134 128 129 134 131 121 138 124 137 130 136 136 144 146 143 145 153 153 149 154 160 151 3 0 0 0 0 0 0 0 0 0 0 0 0 0 0 0 0 0 0 0 0 0 0 0 0 0 0 0 0
85 : 132 126 128 132 128 120 136 123 135 129 135 134 142 145 141 142 152 151 147 153 159 151 3 0 0 0 0 0 0 0 0 0 0 0 0 0 0 0 0 0 0 0 0 0 0 0 0 0 0 0 0
86 : 133 128 129 133 128 120 136 123 136 129 136 135 143 146 142 144 153 152 147 153 159 151 3 0 0 0 0 0 0 0 0 0 0 0 0 0 0 0 0 0 0 0 0 0 0 0 0 0 0 0 0
87 : 132 126 128 132 129 120 136 123 135 128 135 134 142 145 141 143 152 152 147 153 158 151 3 0 0 0 0 0 0 0 0 0 0 0 0 0 0 0 0 0 0 0 0 0 0 0 0 0 0 0 0
88 : 132 125 128 132 128 119 136 123 134 128 134 134 143 145 140 142 151 152 147 152 158 150 3 0 0 0 0 0 0 0 0 0 0 0 0 0 0 0 0 0 0 0 0 0 0 0 0 0 0 0 0
89 : 133 127 129 134 129 121 136 123 136 129 136 136 144 146 142 144 153 152 148 153 159 151 3 0 0 0 0 0 0 0 0 0 0 0 0 0 0 0 0 0 0 0 0 0 0 0 0 0 0 0 0
90 : 132 126 128 132 129 120 136 123 135 128 135 134 143 145 141 143 152 152 147 153 159 151 3 0 0 0 0 0 0 0 0 0 0 0 0 0 0 0 0 0 0 0 0 0 0 0 0 0 0 0 0
91 : 133 127 127 133 130 121 138 124 136 130 136 136 143 146 142 144 153 152 147 154 159 151 3 0 0 0 0 0 0 0 0 0 0 0 0 0 0 0 0 0 0 0 0 0 0 0 0 0 0 0 0
92 : 133 126 127 133 129 120 136 123 135 129 135 135 143 146 141 144 152 152 147 153 159 151 3 0 0 0 0 0 0 0 0 0 0 0 0 0 0 0 0 0 0 0 0 0 0 0 0 0 0 0 0
93 : 132 126 127 132 127 119 135 122 134 128 135 134 142 145 141 142 152 152 147 152 158 150 2 0 0 0 0 0 0 0 0 0 0 0 0 0 0 0 0 0 0 0 0 0 0 0 0 0 0 0 0
94 : 133 127 129 133 129 121 136 124 137 130 137 136 144 146 142 144 152 152 148 154 159 151 3 0 0 0 0 0 0 0 0 0 0 0 0 0 0 0 0 0 0 0 0 0 0 0 0 0 0 0 0
95 : 132 126 128 132 128 120 136 123 135 128 135 134 142 145 140 143 152 151 147 152 158 150 3 0 0 0 0 0 0 0 0 0 0 0 0 0 0 0 0 0 0 0 0 0 0 0 0 0 0 0 0
96 : 134 128 130 134 130 122 138 125 137 130 137 136 145 148 143 145 153 153 148 154 160 152 3 0 0 0 0 0 0 0 0 0 0 0 0 0 0 0 0 0 0 0 0 0 0 0 0 0 0 0 0
97 : 133 127 128 133 130 121 136 124 135 129 136 136 143 145 142 144 152 152 147 153 159 151 2 0 0 0 0 0 0 0 0 0 0 0 0 0 0 0 0 0 0 0 0 0 0 0 0 0 0 0 0
98 : 132 126 128 132 128 120 136 123 135 128 134 134 142 146 141 143 151 151 147 152 158 150 2 0 0 0 0 0 0 0 0 0 0 0 0 0 0 0 0 0 0 0 0 0 0 0 0 0 0 0 0
99 : 134 128 130 134 131 122 138 125 138 131 138 136 144 147 143 145 153 153 149 154 160 152 2 0 0 0 0 0 0 0 0 0 0 0 0 0 0 0 0 0 0 0 0 0 0 0 0 0 0 0 0
100 : 133 126 128 133 129 121 136 123 136 129 136 135 143 146 142 143 152 152 147 153 159 151 2 0 0 0 0 0 0 0 0 0 0 0 0 0 0 0 0 0 0 0 0 0 0 0 0 0 0 0 0
101 : 133 126 128 132 129 121 137 124 136 129 136 135 143 146 141 143 152 152 147 153 159 150 2 0 0 0 0 0 0 0 0 0 0 0 0 0 0 0 0 0 0 0 0 0 0 0 0 0 0 0 0
1 : 133 126 128 132 129 121 137 124 136 129 136 135 143 146 141 143 152 152 147 153 159 150 2 0 0 0 0 0 0 0 0 0 0 0 0 0 0 0 0 0 0 0 0 0 0 0 0 0 0 0 0
2 : 132 126 128 133 129 121 136 123 136 130 136 136 143 146 141 143 152 152 147 152 159 151 2 0 0 0 0 0 0 0 0 0 0 0 0 0 0 0 0 0 0 0 0 0 0 0 0 0 0 0 0
3 : 131 126 127 131 128 120 135 123 135 129 135 134 142 145 141 143 152 152 147 152 159 151 3 0 0 0 0 0 0 0 0 0 0 0 0 0 0 0 0 0 0 0 0 0 0 0 0 0 0 0 0
4 : 135 129 131 134 131 122 139 125 138 131 138 137 145 148 144 145 154 154 149 154 161 153 3 0 0 0 0 0 0 0 0 0 0 0 0 0 0 0 0 0 0 0 0 0 0 0 0 0 0 0 0
5 : 132 126 128 132 128 120 137 124 135 129 136 135 143 146 141 143 152 152 148 152 159 151 2 0 0 0 0 0 0 0 0 0 0 0 0 0 0 0 0 0 0 0 0 0 0 0 0 0 0 0 0
6 : 133 128 129 134 129 121 138 125 137 130 136 135 144 147 143 144 153 153 148 154 159 151 2 0 0 0 0 0 0 0 0 0 0 0 0 0 0 0 0 0 0 0 0 0 0 0 0 0 0 0 0
7 : 132 127 128 133 128 121 136 124 136 129 136 135 142 145 142 143 152 152 147 153 159 151 2 0 0 0 0 0 0 0 0 0 0 0 0 0 0 0 0 0 0 0 0 0 0 0 0 0 0 0 0
8 : 131 125 127 131 128 119 135 122 135 128 135 134 142 144 141 143 151 151 147 152 158 150 2 0 0 0 0 0 0 0 0 0 0 0 0 0 0 0 0 0 0 0 0 0 0 0 0 0 0 0 0
9 : 134 127 130 134 130 122 138 125 137 131 136 136 144 147 143 145 153 153 148 154 160 152 3 0 0 0 0 0 0 0 0 0 0 0 0 0 0 0 0 0 0 0 0 0 0 0 0 0 0 0 0
10 : 132 126 127 132 128 120 136 124 135 128 135 134 142 145 140 143 151 151 146 152 158 150 2 0 0 0 0 0 0 0 0 0 0 0 0 0 0 0 0 0 0 0 0 0 0 0 0 0 0 0 0
11 : 133 128 129 133 130 121 136 125 137 130 136 136 144 145 141 144 153 152 148 153 159 151 3 0 0 0 0 0 0 0 0 0 0 0 0 0 0 0 0 0 0 0 0 0 0 0 0 0 0 0 0
12 : 133 127 128 133 128 121 136 124 135 129 136 135 143 146 141 143 152 152 147 152 159 151 3 0 0 0 0 0 0 0 0 0 0 0 0 0 0 0 0 0 0 0 0 0 0 0 0 0 0 0 0
13 : 132 126 127 131 127 119 135 123 135 129 135 135 142 145 141 143 152 151 147 153 158 150 2 0 0 0 0 0 0 0 0 0 0 0 0 0 0 0 0 0 0 0 0 0 0 0 0 0 0 0 0
14 : 133 127 129 133 129 121 137 124 136 130 137 136 144 147 143 144 153 153 148 153 159 151 3 0 0 0 0 0 0 0 0 0 0 0 0 0 0 0 0 0 0 0 0 0 0 0 0 0 0 0 0
15 : 132 126 127 132 129 121 136 124 136 129 136 135 143 146 142 142 152 152 147 152 159 151 3 0 0 0 0 0 0 0 0 0 0 0 0 0 0 0 0 0 0 0 0 0 0 0 0 0 0 0 0
16 : 133 127 128 133 129 121 136 124 136 130 136 135 143 146 142 144 152 152 147 153 159 151 3 0 0 0 0 0 0 0 0 0 0 0 0 0 0 0 0 0 0 0 0 0 0 0 0 0 0 0 0
17 : 133 126 129 133 129 121 137 124 136 130 136 136 143 146 142 144 153 152 147 153 159 151 3 0 0 0 0 0 0 0 0 0 0 0 0 0 0 0 0 0 0 0 0 0 0 0 0 0 0 0 0
18 : 132 126 127 132 128 120 136 123 135 128 136 134 142 145 141 142 151 151 146 152 159 150 3 0 0 0 0 0 0 0 0 0 0 0 0 0 0 0 0 0 0 0 0 0 0 0 0 0 0 0 0
19 : 133 127 129 134 130 122 138 125 137 131 136 136 144 147 143 145 153 153 149 154 160 152 3 0 0 0 0 0 0 0 0 0 0 0 0 0 0 0 0 0 0 0 0 0 0 0 0 0 0 0 0
20 : 131 124 127 132 128 119 135 123 135 128 135 134 141 144 140 142 151 150 146 152 156 150 3 0 0 0 0 0 0 0 0 0 0 0 0 0 0 0 0 0 0 0 0 0 0 0 0 0 0 0 0
21 : 132 126 128 133 128 120 136 123 135 128 135 134 142 145 141 143 151 151 147 152 158 150 3 0 0 0 0 0 0 0 0 0 0 0 0 0 0 0 0 0 0 0 0 0 0 0 0 0 0 0 0
22 : 132 126 129 132 129 120 137 123 135 129 135 135 142 146 141 143 152 152 147 153 158 151 3 0 0 0 0 0 0 0 0 0 0 0 0 0 0 0 0 0 0 0 0 0 0 0 0 0 0 0 0
23 : 132 126 127 132 128 120 136 123 135 128 135 135 143 145 140 143 151 151 146 152 158 150 3 0 0 0 0 0 0 0 0 0 0 0 0 0 0 0 0 0 0 0 0 0 0 0 0 0 0 0 0
24 : 134 128 130 134 131 122 139 126 137 130 137 138 145 147 143 145 153 153 149 154 160 152 3 0 0 0 0 0 0 0 0 0 0 0 0 0 0 0 0 0 0 0 0 0 0 0 0 0 0 0 0
25 : 131 125 127 132 128 120 136 122 135 128 134 134 142 146 141 142 151 151 146 152 158 150 3 0 0 0 0 0 0 0 0 0 0 0 0 0 0 0 0 0 0 0 0 0 0 0 0 0 0 0 0
26 : 132 126 128 133 128 120 137 124 135 129 135 134 142 145 141 143 152 151 147 152 159 150 3 0 0 0 0 0 0 0 0 0 0 0 0 0 0 0 0 0 0 0 0 0 0 0 0 0 0 0 0
27 : 132 125 127 131 127 119 135 122 134 128 134 134 142 144 140 142 151 150 146 152 158 149 3 0 0 0 0 0 0 0 0 0 0 0 0 0 0 0 0 0 0 0 0 0 0 0 0 0 0 0 0
28 : 132 126 128 132 128 120 135 123 135 128 135 134 142 144 141 143 151 151 147 152 158 150 3 0 0 0 0 0 0 0 0 0 0 0 0 0 0 0 0 0 0 0 0 0 0 0 0 0 0 0 0
29 : 133 128 129 133 130 121 137 124 136 130 136 136 143 146 141 143 152 152 147 153 159 151 3 0 0 0 0 0 0 0 0 0 0 0 0 0 0 0 0 0 0 0 0 0 0 0 0 0 0 0 0
30 : 133 127 128 133 129 120 136 123 135 129 135 135 143 145 141 143 152 152 148 153 159 151 3 0 0 0 0 0 0 0 0 0 0 0 0 0 0 0 0 0 0 0 0 0 0 0 0 0 0 0 0
31 : 133 127 129 133 129 121 137 124 135 129 136 135 143 146 142 144 152 152 148 153 159 151 3 0 0 0 0 0 0 0 0 0 0 0 0 0 0 0 0 0 0 0 0 0 0 0 0 0 0 0 0
32 : 133 127 129 132 129 120 137 123 135 129 135 135 142 146 141 143 152 152 147 153 158 151 3 0 0 0 0 0 0 0 0 0 0 0 0 0 0 0 0 0 0 0 0 0 0 0 0 0 0 0 0
33 : 131 125 127 131 128 119 136 122 134 127 134 133 142 145 141 143 151 151 147 152 158 150 2 0 0 0 0 0 0 0 0 0 0 0 0 0 0 0 0 0 0 0 0 0 0 0 0 0 0 0 0
34 : 134 127 129 134 130 122 138 124 138 130 137 136 143 147 142 144 153 154 148 153 160 152 3 0 0 0 0 0 0 0 0 0 0 0 0 0 0 0 0 0 0 0 0 0 0 0 0 0 0 0 0
35 : 131 125 127 132 127 119 135 122 134 128 134 134 142 144 140 142 152 151 146 152 157 150 2 0 0 0 0 0 0 0 0 0 0 0 0 0 0 0 0 0 0 0 0 0 0 0 0 0 0 0 0
36 : 133 127 129 133 129 121 137 123 136 130 136 135 143 146 142 144 152 152 147 153 159 151 3 0 0 0 0 0 0 0 0 0 0 0 0 0 0 0 0 0 0 0 0 0 0 0 0 0 0 0 0
37 : 131 126 127 132 129 120 136 123 135 129 135 135 143 145 142 143 152 151 146 153 159 150 2 0 0 0 0 0 0 0 0 0 0 0 0 0 0 0 0 0 0 0 0 0 0 0 0 0 0 0 0
38 : 131 124 125 130 126 118 134 122 133 127 134 133 141 143 139 140 150 149 145 150 157 149 2 0 0 0 0 0 0 0 0 0 0 0 0 0 0 0 0 0 0 0 0 0 0 0 0 0 0 0 0
39 : 133 127 129 133 130 121 138 123 136 130 136 136 144 146 142 144 153 152 148 154 159 151 3 0 0 0 0 0 0 0 0 0 0 0 0 0 0 0 0 0 0 0 0 0 0 0 0 0 0 0 0
40 : 132 126 128 132 128 120 136 122 135 128 135 134 142 145 141 142 150 151 147 152 157 149 2 0 0 0 0 0 0 0 0 0 0 0 0 0 0 0 0 0 0 0 0 0 0 0 0 0 0 0 0
41 : 133 126 128 133 129 121 137 123 137 130 136 135 143 146 142 144 152 152 147 153 158 151 3 0 0 0 0 0 0 0 0 0 0 0 0 0 0 0 0 0 0 0 0 0 0 0 0 0 0 0 0
42 : 132 126 128 133 128 120 136 123 135 129 135 135 143 145 141 143 152 152 147 153 158 151 3 0 0 0 0 0 0 0 0 0 0 0 0 0 0 0 0 0 0 0 0 0 0 0 0 0 0 0 0
43 : 131 126 128 132 128 119 136 122 134 128 135 135 142 144 140 143 151 151 146 152 157 150 3 0 0 0 0 0 0 0 0 0 0 0 0 0 0 0 0 0 0 0 0 0 0 0 0 0 0 0 0
44 : 133 128 130 134 129 122 137 125 136 130 136 136 143 146 143 143 153 153 148 154 158 151 3 0 0 0 0 0 0 0 0 0 0 0 0 0 0 0 0 0 0 0 0 0 0 0 0 0 0 0 0
45 : 133 126 128 132 129 121 137 123 136 129 136 135 143 146 141 144 152 152 148 153 157 151 3 0 0 0 0 0 0 0 0 0 0 0 0 0 0 0 0 0 0 0 0 0 0 0 0 0 0 0 0
46 : 133 127 129 132 129 121 137 123 136 130 136 135 143 146 142 144 152 152 147 153 157 152 3 0 0 0 0 0 0 0 0 0 0 0 0 0 0 0 0 0 0 0 0 0 0 0 0 0 0 0 0
47 : 132 125 127 132 128 120 136 122 135 129 134 134 143 145 141 143 151 152 146 152 155 150 3 0 0 0 0 0 0 0 0 0 0 0 0 0 0 0 0 0 0 0 0 0 0 0 0 0 0 0 0
48 : 131 125 127 132 128 119 135 122 135 127 134 134 142 145 140 142 151 151 145 152 154 151 3 0 0 0 0 0 0 0 0 0 0 0 0 0 0 0 0 0 0 0 0 0 0 0 0 0 0 0 0
49 : 134 128 129 134 131 122 139 125 138 131 137 137 145 147 143 145 153 153 148 154 157 154 3 0 0 0 0 0 0 0 0 0 0 0 0 0 0 0 0 0 0 0 0 0 0 0 0 0 0 0 0
50 : 132 125 127 132 128 120 135 122 135 128 134 134 141 144 140 142 151 152 146 152 155 150 3 0 0 0 0 0 0 0 0 0 0 0 0 0 0 0 0 0 0 0 0 0 0 0 0 0 0 0 0
51 : 132 127 128 133 129 120 136 123 135 128 135 135 142 145 141 143 152 152 146 152 155 151 3 0 0 0 0 0 0 0 0 0 0 0 0 0 0 0 0 0 0 0 0 0 0 0 0 0 0 0 0
52 : 132 126 127 132 128 120 135 122 135 128 134 134 142 145 140 142 152 151 146 152 155 150 3 0 0 0 0 0 0 0 0 0 0 0 0 0 0 0 0 0 0 0 0 0 0 0 0 0 0 0 0
53 : 132 126 127 131 128 119 134 121 134 128 134 134 142 145 140 142 151 151 146 152 154 149 3 0 0 0 0 0 0 0 0 0 0 0 0 0 0 0 0 0 0 0 0 0 0 0 0 0 0 0 0
54 : 134 128 129 134 130 122 137 124 137 129 136 137 144 146 142 145 153 153 148 154 156 151 3 0 0 0 0 0 0 0 0 0 0 0 0 0 0 0 0 0 0 0 0 0 0 0 0 0 0 0 0
55 : 131 125 127 131 128 119 135 122 134 127 134 133 141 144 140 142 151 151 146 152 153 148 3 0 0 0 0 0 0 0 0 0 0 0 0 0 0 0 0 0 0 0 0 0 0 0 0 0 0 0 0
56 : 133 126 128 132 128 120 137 124 135 129 135 135 143 146 142 143 152 152 147 152 155 148 3 0 0 0 0 0 0 0 0 0 0 0 0 0 0 0 0 0 0 0 0 0 0 0 0 0 0 0 0
57 : 132 126 127 132 128 120 135 123 135 129 135 135 143 145 141 143 151 151 147 153 155 149 3 0 0 0 0 0 0 0 0 0 0 0 0 0 0 0 0 0 0 0 0 0 0 0 0 0 0 0 0
58 : 132 126 127 132 127 119 135 122 133 128 134 134 142 145 141 142 151 151 146 152 154 149 3 0 0 0 0 0 0 0 0 0 0 0 0 0 0 0 0 0 0 0 0 0 0 0 0 0 0 0 0
59 : 133 128 129 133 130 122 137 124 137 130 137 135 144 147 142 144 153 153 148 153 155 150 3 0 0 0 0 0 0 0 0 0 0 0 0 0 0 0 0 0 0 0 0 0 0 0 0 0 0 0 0
60 : 131 125 126 131 128 120 135 122 134 127 134 134 142 145 140 142 151 151 146 152 155 150 3 0 0 0 0 0 0 0 0 0 0 0 0 0 0 0 0 0 0 0 0 0 0 0 0 0 0 0 0
61 : 133 126 128 133 129 121 136 124 135 129 135 135 143 145 142 143 152 152 147 153 156 150 3 0 0 0 0 0 0 0 0 0 0 0 0 0 0 0 0 0 0 0 0 0 0 0 0 0 0 0 0
62 : 133 126 128 133 129 121 136 124 135 130 135 135 143 146 142 144 153 152 148 153 156 149 3 0 0 0 0 0 0 0 0 0 0 0 0 0 0 0 0 0 0 0 0 0 0 0 0 0 0 0 0
63 : 132 125 127 131 128 119 135 123 134 128 135 135 143 145 141 143 151 151 147 152 156 150 3 0 0 0 0 0 0 0 0 0 0 0 0 0 0 0 0 0 0 0 0 0 0 0 0 0 0 0 0
64 : 134 127 128 134 130 121 137 125 136 131 136 136 143 146 142 144 153 153 148 154 157 151 3 0 0 0 0 0 0 0 0 0 0 0 0 0 0 0 0 0 0 0 0 0 0 0 0 0 0 0 0
65 : 132 125 126 132 128 119 135 124 134 128 135 134 142 144 140 142 151 151 146 152 155 150 3 0 0 0 0 0 0 0 0 0 0 0 0 0 0 0 0 0 0 0 0 0 0 0 0 0 0 0 0
66 : 133 126 127 132 128 120 135 124 134 129 135 135 143 145 141 143 152 152 147 153 156 151 3 0 0 0 0 0 0 0 0 0 0 0 0 0 0 0 0 0 0 0 0 0 0 0 0 0 0 0 0
67 : 133 126 127 133 128 121 136 125 135 130 135 136 144 146 142 143 152 152 148 153 156 152 3 0 0 0 0 0 0 0 0 0 0 0 0 0 0 0 0 0 0 0 0 0 0 0 0 0 0 0 0
68 : 132 126 126 131 128 120 134 123 134 128 134 134 143 144 141 142 151 150 146 152 155 151 3 0 0 0 0 0 0 0 0 0 0 0 0 0 0 0 0 0 0 0 0 0 0 0 0 0 0 0 0
69 : 134 127 129 134 130 122 137 126 137 131 137 136 145 147 142 144 153 152 148 154 156 151 3 0 0 0 0 0 0 0 0 0 0 0 0 0 0 0 0 0 0 0 0 0 0 0 0 0 0 0 0
70 : 133 126 127 132 128 120 136 125 135 128 135 135 143 146 142 143 152 151 147 153 156 149 3 0 0 0 0 0 0 0 0 0 0 0 0 0 0 0 0 0 0 0 0 0 0 0 0 0 0 0 0
71 : 134 126 127 132 129 120 135 124 135 129 135 135 143 145 142 143 151 151 147 152 156 150 3 0 0 0 0 0 0 0 0 0 0 0 0 0 0 0 0 0 0 0 0 0 0 0 0 0 0 0 0
72 : 133 127 128 133 129 121 136 125 136 130 136 136 144 146 141 143 152 152 148 153 156 161 3 0 0 0 0 0 0 0 0 0 0 0 0 0 0 0 0 0 0 0 0 0 0 0 0 0 0 0 0
73 : 133 126 127 132 128 119 135 124 134 128 134 134 143 144 142 142 151 151 146 152 155 157 6 0 0 0 0 0 0 0 0 0 0 0 0 0 0 0 0 0 0 0 0 0 0 0 0 0 0 0 0
74 : 135 128 130 134 131 122 137 126 136 130 136 137 145 145 143 144 153 152 148 154 156 152 12 0 0 0 0 0 0 0 0 0 0 0 0 0 0 0 0 0 0 0 0 0 0 0 0 0 0 0 0
75 : 131 125 127 132 128 120 135 124 135 129 135 135 143 144 141 142 151 151 146 151 155 150 11 0 0 0 0 0 0 0 0 0 0 0 0 0 0 0 0 0 0 0 0 0 0 0 0 0 0 0 0
76 : 133 126 127 133 129 120 136 125 135 129 136 135 143 145 142 143 151 151 147 153 156 151 11 0 0 0 0 0 0 0 0 0 0 0 0 0 0 0 0 0 0 0 0 0 0 0 0 0 0 0 0
77 : 133 126 128 133 129 121 136 125 136 130 135 135 144 146 142 143 152 151 147 153 156 151 16 0 0 0 0 0 0 0 0 0 0 0 0 0 0 0 0 0 0 0 0 0 0 0 0 0 0 0 0
78 : 132 125 127 132 128 119 135 124 135 128 134 134 143 144 141 142 151 151 146 152 154 154 13 0 0 0 0 0 0 0 0 0 0 0 0 0 0 0 0 0 0 0 0 0 0 0 0 0 0 0 0
79 : 135 128 129 134 131 121 137 126 137 130 136 136 144 146 142 144 153 152 148 154 157 160 5 0 0 0 0 0 0 0 0 0 0 0 0 0 0 0 0 0 0 0 0 0 0 0 0 0 0 0 0
80 : 133 125 127 132 128 119 135 124 134 128 134 135 142 144 141 142 151 150 146 152 155 155 3 0 0 0 0 0 0 0 0 0 0 0 0 0 0 0 0 0 0 0 0 0 0 0 0 0 0 0 0
81 : 134 127 127 133 128 120 135 124 135 129 135 135 144 145 142 143 152 151 148 152 156 153 3 0 0 0 0 0 0 0 0 0 0 0 0 0 0 0 0 0 0 0 0 0 0 0 0 0 0 0 0
82 : 133 127 128 133 129 121 136 125 135 129 135 136 143 145 143 143 152 152 148 153 156 160 8 0 0 0 0 0 0 0 0 0 0 0 0 0 0 0 0 0 0 0 0 0 0 0 0 0 0 0 0
83 : 133 126 127 131 128 119 135 124 135 129 134 135 143 145 141 143 151 150 146 152 155 160 11 0 0 0 0 0 0 0 0 0 0 0 0 0 0 0 0 0 0 0 0 0 0 0 0 0 0 0 0
84 : 135 129 130 136 131 124 139 127 137 132 137 138 146 148 145 146 154 154 150 155 158 165 12 0 0 0 0 0 0 0 0 0 0 0 0 0 0 0 0 0 0 0 0 0 0 0 0 0 0 0 0
85 : 133 126 128 132 129 120 136 125 135 129 135 135 144 146 142 144 153 152 148 153 155 158 13 0 0 0 0 0 0 0 0 0 0 0 0 0 0 0 0 0 0 0 0 0 0 0 0 0 0 0 0
86 : 133 126 128 133 129 120 135 124 135 129 135 135 143 145 142 143 152 151 148 153 154 156 14 0 0 0 0 0 0 0 0 0 0 0 0 0 0 0 0 0 0 0 0 0 0 0 0 0 0 0 0
87 : 134 126 128 133 129 120 136 124 135 129 134 135 143 145 142 143 152 151 147 153 155 158 14 0 0 0 0 0 0 0 0 0 0 0 0 0 0 0 0 0 0 0 0 0 0 0 0 0 0 0 0
88 : 132 125 126 131 128 119 134 124 134 129 134 134 143 144 141 142 151 150 146 152 155 156 12 0 0 0 0 0 0 0 0 0 0 0 0 0 0 0 0 0 0 0 0 0 0 0 0 0 0 0 0
89 : 134 128 129 133 130 121 137 126 136 130 136 136 144 146 143 144 153 152 148 154 157 161 9 0 0 0 0 0 0 0 0 0 0 0 0 0 0 0 0 0 0 0 0 0 0 0 0 0 0 0 0
90 : 133 126 127 132 129 120 135 124 135 130 135 135 143 146 142 143 152 151 147 153 157 158 17 0 0 0 0 0 0 0 0 0 0 0 0 0 0 0 0 0 0 0 0 0 0 0 0 0 0 0 0
91 : 134 126 127 131 128 119 135 124 135 129 134 135 143 145 142 143 152 151 147 153 157 149 25 0 0 0 0 0 0 0 0 0 0 0 0 0 0 0 0 0 0 0 0 0 0 0 0 0 0 0 0
92 : 133 127 129 133 130 121 136 124 136 129 135 136 143 146 142 143 152 151 147 154 157 151 26 0 0 0 0 0 0 0 0 0 0 0 0 0 0 0 0 0 0 0 0 0 0 0 0 0 0 0 0
93 : 132 124 126 131 128 118 134 123 134 127 133 134 142 143 140 141 150 149 145 151 155 152 21 0 0 0 0 0 0 0 0 0 0 0 0 0 0 0 0 0 0 0 0 0 0 0 0 0 0 0 0
94 : 135 127 129 134 130 122 137 125 137 130 136 136 144 146 143 144 153 152 148 154 158 155 17 1 0 0 0 0 0 0 0 0 0 0 0 0 0 0 0 0 0 0 0 0 0 0 0 0 0 0 0
95 : 132 125 126 131 128 119 135 123 134 128 134 134 142 144 141 142 151 150 145 152 155 153 14 1 0 0 0 0 0 0 0 0 0 0 0 0 0 0 0 0 0 0 0 0 0 0 0 0 0 0 0
96 : 133 126 127 132 128 120 135 124 135 129 135 136 143 145 142 143 152 151 148 153 156 154 15 0 0 0 0 0 0 0 0 0 0 0 0 0 0 0 0 0 0 0 0 0 0 0 0 0 0 0 0
97 : 133 126 128 132 128 119 135 124 135 128 134 135 143 144 141 142 151 151 147 152 156 153 17 0 0 0 0 0 0 0 0 0 0 0 0 0 0 0 0 0 0 0 0 0 0 0 0 0 0 0 0
98 : 132 124 126 132 128 120 135 124 135 128 134 134 142 144 141 142 151 151 146 153 156 152 12 0 0 0 0 0 0 0 0 0 0 0 0 0 0 0 0 0 0 0 0 0 0 0 0 0 0 0 0
99 : 135 128 129 134 131 122 137 126 137 130 136 137 144 146 143 145 153 153 149 154 158 156 4 0 0 0 0 0 0 0 0 0 0 0 0 0 0 0 0 0 0 0 0 0 0 0 0 0 0 0 0
100 : 132 125 126 131 127 119 134 123 134 127 133 134 142 144 140 142 151 150 146 152 156 154 3 0 0 0 0 0 0 0 0 0 0 0 0 0 0 0 0 0 0 0 0 0 0 0 0 0 0 0 0
101 : 132 125 127 131 128 119 134 123 134 127 133 134 142 144 141 142 150 150 146 153 155 153 3 0 0 0 0 0 0 0 0 0 0 0 0 0 0 0 0 0 0 0 0 0 0 0 0 0 0 0 0
