Brightness in each height
Heights/D : 23.2812 22.8188 22.3562 21.8938 21.4312 20.9688 20.5063 20.0437 19.5813 19.1187 18.6562 18.1938 17.7312 17.2688 16.8062 16.3438 15.8812 15.4187 14.9562 14.4938 14.0312 13.5687 13.1062 12.6437 12.1812 11.7188 11.2562 10.7937 10.3312 9.86875 9.40625 8.94375 8.48125 8.01875 7.55625 7.09375 6.63125 6.16875 5.70625 5.24375 4.78125 4.31875 3.85625 3.39375 2.93125 2.46875 2.00625 1.54375 1.08125 0.61875 0.15625
1 : 130 132 117 119 122 117 130 134 132 132 139 135 142 150 149 142 149 151 155 158 160 46 0 0 0 0 0 0 0 0 0 0 0 0 0 0 0 0 0 0 0 0 0 0 0 0 0 0 0 0 0
2 : 132 134 120 121 125 120 132 136 134 134 141 138 143 151 151 144 151 154 157 159 162 46 0 0 0 0 0 0 0 0 0 0 0 0 0 0 0 0 0 0 0 0 0 0 0 0 0 0 0 0 0
3 : 130 133 118 120 123 118 131 135 133 132 140 137 142 150 150 142 149 151 156 158 160 46 0 0 0 0 0 0 0 0 0 0 0 0 0 0 0 0 0 0 0 0 0 0 0 0 0 0 0 0 0
4 : 129 132 117 119 122 117 130 133 132 132 139 136 141 149 149 142 149 151 154 157 159 45 0 0 0 0 0 0 0 0 0 0 0 0 0 0 0 0 0 0 0 0 0 0 0 0 0 0 0 0 0
5 : 131 133 118 120 124 118 131 135 133 133 140 137 142 150 150 143 150 152 156 159 161 46 0 0 0 0 0 0 0 0 0 0 0 0 0 0 0 0 0 0 0 0 0 0 0 0 0 0 0 0 0
6 : 130 132 117 119 122 117 130 133 132 132 139 136 142 149 148 142 149 151 154 158 160 46 0 0 0 0 0 0 0 0 0 0 0 0 0 0 0 0 0 0 0 0 0 0 0 0 0 0 0 0 0
7 : 132 134 119 122 125 119 132 136 134 133 141 138 143 151 150 144 151 153 156 159 161 46 0 0 0 0 0 0 0 0 0 0 0 0 0 0 0 0 0 0 0 0 0 0 0 0 0 0 0 0 0
8 : 131 133 118 120 123 118 131 134 133 132 141 136 143 150 149 143 150 152 155 158 161 46 0 0 0 0 0 0 0 0 0 0 0 0 0 0 0 0 0 0 0 0 0 0 0 0 0 0 0 0 0
9 : 131 133 118 120 124 119 132 135 134 132 141 137 142 150 150 142 150 152 155 159 161 46 0 0 0 0 0 0 0 0 0 0 0 0 0 0 0 0 0 0 0 0 0 0 0 0 0 0 0 0 0
10 : 130 132 118 120 123 118 131 135 133 133 140 137 143 150 149 143 150 152 156 159 161 46 0 0 0 0 0 0 0 0 0 0 0 0 0 0 0 0 0 0 0 0 0 0 0 0 0 0 0 0 0
11 : 129 132 118 119 123 118 130 133 132 132 139 136 142 149 149 142 149 151 155 158 160 46 0 0 0 0 0 0 0 0 0 0 0 0 0 0 0 0 0 0 0 0 0 0 0 0 0 0 0 0 0
12 : 132 134 119 122 125 120 132 136 135 134 142 138 144 151 151 144 151 153 157 160 162 47 0 0 0 0 0 0 0 0 0 0 0 0 0 0 0 0 0 0 0 0 0 0 0 0 0 0 0 0 0
13 : 130 132 118 120 123 118 131 135 133 132 140 136 142 150 149 143 150 152 155 158 161 46 0 0 0 0 0 0 0 0 0 0 0 0 0 0 0 0 0 0 0 0 0 0 0 0 0 0 0 0 0
14 : 130 131 117 119 122 117 130 134 133 132 140 135 142 149 148 142 148 151 155 158 160 46 0 0 0 0 0 0 0 0 0 0 0 0 0 0 0 0 0 0 0 0 0 0 0 0 0 0 0 0 0
15 : 131 133 119 121 124 119 132 135 133 133 141 137 143 151 150 143 150 152 156 159 161 47 0 0 0 0 0 0 0 0 0 0 0 0 0 0 0 0 0 0 0 0 0 0 0 0 0 0 0 0 0
16 : 129 131 117 120 122 117 130 134 133 132 140 136 141 149 149 142 149 151 155 158 160 49 0 0 0 0 0 0 0 0 0 0 0 0 0 0 0 0 0 0 0 0 0 0 0 0 0 0 0 0 0
17 : 132 134 119 121 124 119 132 135 135 134 141 137 144 151 150 143 150 153 156 159 161 62 0 0 0 0 0 0 0 0 0 0 0 0 0 0 0 0 0 0 0 0 0 0 0 0 0 0 0 0 0
18 : 130 132 118 120 124 118 131 134 133 133 140 137 142 150 149 143 149 152 155 159 160 63 0 0 0 0 0 0 0 0 0 0 0 0 0 0 0 0 0 0 0 0 0 0 0 0 0 0 0 0 0
19 : 130 132 117 119 123 118 130 134 133 132 140 136 142 150 149 142 149 152 155 159 159 60 0 0 0 0 0 0 0 0 0 0 0 0 0 0 0 0 0 0 0 0 0 0 0 0 0 0 0 0 0
20 : 131 132 118 121 124 118 131 135 134 133 140 137 143 151 150 143 149 152 156 159 160 52 0 0 0 0 0 0 0 0 0 0 0 0 0 0 0 0 0 0 0 0 0 0 0 0 0 0 0 0 0
21 : 129 131 117 119 122 117 130 133 132 132 139 136 141 149 148 142 148 151 155 158 158 50 0 0 0 0 0 0 0 0 0 0 0 0 0 0 0 0 0 0 0 0 0 0 0 0 0 0 0 0 0
22 : 131 133 119 122 125 119 133 136 135 134 141 138 143 151 150 144 150 153 156 160 161 64 0 0 0 0 0 0 0 0 0 0 0 0 0 0 0 0 0 0 0 0 0 0 0 0 0 0 0 0 0
23 : 130 131 117 120 123 118 131 134 133 132 140 136 142 150 149 143 149 152 155 159 160 67 0 0 0 0 0 0 0 0 0 0 0 0 0 0 0 0 0 0 0 0 0 0 0 0 0 0 0 0 0
24 : 131 132 117 120 123 118 131 134 133 132 140 136 142 150 149 143 150 152 156 159 161 69 0 0 0 0 0 0 0 0 0 0 0 0 0 0 0 0 0 0 0 0 0 0 0 0 0 0 0 0 0
25 : 131 131 118 120 123 118 131 134 133 132 140 136 142 150 149 143 149 152 155 159 161 71 0 0 0 0 0 0 0 0 0 0 0 0 0 0 0 0 0 0 0 0 0 0 0 0 0 0 0 0 0
26 : 129 131 117 119 122 116 130 134 132 131 139 135 142 149 148 142 148 151 155 158 161 80 0 0 0 0 0 0 0 0 0 0 0 0 0 0 0 0 0 0 0 0 0 0 0 0 0 0 0 0 0
27 : 132 133 119 122 125 119 132 135 134 134 142 138 144 151 150 144 150 153 157 160 162 88 0 0 0 0 0 0 0 0 0 0 0 0 0 0 0 0 0 0 0 0 0 0 0 0 0 0 0 0 0
28 : 131 132 118 121 123 118 132 135 134 133 140 136 143 151 149 143 149 152 156 159 161 80 0 0 0 0 0 0 0 0 0 0 0 0 0 0 0 0 0 0 0 0 0 0 0 0 0 0 0 0 0
29 : 130 132 117 120 123 118 132 135 134 132 140 137 142 150 149 143 149 152 156 159 161 80 0 0 0 0 0 0 0 0 0 0 0 0 0 0 0 0 0 0 0 0 0 0 0 0 0 0 0 0 0
30 : 131 132 117 120 123 118 131 135 133 132 140 136 142 150 149 142 149 151 155 158 160 71 0 0 0 0 0 0 0 0 0 0 0 0 0 0 0 0 0 0 0 0 0 0 0 0 0 0 0 0 0
31 : 130 131 117 119 123 117 130 134 133 131 139 136 142 150 148 142 148 151 155 158 160 62 0 0 0 0 0 0 0 0 0 0 0 0 0 0 0 0 0 0 0 0 0 0 0 0 0 0 0 0 0
32 : 131 133 119 122 125 119 132 135 134 134 141 137 144 151 150 144 150 152 156 160 162 63 0 0 0 0 0 0 0 0 0 0 0 0 0 0 0 0 0 0 0 0 0 0 0 0 0 0 0 0 0
33 : 129 130 116 119 122 117 130 133 132 131 138 135 141 148 147 141 148 150 154 158 159 62 0 0 0 0 0 0 0 0 0 0 0 0 0 0 0 0 0 0 0 0 0 0 0 0 0 0 0 0 0
34 : 129 130 117 120 122 117 131 134 132 132 139 136 141 149 148 142 148 151 155 158 159 61 0 0 0 0 0 0 0 0 0 0 0 0 0 0 0 0 0 0 0 0 0 0 0 0 0 0 0 0 0
35 : 130 131 117 120 124 118 131 134 133 133 140 136 142 150 149 143 149 152 155 159 159 62 0 0 0 0 0 0 0 0 0 0 0 0 0 0 0 0 0 0 0 0 0 0 0 0 0 0 0 0 0
36 : 129 130 116 120 122 117 131 133 133 132 140 136 141 149 148 143 149 151 154 158 159 62 0 0 0 0 0 0 0 0 0 0 0 0 0 0 0 0 0 0 0 0 0 0 0 0 0 0 0 0 0
37 : 132 133 119 122 125 119 133 135 135 134 141 138 144 152 150 144 150 153 157 160 160 63 0 0 0 0 0 0 0 0 0 0 0 0 0 0 0 0 0 0 0 0 0 0 0 0 0 0 0 0 0
38 : 129 130 116 120 122 117 130 133 132 132 139 135 141 149 148 142 148 150 155 157 158 63 0 0 0 0 0 0 0 0 0 0 0 0 0 0 0 0 0 0 0 0 0 0 0 0 0 0 0 0 0
39 : 129 130 117 120 123 117 131 133 133 132 139 136 142 150 148 143 148 151 155 157 158 65 0 0 0 0 0 0 0 0 0 0 0 0 0 0 0 0 0 0 0 0 0 0 0 0 0 0 0 0 0
40 : 130 131 117 120 123 117 131 135 134 133 140 136 142 151 149 143 149 152 156 158 160 67 0 0 0 0 0 0 0 0 0 0 0 0 0 0 0 0 0 0 0 0 0 0 0 0 0 0 0 0 0
41 : 130 130 117 119 122 116 130 133 133 132 139 135 141 150 148 142 148 151 155 157 159 65 0 0 0 0 0 0 0 0 0 0 0 0 0 0 0 0 0 0 0 0 0 0 0 0 0 0 0 0 0
42 : 131 132 118 121 124 118 132 135 134 133 141 138 143 151 149 144 149 152 156 158 160 68 0 0 0 0 0 0 0 0 0 0 0 0 0 0 0 0 0 0 0 0 0 0 0 0 0 0 0 0 0
43 : 129 130 117 120 123 117 130 133 133 132 139 135 142 150 147 142 148 150 155 158 160 69 0 0 0 0 0 0 0 0 0 0 0 0 0 0 0 0 0 0 0 0 0 0 0 0 0 0 0 0 0
44 : 129 130 116 119 122 117 130 133 132 132 139 135 142 150 148 142 148 150 155 158 160 68 0 0 0 0 0 0 0 0 0 0 0 0 0 0 0 0 0 0 0 0 0 0 0 0 0 0 0 0 0
45 : 130 131 117 121 123 117 131 134 133 133 140 136 142 150 148 143 148 151 155 158 160 69 0 0 0 0 0 0 0 0 0 0 0 0 0 0 0 0 0 0 0 0 0 0 0 0 0 0 0 0 0
46 : 130 130 116 119 122 116 130 133 132 132 139 136 141 150 147 143 148 150 155 157 160 69 1 0 0 0 0 0 0 0 0 0 0 0 0 0 0 0 0 0 0 0 0 0 0 0 0 0 0 0 0
47 : 131 132 118 121 125 118 132 135 135 133 140 137 143 151 149 144 149 152 156 159 161 72 0 0 0 0 0 0 0 0 0 0 0 0 0 0 0 0 0 0 0 0 0 0 0 0 0 0 0 0 0
48 : 129 129 115 119 122 116 130 133 132 131 138 135 141 149 147 142 147 150 154 157 159 78 0 0 0 0 0 0 0 0 0 0 0 0 0 0 0 0 0 0 0 0 0 0 0 0 0 0 0 0 0
49 : 129 130 116 119 122 116 130 133 132 132 139 136 141 150 147 142 147 150 155 157 159 86 0 0 0 0 0 0 0 0 0 0 0 0 0 0 0 0 0 0 0 0 0 0 0 0 0 0 0 0 0
50 : 129 130 117 120 123 117 130 134 134 131 140 136 142 150 148 142 147 151 155 158 160 85 0 0 0 0 0 0 0 0 0 0 0 0 0 0 0 0 0 0 0 0 0 0 0 0 0 0 0 0 0
51 : 129 130 116 119 123 117 131 133 133 132 139 136 141 149 147 142 147 151 155 158 160 80 0 0 0 0 0 0 0 0 0 0 0 0 0 0 0 0 0 0 0 0 0 0 0 0 0 0 0 0 0
52 : 132 132 119 122 125 119 132 136 135 134 141 138 143 152 150 144 150 153 157 160 162 77 0 0 0 0 0 0 0 0 0 0 0 0 0 0 0 0 0 0 0 0 0 0 0 0 0 0 0 0 0
53 : 128 130 116 119 122 116 130 133 133 132 139 135 141 149 147 142 147 151 155 157 159 73 0 0 0 0 0 0 0 0 0 0 0 0 0 0 0 0 0 0 0 0 0 0 0 0 0 0 0 0 0
54 : 130 130 118 121 122 118 131 134 133 132 139 136 142 150 148 143 148 151 155 158 160 78 0 0 0 0 0 0 0 0 0 0 0 0 0 0 0 0 0 0 0 0 0 0 0 0 0 0 0 0 0
55 : 130 131 117 120 123 117 130 133 134 132 139 136 142 150 148 143 148 151 155 158 159 81 0 0 0 0 0 0 0 0 0 0 0 0 0 0 0 0 0 0 0 0 0 0 0 0 0 0 0 0 0
56 : 129 130 117 120 122 117 131 134 133 132 139 136 142 150 148 143 148 150 156 158 159 88 0 0 0 0 0 0 0 0 0 0 0 0 0 0 0 0 0 0 0 0 0 0 0 0 0 0 0 0 0
57 : 131 133 118 122 125 119 133 136 135 134 141 138 144 152 149 145 150 153 157 160 161 99 0 0 0 0 0 0 0 0 0 0 0 0 0 0 0 0 0 0 0 0 0 0 0 0 0 0 0 0 0
58 : 129 130 116 119 122 117 130 133 133 132 139 135 141 149 147 142 147 150 155 158 159 102 0 0 0 0 0 0 0 0 0 0 0 0 0 0 0 0 0 0 0 0 0 0 0 0 0 0 0 0 0
59 : 129 130 117 120 123 117 131 133 133 132 140 136 141 149 148 143 148 151 155 158 160 97 0 0 0 0 0 0 0 0 0 0 0 0 0 0 0 0 0 0 0 0 0 0 0 0 0 0 0 0 0
60 : 129 130 117 120 123 117 130 133 133 132 139 135 142 150 147 143 148 150 155 158 160 90 1 0 0 0 0 0 0 0 0 0 0 0 0 0 0 0 0 0 0 0 0 0 0 0 0 0 0 0 0
61 : 129 130 116 120 123 117 131 133 133 132 139 136 141 150 147 143 148 150 155 158 160 83 1 0 0 0 0 0 0 0 0 0 0 0 0 0 0 0 0 0 0 0 0 0 0 0 0 0 0 0 0
62 : 131 132 118 121 124 119 132 136 135 133 140 137 143 151 149 144 149 152 157 160 161 83 0 0 0 0 0 0 0 0 0 0 0 0 0 0 0 0 0 0 0 0 0 0 0 0 0 0 0 0 0
63 : 129 131 117 121 123 117 131 134 134 133 140 137 143 150 149 143 149 151 156 159 161 82 0 0 0 0 0 0 0 0 0 0 0 0 0 0 0 0 0 0 0 0 0 0 0 0 0 0 0 0 0
64 : 130 130 117 120 123 117 131 134 133 132 139 136 142 150 148 143 148 151 155 158 161 80 0 0 0 0 0 0 0 0 0 0 0 0 0 0 0 0 0 0 0 0 0 0 0 0 0 0 0 0 0
65 : 130 131 117 121 123 118 132 134 134 133 140 137 142 150 148 143 149 151 156 159 162 78 0 0 0 0 0 0 0 0 0 0 0 0 0 0 0 0 0 0 0 0 0 0 0 0 0 0 0 0 0
66 : 130 130 117 120 123 116 131 133 133 132 139 136 142 149 147 143 147 151 155 158 160 78 0 0 0 0 0 0 0 0 0 0 0 0 0 0 0 0 0 0 0 0 0 0 0 0 0 0 0 0 0
67 : 131 132 118 121 124 118 132 135 134 133 141 137 143 151 149 143 149 152 157 159 162 81 0 0 0 0 0 0 0 0 0 0 0 0 0 0 0 0 0 0 0 0 0 0 0 0 0 0 0 0 0
68 : 129 129 116 119 122 116 130 133 133 132 139 135 141 149 147 142 148 150 154 158 160 80 0 0 0 0 0 0 0 0 0 0 0 0 0 0 0 0 0 0 0 0 0 0 0 0 0 0 0 0 0
69 : 130 130 116 120 123 117 131 134 133 132 139 136 142 150 148 143 148 151 155 158 161 78 0 0 0 0 0 0 0 0 0 0 0 0 0 0 0 0 0 0 0 0 0 0 0 0 0 0 0 0 0
70 : 130 131 117 120 123 117 131 134 133 132 140 136 142 150 148 143 148 151 156 159 161 78 0 0 0 0 0 0 0 0 0 0 0 0 0 0 0 0 0 0 0 0 0 0 0 0 0 0 0 0 0
71 : 129 130 117 119 122 116 130 133 133 132 139 134 141 149 147 142 148 150 155 158 160 78 0 0 0 0 0 0 0 0 0 0 0 0 0 0 0 0 0 0 0 0 0 0 0 0 0 0 0 0 0
72 : 131 132 118 121 124 118 132 135 134 134 141 137 143 151 149 144 149 152 156 159 162 79 0 0 0 0 0 0 0 0 0 0 0 0 0 0 0 0 0 0 0 0 0 0 0 0 0 0 0 0 0
73 : 129 130 117 119 122 116 130 133 132 131 138 135 140 149 147 142 147 150 155 157 160 78 0 0 0 0 0 0 0 0 0 0 0 0 0 0 0 0 0 0 0 0 0 0 0 0 0 0 0 0 0
74 : 130 130 117 120 123 116 130 134 133 132 139 136 141 149 147 143 148 151 155 158 161 79 0 0 0 0 0 0 0 0 0 0 0 0 0 0 0 0 0 0 0 0 0 0 0 0 0 0 0 0 0
75 : 130 130 117 120 123 117 130 133 133 132 139 135 141 149 147 142 147 150 155 157 160 78 0 0 0 0 0 0 0 0 0 0 0 0 0 0 0 0 0 0 0 0 0 0 0 0 0 0 0 0 0
76 : 130 130 116 120 123 117 130 134 133 131 139 135 142 150 147 143 148 150 155 158 161 78 0 0 0 0 0 0 0 0 0 0 0 0 0 0 0 0 0 0 0 0 0 0 0 0 0 0 0 0 0
77 : 131 132 119 122 125 119 132 135 135 133 140 138 143 151 149 144 149 152 156 159 162 79 0 0 0 0 0 0 0 0 0 0 0 0 0 0 0 0 0 0 0 0 0 0 0 0 0 0 0 0 0
78 : 130 130 116 119 122 117 130 133 133 132 138 136 141 149 147 142 147 150 155 158 160 78 0 0 0 0 0 0 0 0 0 0 0 0 0 0 0 0 0 0 0 0 0 0 0 0 0 0 0 0 0
79 : 130 131 118 121 123 117 131 134 133 132 139 137 141 150 148 143 148 151 156 158 161 81 0 0 0 0 0 0 0 0 0 0 0 0 0 0 0 0 0 0 0 0 0 0 0 0 0 0 0 0 0
80 : 130 130 117 119 123 117 130 134 133 132 139 136 141 149 147 142 148 151 155 157 161 83 0 0 0 0 0 0 0 0 0 0 0 0 0 0 0 0 0 0 0 0 0 0 0 0 0 0 0 0 0
81 : 130 129 116 118 122 115 130 133 132 131 138 135 140 149 146 141 146 149 155 156 160 92 0 0 0 0 0 0 0 0 0 0 0 0 0 0 0 0 0 0 0 0 0 0 0 0 0 0 0 0 0
82 : 132 132 119 121 124 118 132 135 135 133 140 137 143 151 149 143 149 152 157 159 162 100 0 0 0 0 0 0 0 0 0 0 0 0 0 0 0 0 0 0 0 0 0 0 0 0 0 0 0 0 0
83 : 130 130 116 119 122 116 130 133 132 132 138 135 141 149 146 142 147 150 156 157 160 105 0 0 0 0 0 0 0 0 0 0 0 0 0 0 0 0 0 0 0 0 0 0 0 0 0 0 0 0 0
84 : 131 130 117 119 123 117 131 133 133 132 139 136 141 150 148 143 147 150 156 157 161 118 0 0 0 0 0 0 0 0 0 0 0 0 0 0 0 0 0 0 0 0 0 0 0 0 0 0 0 0 0
85 : 130 130 118 119 123 117 131 133 133 132 140 137 142 150 147 143 148 151 157 158 161 126 1 0 0 0 0 0 0 0 0 0 0 0 0 0 0 0 0 0 0 0 0 0 0 0 0 0 0 0 0
86 : 129 130 117 119 122 116 131 133 133 132 138 136 141 149 147 142 148 150 157 157 161 126 1 0 0 0 0 0 0 0 0 0 0 0 0 0 0 0 0 0 0 0 0 0 0 0 0 0 0 0 0
87 : 132 132 119 122 124 119 133 135 135 134 141 137 143 151 149 144 149 151 158 159 162 129 1 0 0 0 0 0 0 0 0 0 0 0 0 0 0 0 0 0 0 0 0 0 0 0 0 0 0 0 0
88 : 129 130 117 119 122 116 131 133 133 131 139 135 141 149 147 142 147 149 156 157 159 122 1 0 0 0 0 0 0 0 0 0 0 0 0 0 0 0 0 0 0 0 0 0 0 0 0 0 0 0 0
89 : 130 131 118 120 123 117 132 133 133 133 139 137 142 150 148 143 148 151 157 159 160 124 0 0 0 0 0 0 0 0 0 0 0 0 0 0 0 0 0 0 0 0 0 0 0 0 0 0 0 0 0
90 : 130 131 117 120 123 117 132 133 133 132 139 137 142 150 148 143 148 151 157 158 161 120 0 0 0 0 0 0 0 0 0 0 0 0 0 0 0 0 0 0 0 0 0 0 0 0 0 0 0 0 0
91 : 128 129 116 118 122 116 131 132 132 131 138 135 140 149 146 142 147 149 155 157 159 129 0 0 0 0 0 0 0 0 0 0 0 0 0 0 0 0 0 0 0 0 0 0 0 0 0 0 0 0 0
92 : 131 131 118 121 124 117 132 134 134 133 140 137 142 151 148 144 148 151 157 158 161 145 0 0 0 0 0 0 0 0 0 0 0 0 0 0 0 0 0 0 0 0 0 0 0 0 0 0 0 0 0
93 : 129 130 117 119 122 116 131 133 132 132 138 136 142 150 147 142 148 149 156 157 160 142 1 0 0 0 0 0 0 0 0 0 0 0 0 0 0 0 0 0 0 0 0 0 0 0 0 0 0 0 0
94 : 130 131 117 120 123 116 132 134 133 133 139 137 142 150 147 143 148 150 156 158 160 135 1 0 0 0 0 0 0 0 0 0 0 0 0 0 0 0 0 0 0 0 0 0 0 0 0 0 0 0 0
95 : 130 130 116 120 122 117 131 133 133 132 139 137 141 150 147 142 148 150 156 158 159 135 0 0 0 0 0 0 0 0 0 0 0 0 0 0 0 0 0 0 0 0 0 0 0 0 0 0 0 0 0
96 : 128 129 116 118 121 115 130 132 132 131 138 135 140 148 146 141 147 149 156 157 158 135 0 0 0 0 0 0 0 0 0 0 0 0 0 0 0 0 0 0 0 0 0 0 0 0 0 0 0 0 0
97 : 130 132 118 120 124 118 132 134 134 133 140 138 143 151 148 144 149 151 157 159 160 133 0 0 0 0 0 0 0 0 0 0 0 0 0 0 0 0 0 0 0 0 0 0 0 0 0 0 0 0 0
98 : 129 129 115 119 121 115 130 132 132 131 138 134 140 148 146 141 147 148 155 156 159 132 0 0 0 0 0 0 0 0 0 0 0 0 0 0 0 0 0 0 0 0 0 0 0 0 0 0 0 0 0
99 : 129 130 117 120 123 117 131 133 133 132 139 136 142 150 147 143 148 150 156 157 159 135 0 0 0 0 0 0 0 0 0 0 0 0 0 0 0 0 0 0 0 0 0 0 0 0 0 0 0 0 0
100 : 130 130 117 120 122 116 131 133 133 132 139 136 141 149 147 143 148 150 156 158 158 149 2 0 0 0 0 0 0 0 0 0 0 0 0 0 0 0 0 0 0 0 0 0 0 0 0 0 0 0 0
101 : 128 129 116 118 121 116 130 132 132 131 138 135 141 149 147 141 147 149 155 157 157 157 3 0 0 0 0 0 0 0 0 0 0 0 0 0 0 0 0 0 0 0 0 0 0 0 0 0 0 0 0
1 : 129 129 115 117 121 116 131 132 132 132 138 136 141 149 147 141 147 149 156 157 157 156 3 0 0 0 0 0 0 0 0 0 0 0 0 0 0 0 0 0 0 0 0 0 0 0 0 0 0 0 0
2 : 130 131 117 120 123 118 133 133 134 133 139 138 142 151 148 143 149 150 157 158 159 157 3 0 0 0 0 0 0 0 0 0 0 0 0 0 0 0 0 0 0 0 0 0 0 0 0 0 0 0 0
3 : 129 130 115 118 121 116 131 132 132 132 138 135 140 149 146 141 147 149 155 157 158 154 2 0 0 0 0 0 0 0 0 0 0 0 0 0 0 0 0 0 0 0 0 0 0 0 0 0 0 0 0
4 : 130 130 116 119 122 118 132 133 133 132 139 137 141 150 147 143 148 150 157 158 161 156 3 0 0 0 0 0 0 0 0 0 0 0 0 0 0 0 0 0 0 0 0 0 0 0 0 0 0 0 0
5 : 129 130 116 119 122 117 132 133 133 132 139 136 142 150 147 143 147 149 156 158 160 140 5 0 0 0 0 0 0 0 0 0 0 0 0 0 0 0 0 0 0 0 0 0 0 0 0 0 0 0 0
6 : 129 130 116 118 121 116 131 132 132 131 138 136 140 149 146 142 147 149 156 157 159 138 6 0 0 0 0 0 0 0 0 0 0 0 0 0 0 0 0 0 0 0 0 0 0 0 0 0 0 0 0
7 : 130 131 116 120 122 118 132 133 133 133 139 137 142 150 147 142 148 150 157 158 160 144 6 0 0 0 0 0 0 0 0 0 0 0 0 0 0 0 0 0 0 0 0 0 0 0 0 0 0 0 0
8 : 130 130 115 119 122 116 131 132 133 132 138 136 141 149 147 142 147 150 157 158 160 146 2 0 0 0 0 0 0 0 0 0 0 0 0 0 0 0 0 0 0 0 0 0 0 0 0 0 0 0 0
9 : 130 130 116 119 122 117 131 132 133 132 138 136 141 149 147 142 148 150 157 158 160 139 3 0 0 0 0 0 0 0 0 0 0 0 0 0 0 0 0 0 0 0 0 0 0 0 0 0 0 0 0
10 : 129 130 116 119 121 117 131 133 133 132 138 137 141 149 147 142 148 149 156 158 160 124 4 0 0 0 0 0 0 0 0 0 0 0 0 0 0 0 0 0 0 0 0 0 0 0 0 0 0 0 0
11 : 128 130 115 118 121 116 131 132 132 131 137 135 141 149 146 141 147 149 156 157 159 117 5 0 0 0 0 0 0 0 0 0 0 0 0 0 0 0 0 0 0 0 0 0 0 0 0 0 0 0 0
12 : 131 131 116 119 123 117 132 133 133 132 139 137 142 150 147 142 148 150 156 157 160 117 5 0 0 0 0 0 0 0 0 0 0 0 0 0 0 0 0 0 0 0 0 0 0 0 0 0 0 0 0
13 : 128 129 114 117 120 115 130 131 132 130 137 135 139 148 145 141 146 149 155 156 159 122 4 0 0 0 0 0 0 0 0 0 0 0 0 0 0 0 0 0 0 0 0 0 0 0 0 0 0 0 0
14 : 130 130 116 119 122 117 131 132 132 131 138 136 141 149 146 142 147 149 156 157 159 123 2 0 0 0 0 0 0 0 0 0 0 0 0 0 0 0 0 0 0 0 0 0 0 0 0 0 0 0 0
15 : 130 131 116 120 122 117 131 133 132 132 138 137 141 149 147 142 148 150 157 158 160 115 1 0 0 0 0 0 0 0 0 0 0 0 0 0 0 0 0 0 0 0 0 0 0 0 0 0 0 0 0
16 : 128 129 115 116 120 116 130 131 132 131 137 135 139 148 145 141 146 148 155 156 158 118 0 0 0 0 0 0 0 0 0 0 0 0 0 0 0 0 0 0 0 0 0 0 0 0 0 0 0 0 0
17 : 130 131 117 120 122 118 132 133 133 132 139 137 141 150 147 142 148 150 157 158 158 122 1 0 0 0 0 0 0 0 0 0 0 0 0 0 0 0 0 0 0 0 0 0 0 0 0 0 0 0 0
18 : 129 130 115 119 121 117 131 132 132 131 137 136 141 149 146 141 147 149 156 157 157 125 1 0 0 0 0 0 0 0 0 0 0 0 0 0 0 0 0 0 0 0 0 0 0 0 0 0 0 0 0
19 : 130 130 116 120 122 117 132 133 134 133 138 137 141 150 147 143 148 150 157 158 159 126 2 0 0 0 0 0 0 0 0 0 0 0 0 0 0 0 0 0 0 0 0 0 0 0 0 0 0 0 0
20 : 129 131 116 119 122 117 131 133 133 132 138 136 141 150 147 142 148 150 156 158 159 127 2 0 0 0 0 0 0 0 0 0 0 0 0 0 0 0 0 0 0 0 0 0 0 0 0 0 0 0 0
21 : 129 129 115 117 120 115 130 131 131 130 137 135 140 148 145 140 146 148 155 157 157 122 2 0 0 0 0 0 0 0 0 0 0 0 0 0 0 0 0 0 0 0 0 0 0 0 0 0 0 0 0
22 : 131 131 116 119 122 117 132 133 133 133 139 137 142 150 148 143 148 150 157 159 160 120 2 0 0 0 0 0 0 0 0 0 0 0 0 0 0 0 0 0 0 0 0 0 0 0 0 0 0 0 0
23 : 129 129 115 118 120 117 131 132 132 131 137 136 141 149 147 141 147 149 155 157 158 119 2 0 0 0 0 0 0 0 0 0 0 0 0 0 0 0 0 0 0 0 0 0 0 0 0 0 0 0 0
24 : 130 131 116 119 122 117 132 133 134 133 139 137 142 150 147 143 148 150 157 158 160 119 3 0 0 0 0 0 0 0 0 0 0 0 0 0 0 0 0 0 0 0 0 0 0 0 0 0 0 0 0
25 : 130 130 116 119 122 117 131 132 133 132 138 136 141 150 147 142 148 150 156 158 160 135 4 0 0 0 0 0 0 0 0 0 0 0 0 0 0 0 0 0 0 0 0 0 0 0 0 0 0 0 0
26 : 129 130 115 118 121 117 131 132 132 131 138 136 141 149 147 142 147 149 156 157 159 143 3 0 0 0 0 0 0 0 0 0 0 0 0 0 0 0 0 0 0 0 0 0 0 0 0 0 0 0 0
27 : 130 131 117 120 123 118 133 133 134 133 139 137 142 150 148 143 148 150 157 159 159 147 1 0 0 0 0 0 0 0 0 0 0 0 0 0 0 0 0 0 0 0 0 0 0 0 0 0 0 0 0
28 : 129 130 116 118 121 117 131 132 133 132 138 136 142 150 147 142 147 149 157 158 158 145 1 0 0 0 0 0 0 0 0 0 0 0 0 0 0 0 0 0 0 0 0 0 0 0 0 0 0 0 0
29 : 129 130 116 118 122 118 132 132 134 133 139 137 142 150 148 143 148 150 156 158 159 139 0 0 0 0 0 0 0 0 0 0 0 0 0 0 0 0 0 0 0 0 0 0 0 0 0 0 0 0 0
30 : 129 130 116 119 122 117 132 133 133 132 138 137 141 150 148 143 148 150 156 158 158 141 0 0 0 0 0 0 0 0 0 0 0 0 0 0 0 0 0 0 0 0 0 0 0 0 0 0 0 0 0
31 : 128 130 115 118 121 116 131 132 132 132 138 136 141 150 147 142 147 149 156 157 159 141 0 0 0 0 0 0 0 0 0 0 0 0 0 0 0 0 0 0 0 0 0 0 0 0 0 0 0 0 0
32 : 130 131 117 120 122 118 133 133 134 134 140 138 143 150 149 143 148 151 157 159 161 145 1 0 0 0 0 0 0 0 0 0 0 0 0 0 0 0 0 0 0 0 0 0 0 0 0 0 0 0 0
33 : 129 130 116 119 121 117 131 132 133 132 138 136 141 150 147 142 148 149 156 158 160 142 1 0 0 0 0 0 0 0 0 0 0 0 0 0 0 0 0 0 0 0 0 0 0 0 0 0 0 0 0
34 : 128 130 116 119 121 116 132 132 133 132 138 136 141 149 147 142 148 149 156 157 159 141 1 0 0 0 0 0 0 0 0 0 0 0 0 0 0 0 0 0 0 0 0 0 0 0 0 0 0 0 0
35 : 129 130 116 119 122 117 132 133 133 133 139 137 142 150 148 143 148 150 157 159 160 139 1 0 0 0 0 0 0 0 0 0 0 0 0 0 0 0 0 0 0 0 0 0 0 0 0 0 0 0 0
36 : 129 129 114 118 121 116 131 132 132 132 138 136 141 149 146 142 147 149 156 158 159 150 1 0 0 0 0 0 0 0 0 0 0 0 0 0 0 0 0 0 0 0 0 0 0 0 0 0 0 0 0
37 : 129 131 116 120 122 117 132 133 133 133 139 137 142 150 148 143 148 150 157 158 161 131 3 0 0 0 0 0 0 0 0 0 0 0 0 0 0 0 0 0 0 0 0 0 0 0 0 0 0 0 0
38 : 129 130 115 119 121 116 132 132 133 132 138 136 141 149 147 142 147 150 156 158 160 126 1 0 0 0 0 0 0 0 0 0 0 0 0 0 0 0 0 0 0 0 0 0 0 0 0 0 0 0 0
39 : 131 131 117 120 123 118 132 134 133 133 139 137 142 150 148 143 149 151 157 159 160 127 1 0 0 0 0 0 0 0 0 0 0 0 0 0 0 0 0 0 0 0 0 0 0 0 0 0 0 0 0
40 : 129 130 115 119 122 117 131 133 133 132 138 136 141 150 147 142 148 150 157 158 158 125 1 0 0 0 0 0 0 0 0 0 0 0 0 0 0 0 0 0 0 0 0 0 0 0 0 0 0 0 0
41 : 129 129 115 119 121 116 131 132 131 132 138 136 141 149 146 142 147 149 156 157 158 124 1 0 0 0 0 0 0 0 0 0 0 0 0 0 0 0 0 0 0 0 0 0 0 0 0 0 0 0 0
42 : 131 132 117 121 123 118 132 134 134 133 140 138 143 151 149 144 149 151 158 159 161 128 1 0 0 0 0 0 0 0 0 0 0 0 0 0 0 0 0 0 0 0 0 0 0 0 0 0 0 0 0
43 : 128 129 115 118 121 115 130 131 132 131 137 135 140 148 145 141 147 149 155 157 158 127 1 0 0 0 0 0 0 0 0 0 0 0 0 0 0 0 0 0 0 0 0 0 0 0 0 0 0 0 0
44 : 131 132 117 121 123 118 133 134 134 133 139 138 142 151 148 144 149 150 158 159 160 127 1 0 0 0 0 0 0 0 0 0 0 0 0 0 0 0 0 0 0 0 0 0 0 0 0 0 0 0 0
45 : 129 130 116 119 122 117 131 133 132 131 138 136 141 150 147 142 148 150 157 158 159 133 1 0 0 0 0 0 0 0 0 0 0 0 0 0 0 0 0 0 0 0 0 0 0 0 0 0 0 0 0
46 : 129 130 115 118 121 116 130 132 132 131 137 135 140 149 146 141 146 149 156 157 159 133 0 0 0 0 0 0 0 0 0 0 0 0 0 0 0 0 0 0 0 0 0 0 0 0 0 0 0 0 0
47 : 131 131 117 120 123 117 133 134 134 133 139 138 142 150 147 142 149 150 158 159 161 132 1 0 0 0 0 0 0 0 0 0 0 0 0 0 0 0 0 0 0 0 0 0 0 0 0 0 0 0 0
48 : 130 131 115 119 122 117 131 133 133 132 138 136 142 149 147 143 148 150 157 158 160 129 0 0 0 0 0 0 0 0 0 0 0 0 0 0 0 0 0 0 0 0 0 0 0 0 0 0 0 0 0
49 : 130 131 116 120 122 118 132 133 133 132 139 137 141 150 147 142 148 150 157 159 160 131 0 0 0 0 0 0 0 0 0 0 0 0 0 0 0 0 0 0 0 0 0 0 0 0 0 0 0 0 0
50 : 130 130 116 119 122 117 131 133 133 132 138 137 141 150 147 142 147 149 156 158 159 130 0 0 0 0 0 0 0 0 0 0 0 0 0 0 0 0 0 0 0 0 0 0 0 0 0 0 0 0 0
51 : 129 129 115 118 121 116 131 132 131 131 138 136 141 149 146 142 147 148 156 157 157 127 0 0 0 0 0 0 0 0 0 0 0 0 0 0 0 0 0 0 0 0 0 0 0 0 0 0 0 0 0
52 : 130 131 117 120 123 118 132 133 133 133 139 138 142 150 148 143 148 150 157 158 159 127 0 0 0 0 0 0 0 0 0 0 0 0 0 0 0 0 0 0 0 0 0 0 0 0 0 0 0 0 0
53 : 128 129 115 118 121 116 130 132 131 131 138 135 141 149 146 141 146 149 156 157 159 125 0 0 0 0 0 0 0 0 0 0 0 0 0 0 0 0 0 0 0 0 0 0 0 0 0 0 0 0 0
54 : 130 131 117 120 122 118 132 133 133 133 139 137 142 150 148 143 148 150 157 158 160 125 0 0 0 0 0 0 0 0 0 0 0 0 0 0 0 0 0 0 0 0 0 0 0 0 0 0 0 0 0
55 : 130 130 116 119 122 117 132 133 133 132 138 137 142 150 147 142 148 150 157 158 160 125 0 0 0 0 0 0 0 0 0 0 0 0 0 0 0 0 0 0 0 0 0 0 0 0 0 0 0 0 0
56 : 128 130 114 119 121 116 131 132 132 131 138 136 141 149 147 141 147 149 156 157 159 125 0 0 0 0 0 0 0 0 0 0 0 0 0 0 0 0 0 0 0 0 0 0 0 0 0 0 0 0 0
57 : 131 132 117 121 124 119 133 134 134 133 140 138 143 151 149 144 149 152 158 160 161 125 0 0 0 0 0 0 0 0 0 0 0 0 0 0 0 0 0 0 0 0 0 0 0 0 0 0 0 0 0
58 : 128 129 115 119 121 116 131 132 132 131 138 135 141 149 147 141 147 149 156 158 159 124 0 0 0 0 0 0 0 0 0 0 0 0 0 0 0 0 0 0 0 0 0 0 0 0 0 0 0 0 0
59 : 130 131 116 120 122 118 132 133 133 133 139 137 142 150 148 143 149 150 157 158 161 128 1 0 0 0 0 0 0 0 0 0 0 0 0 0 0 0 0 0 0 0 0 0 0 0 0 0 0 0 0
60 : 130 130 116 119 121 117 132 133 133 132 138 137 142 150 147 142 148 150 156 159 160 123 1 0 0 0 0 0 0 0 0 0 0 0 0 0 0 0 0 0 0 0 0 0 0 0 0 0 0 0 0
61 : 128 129 115 118 121 116 132 132 132 132 138 136 141 149 147 142 147 149 156 158 161 121 3 0 0 0 0 0 0 0 0 0 0 0 0 0 0 0 0 0 0 0 0 0 0 0 0 0 0 0 0
62 : 130 131 117 120 122 118 133 133 134 133 140 137 142 150 148 143 149 151 157 159 161 126 4 0 0 0 0 0 0 0 0 0 0 0 0 0 0 0 0 0 0 0 0 0 0 0 0 0 0 0 0
63 : 130 130 115 119 121 117 132 132 133 132 139 137 141 150 148 142 148 150 157 158 161 125 2 0 0 0 0 0 0 0 0 0 0 0 0 0 0 0 0 0 0 0 0 0 0 0 0 0 0 0 0
64 : 130 131 117 120 123 118 132 134 134 133 140 138 143 150 149 143 149 151 157 159 162 125 1 0 0 0 0 0 0 0 0 0 0 0 0 0 0 0 0 0 0 0 0 0 0 0 0 0 0 0 0
65 : 129 130 116 119 122 117 132 133 134 133 139 138 142 150 148 143 148 150 157 159 161 125 1 0 0 0 0 0 0 0 0 0 0 0 0 0 0 0 0 0 0 0 0 0 0 0 0 0 0 0 0
66 : 129 130 115 118 121 116 131 132 132 132 138 136 141 150 147 142 148 150 156 158 161 124 1 0 0 0 0 0 0 0 0 0 0 0 0 0 0 0 0 0 0 0 0 0 0 0 0 0 0 0 0
67 : 129 131 116 120 122 118 132 133 134 132 139 137 142 150 148 143 148 150 157 158 161 125 3 0 0 0 0 0 0 0 0 0 0 0 0 0 0 0 0 0 0 0 0 0 0 0 0 0 0 0 0
68 : 129 130 115 119 121 117 132 132 133 132 139 137 141 150 147 143 148 150 156 158 160 125 5 0 0 0 0 0 0 0 0 0 0 0 0 0 0 0 0 0 0 0 0 0 0 0 0 0 0 0 0
69 : 130 131 117 120 122 118 133 133 134 134 139 138 142 150 148 143 148 151 157 159 159 124 2 0 0 0 0 0 0 0 0 0 0 0 0 0 0 0 0 0 0 0 0 0 0 0 0 0 0 0 0
70 : 129 130 116 119 121 117 131 132 133 132 139 136 141 150 147 142 148 149 157 158 159 132 0 0 0 0 0 0 0 0 0 0 0 0 0 0 0 0 0 0 0 0 0 0 0 0 0 0 0 0 0
71 : 129 130 115 119 121 116 131 132 132 132 138 137 141 149 147 142 147 149 156 158 160 128 1 0 0 0 0 0 0 0 0 0 0 0 0 0 0 0 0 0 0 0 0 0 0 0 0 0 0 0 0
72 : 129 130 116 119 122 118 132 133 133 132 139 137 142 150 147 143 148 150 157 158 160 138 1 0 0 0 0 0 0 0 0 0 0 0 0 0 0 0 0 0 0 0 0 0 0 0 0 0 0 0 0
73 : 129 130 116 119 122 117 132 132 133 132 138 136 141 149 148 142 147 150 156 159 160 132 2 0 0 0 0 0 0 0 0 0 0 0 0 0 0 0 0 0 0 0 0 0 0 0 0 0 0 0 0
74 : 130 131 116 120 122 117 132 133 134 132 139 137 142 150 148 143 148 150 157 158 159 137 2 0 0 0 0 0 0 0 0 0 0 0 0 0 0 0 0 0 0 0 0 0 0 0 0 0 0 0 0
75 : 129 130 116 119 122 118 132 133 133 132 139 137 141 150 148 143 148 150 157 158 159 148 1 0 0 0 0 0 0 0 0 0 0 0 0 0 0 0 0 0 0 0 0 0 0 0 0 0 0 0 0
76 : 129 130 115 119 121 116 131 132 133 132 138 136 141 149 147 142 147 149 156 158 158 148 4 0 0 0 0 0 0 0 0 0 0 0 0 0 0 0 0 0 0 0 0 0 0 0 0 0 0 0 0
77 : 130 131 116 120 122 117 132 133 133 132 139 137 142 149 147 142 147 149 157 158 158 140 7 0 0 0 0 0 0 0 0 0 0 0 0 0 0 0 0 0 0 0 0 0 0 0 0 0 0 0 0
78 : 129 129 115 118 121 116 130 132 131 131 138 135 140 149 146 141 147 149 156 157 157 138 6 0 0 0 0 0 0 0 0 0 0 0 0 0 0 0 0 0 0 0 0 0 0 0 0 0 0 0 0
79 : 131 131 117 120 123 117 132 133 134 132 139 137 142 150 147 143 148 150 157 159 159 134 2 0 0 0 0 0 0 0 0 0 0 0 0 0 0 0 0 0 0 0 0 0 0 0 0 0 0 0 0
80 : 129 130 116 119 122 116 131 132 132 131 138 137 141 149 146 142 148 149 156 158 159 126 1 0 0 0 0 0 0 0 0 0 0 0 0 0 0 0 0 0 0 0 0 0 0 0 0 0 0 0 0
81 : 129 129 115 118 121 116 131 132 132 131 138 135 141 149 146 141 147 149 156 157 160 125 0 0 0 0 0 0 0 0 0 0 0 0 0 0 0 0 0 0 0 0 0 0 0 0 0 0 0 0 0
82 : 130 130 116 119 122 117 132 133 132 132 139 137 141 150 147 143 148 150 156 158 159 123 0 0 0 0 0 0 0 0 0 0 0 0 0 0 0 0 0 0 0 0 0 0 0 0 0 0 0 0 0
83 : 128 129 115 119 121 116 131 132 131 131 137 135 140 148 146 141 147 149 156 157 158 123 0 0 0 0 0 0 0 0 0 0 0 0 0 0 0 0 0 0 0 0 0 0 0 0 0 0 0 0 0
84 : 130 130 116 119 122 117 132 133 133 132 139 136 141 150 147 142 148 150 157 158 159 124 0 0 0 0 0 0 0 0 0 0 0 0 0 0 0 0 0 0 0 0 0 0 0 0 0 0 0 0 0
85 : 129 130 115 119 121 116 131 133 133 131 139 136 141 149 146 141 148 149 156 157 160 124 0 0 0 0 0 0 0 0 0 0 0 0 0 0 0 0 0 0 0 0 0 0 0 0 0 0 0 0 0
86 : 129 130 116 118 121 116 130 132 132 131 138 136 141 149 146 142 148 149 156 157 159 124 0 0 0 0 0 0 0 0 0 0 0 0 0 0 0 0 0 0 0 0 0 0 0 0 0 0 0 0 0
87 : 130 130 116 120 122 117 132 133 133 132 139 137 141 149 146 143 148 150 157 158 159 125 0 0 0 0 0 0 0 0 0 0 0 0 0 0 0 0 0 0 0 0 0 0 0 0 0 0 0 0 0
88 : 129 130 115 119 122 116 131 133 133 132 138 136 141 149 147 142 148 149 157 158 159 125 0 0 0 0 0 0 0 0 0 0 0 0 0 0 0 0 0 0 0 0 0 0 0 0 0 0 0 0 0
89 : 130 131 116 120 123 118 133 134 134 133 139 138 142 151 148 143 149 150 157 159 161 125 0 0 0 0 0 0 0 0 0 0 0 0 0 0 0 0 0 0 0 0 0 0 0 0 0 0 0 0 0
90 : 130 131 115 120 122 117 132 133 133 132 139 137 141 149 147 142 148 149 157 159 161 125 0 0 0 0 0 0 0 0 0 0 0 0 0 0 0 0 0 0 0 0 0 0 0 0 0 0 0 0 0
91 : 129 130 115 119 121 116 131 132 132 132 138 136 141 149 147 142 147 149 156 158 161 131 0 0 0 0 0 0 0 0 0 0 0 0 0 0 0 0 0 0 0 0 0 0 0 0 0 0 0 0 0
92 : 130 131 117 121 123 118 133 133 134 133 140 138 142 151 148 143 149 151 158 160 163 134 1 0 0 0 0 0 0 0 0 0 0 0 0 0 0 0 0 0 0 0 0 0 0 0 0 0 0 0 0
93 : 129 130 116 119 121 116 132 132 133 132 138 137 141 150 147 142 148 149 156 158 162 130 1 0 0 0 0 0 0 0 0 0 0 0 0 0 0 0 0 0 0 0 0 0 0 0 0 0 0 0 0
94 : 131 132 117 120 123 118 133 133 134 134 140 138 143 151 148 143 149 151 158 160 163 130 2 0 0 0 0 0 0 0 0 0 0 0 0 0 0 0 0 0 0 0 0 0 0 0 0 0 0 0 0
95 : 130 130 116 119 121 117 132 132 133 132 139 137 141 150 147 142 148 150 157 159 161 129 1 0 0 0 0 0 0 0 0 0 0 0 0 0 0 0 0 0 0 0 0 0 0 0 0 0 0 0 0
96 : 129 130 116 119 121 117 131 132 132 132 138 137 141 149 147 143 148 150 157 158 161 130 1 0 0 0 0 0 0 0 0 0 0 0 0 0 0 0 0 0 0 0 0 0 0 0 0 0 0 0 0
97 : 130 131 117 120 122 118 133 133 134 133 139 138 142 151 148 143 149 151 157 159 161 130 0 0 0 0 0 0 0 0 0 0 0 0 0 0 0 0 0 0 0 0 0 0 0 0 0 0 0 0 0
98 : 129 129 115 118 121 116 131 131 132 131 138 136 140 149 147 141 147 149 156 157 158 126 0 0 0 0 0 0 0 0 0 0 0 0 0 0 0 0 0 0 0 0 0 0 0 0 0 0 0 0 0
99 : 131 131 117 120 123 118 132 133 134 133 139 138 142 150 148 143 149 150 157 159 160 126 0 0 0 0 0 0 0 0 0 0 0 0 0 0 0 0 0 0 0 0 0 0 0 0 0 0 0 0 0
100 : 130 131 116 119 122 117 132 132 134 132 139 137 142 150 148 142 148 150 157 158 160 126 0 0 0 0 0 0 0 0 0 0 0 0 0 0 0 0 0 0 0 0 0 0 0 0 0 0 0 0 0
101 : 129 129 115 118 121 116 131 131 132 132 138 136 141 149 147 142 147 150 156 158 160 126 0 0 0 0 0 0 0 0 0 0 0 0 0 0 0 0 0 0 0 0 0 0 0 0 0 0 0 0 0
1 : 128 129 115 118 121 115 130 132 132 131 138 135 141 149 146 142 147 149 156 157 160 126 1 0 0 0 0 0 0 0 0 0 0 0 0 0 0 0 0 0 0 0 0 0 0 0 0 0 0 0 0
2 : 130 131 117 120 122 117 132 134 134 133 139 137 142 150 148 143 149 150 157 159 161 127 1 0 0 0 0 0 0 0 0 0 0 0 0 0 0 0 0 0 0 0 0 0 0 0 0 0 0 0 0
3 : 127 129 115 118 121 115 130 132 132 131 137 135 140 148 146 141 146 148 155 157 159 126 1 0 0 0 0 0 0 0 0 0 0 0 0 0 0 0 0 0 0 0 0 0 0 0 0 0 0 0 0
4 : 130 131 117 120 122 117 132 133 133 133 139 137 142 150 147 143 148 150 157 159 161 127 1 0 0 0 0 0 0 0 0 0 0 0 0 0 0 0 0 0 0 0 0 0 0 0 0 0 0 0 0
5 : 129 131 116 120 122 116 131 133 133 132 138 136 141 150 147 143 148 150 157 158 161 124 1 0 0 0 0 0 0 0 0 0 0 0 0 0 0 0 0 0 0 0 0 0 0 0 0 0 0 0 0
6 : 128 129 116 119 122 116 130 133 132 131 138 136 141 148 146 142 147 149 156 158 161 124 1 0 0 0 0 0 0 0 0 0 0 0 0 0 0 0 0 0 0 0 0 0 0 0 0 0 0 0 0
7 : 129 130 117 120 123 117 132 133 133 133 139 137 142 150 147 143 148 150 157 158 162 134 1 0 0 0 0 0 0 0 0 0 0 0 0 0 0 0 0 0 0 0 0 0 0 0 0 0 0 0 0
8 : 128 129 115 119 122 115 130 132 131 131 137 134 140 148 146 141 147 149 155 157 161 123 3 0 0 0 0 0 0 0 0 0 0 0 0 0 0 0 0 0 0 0 0 0 0 0 0 0 0 0 0
9 : 130 131 117 121 123 118 132 133 133 133 139 137 142 150 147 143 148 150 157 158 162 108 14 0 0 0 0 0 0 0 0 0 0 0 0 0 0 0 0 0 0 0 0 0 0 0 0 0 0 0 0
10 : 129 130 116 120 122 116 131 132 132 131 138 135 141 149 146 142 147 149 156 157 161 109 24 0 0 0 0 0 0 0 0 0 0 0 0 0 0 0 0 0 0 0 0 0 0 0 0 0 0 0 0
11 : 129 129 116 120 122 115 131 132 131 131 138 136 140 149 146 142 147 149 156 157 160 120 28 0 0 0 0 0 0 0 0 0 0 0 0 0 0 0 0 0 0 0 0 0 0 0 0 0 0 0 0
12 : 129 130 117 120 123 116 131 133 133 132 139 136 142 149 147 142 148 149 156 158 160 122 29 0 0 0 0 0 0 0 0 0 0 0 0 0 0 0 0 0 0 0 0 0 0 0 0 0 0 0 0
13 : 128 129 116 119 121 115 129 131 131 130 137 135 139 147 145 141 146 148 155 156 158 124 17 0 0 0 0 0 0 0 0 0 0 0 0 0 0 0 0 0 0 0 0 0 0 0 0 0 0 0 0
14 : 130 129 117 120 122 116 131 133 133 131 138 136 141 148 146 142 148 149 156 157 159 126 3 0 0 0 0 0 0 0 0 0 0 0 0 0 0 0 0 0 0 0 0 0 0 0 0 0 0 0 0
15 : 129 129 116 119 121 116 130 133 132 132 138 136 141 149 146 142 147 149 156 157 158 125 1 0 0 0 0 0 0 0 0 0 0 0 0 0 0 0 0 0 0 0 0 0 0 0 0 0 0 0 0
16 : 128 129 116 119 121 115 130 132 132 131 137 135 140 148 145 142 147 148 156 157 158 125 1 0 0 0 0 0 0 0 0 0 0 0 0 0 0 0 0 0 0 0 0 0 0 0 0 0 0 0 0
17 : 129 130 116 120 122 116 130 132 132 131 138 135 140 148 146 142 147 149 156 157 158 126 1 0 0 0 0 0 0 0 0 0 0 0 0 0 0 0 0 0 0 0 0 0 0 0 0 0 0 0 0
18 : 128 130 116 119 121 115 130 133 131 131 138 135 140 149 146 142 147 149 156 157 160 125 1 0 0 0 0 0 0 0 0 0 0 0 0 0 0 0 0 0 0 0 0 0 0 0 0 0 0 0 0
19 : 131 131 118 122 124 118 133 135 134 133 140 137 142 150 147 143 149 151 158 159 161 126 1 0 0 0 0 0 0 0 0 0 0 0 0 0 0 0 0 0 0 0 0 0 0 0 0 0 0 0 0
20 : 129 130 117 120 122 116 131 133 133 132 139 136 141 149 146 143 148 149 156 157 160 125 1 0 0 0 0 0 0 0 0 0 0 0 0 0 0 0 0 0 0 0 0 0 0 0 0 0 0 0 0
21 : 129 130 116 119 122 115 130 133 132 131 137 135 140 149 145 141 147 149 156 157 161 126 1 0 0 0 0 0 0 0 0 0 0 0 0 0 0 0 0 0 0 0 0 0 0 0 0 0 0 0 0
22 : 129 130 117 120 123 116 131 134 133 132 138 136 141 149 146 143 148 149 156 158 161 124 1 0 0 0 0 0 0 0 0 0 0 0 0 0 0 0 0 0 0 0 0 0 0 0 0 0 0 0 0
23 : 128 129 116 120 122 116 131 132 131 132 138 135 140 149 146 142 147 149 155 157 161 126 1 0 0 0 0 0 0 0 0 0 0 0 0 0 0 0 0 0 0 0 0 0 0 0 0 0 0 0 0
24 : 130 131 117 121 123 117 131 133 133 133 139 137 142 150 147 143 149 150 157 158 162 121 2 0 0 0 0 0 0 0 0 0 0 0 0 0 0 0 0 0 0 0 0 0 0 0 0 0 0 0 0
25 : 129 130 116 119 122 116 131 133 133 132 138 135 141 149 146 142 147 148 156 157 161 120 5 0 0 0 0 0 0 0 0 0 0 0 0 0 0 0 0 0 0 0 0 0 0 0 0 0 0 0 0
26 : 128 129 116 119 121 115 131 132 132 131 138 135 140 149 146 142 147 149 156 157 161 126 9 0 0 0 0 0 0 0 0 0 0 0 0 0 0 0 0 0 0 0 0 0 0 0 0 0 0 0 0
27 : 130 131 118 120 123 117 132 134 133 133 140 137 142 150 148 143 149 151 157 159 163 127 11 0 0 0 0 0 0 0 0 0 0 0 0 0 0 0 0 0 0 0 0 0 0 0 0 0 0 0 0
28 : 129 129 116 119 122 116 131 133 132 132 138 135 141 150 146 142 147 149 156 158 162 127 9 0 0 0 0 0 0 0 0 0 0 0 0 0 0 0 0 0 0 0 0 0 0 0 0 0 0 0 0
29 : 131 132 118 121 124 119 133 135 135 133 140 138 143 151 149 144 149 152 158 160 163 139 5 0 0 0 0 0 0 0 0 0 0 0 0 0 0 0 0 0 0 0 0 0 0 0 0 0 0 0 0
30 : 129 129 116 119 122 116 131 132 132 132 138 135 141 149 147 142 148 149 156 158 161 149 2 0 0 0 0 0 0 0 0 0 0 0 0 0 0 0 0 0 0 0 0 0 0 0 0 0 0 0 0
31 : 128 129 115 119 121 115 131 132 132 131 138 135 140 149 146 141 147 148 156 157 160 138 2 0 0 0 0 0 0 0 0 0 0 0 0 0 0 0 0 0 0 0 0 0 0 0 0 0 0 0 0
32 : 128 130 116 120 122 116 131 133 133 132 138 136 141 149 146 142 147 149 156 157 161 137 2 0 0 0 0 0 0 0 0 0 0 0 0 0 0 0 0 0 0 0 0 0 0 0 0 0 0 0 0
33 : 129 130 117 119 122 116 131 133 133 132 138 136 141 149 147 142 147 150 156 158 161 135 1 0 0 0 0 0 0 0 0 0 0 0 0 0 0 0 0 0 0 0 0 0 0 0 0 0 0 0 0
34 : 130 131 118 121 122 117 133 133 133 133 139 137 142 150 148 143 149 150 157 158 161 136 1 0 0 0 0 0 0 0 0 0 0 0 0 0 0 0 0 0 0 0 0 0 0 0 0 0 0 0 0
35 : 130 130 116 119 122 116 131 132 132 132 138 136 141 149 146 142 148 150 156 157 160 136 1 0 0 0 0 0 0 0 0 0 0 0 0 0 0 0 0 0 0 0 0 0 0 0 0 0 0 0 0
36 : 129 129 115 119 121 116 131 132 132 131 138 136 141 149 147 142 147 149 155 157 160 137 1 0 0 0 0 0 0 0 0 0 0 0 0 0 0 0 0 0 0 0 0 0 0 0 0 0 0 0 0
37 : 129 130 117 120 122 117 132 134 133 132 139 137 142 150 148 143 148 150 157 158 161 138 1 0 0 0 0 0 0 0 0 0 0 0 0 0 0 0 0 0 0 0 0 0 0 0 0 0 0 0 0
38 : 128 129 115 119 121 115 130 131 131 131 137 135 140 149 145 142 147 149 155 157 159 137 1 0 0 0 0 0 0 0 0 0 0 0 0 0 0 0 0 0 0 0 0 0 0 0 0 0 0 0 0
39 : 130 131 117 120 123 117 132 133 133 133 140 137 142 150 147 143 149 150 157 158 159 139 1 0 0 0 0 0 0 0 0 0 0 0 0 0 0 0 0 0 0 0 0 0 0 0 0 0 0 0 0
40 : 129 130 116 119 122 117 131 132 133 132 138 136 141 149 147 142 148 149 156 157 159 138 1 0 0 0 0 0 0 0 0 0 0 0 0 0 0 0 0 0 0 0 0 0 0 0 0 0 0 0 0
41 : 129 129 115 119 121 115 131 132 132 131 138 135 141 149 146 142 148 149 155 157 159 137 1 0 0 0 0 0 0 0 0 0 0 0 0 0 0 0 0 0 0 0 0 0 0 0 0 0 0 0 0
42 : 130 131 117 120 122 117 132 133 133 133 139 137 142 150 147 143 148 150 156 158 160 138 1 0 0 0 0 0 0 0 0 0 0 0 0 0 0 0 0 0 0 0 0 0 0 0 0 0 0 0 0
43 : 129 130 116 119 122 116 131 133 132 132 138 136 141 149 146 142 147 149 156 157 159 138 1 0 0 0 0 0 0 0 0 0 0 0 0 0 0 0 0 0 0 0 0 0 0 0 0 0 0 0 0
44 : 131 131 118 121 124 118 133 135 134 133 140 137 143 150 148 144 149 150 157 159 160 138 1 0 0 0 0 0 0 0 0 0 0 0 0 0 0 0 0 0 0 0 0 0 0 0 0 0 0 0 0
45 : 129 130 116 120 122 116 131 133 132 131 138 135 141 149 146 142 147 149 156 157 159 138 1 0 0 0 0 0 0 0 0 0 0 0 0 0 0 0 0 0 0 0 0 0 0 0 0 0 0 0 0
46 : 128 129 116 119 122 115 131 132 132 131 137 135 140 148 146 141 147 148 155 157 160 138 1 0 0 0 0 0 0 0 0 0 0 0 0 0 0 0 0 0 0 0 0 0 0 0 0 0 0 0 0
47 : 129 129 116 119 122 115 131 133 132 131 138 136 140 149 146 142 147 149 156 157 161 137 1 0 0 0 0 0 0 0 0 0 0 0 0 0 0 0 0 0 0 0 0 0 0 0 0 0 0 0 0
48 : 129 129 116 118 122 116 130 132 132 132 138 135 140 149 145 142 147 149 156 158 160 138 1 0 0 0 0 0 0 0 0 0 0 0 0 0 0 0 0 0 0 0 0 0 0 0 0 0 0 0 0
49 : 130 131 118 121 124 117 132 134 133 133 139 136 142 150 147 143 148 150 156 158 161 139 1 0 0 0 0 0 0 0 0 0 0 0 0 0 0 0 0 0 0 0 0 0 0 0 0 0 0 0 0
50 : 129 129 116 120 122 116 131 133 132 132 138 136 141 148 146 142 147 149 156 157 159 138 1 0 0 0 0 0 0 0 0 0 0 0 0 0 0 0 0 0 0 0 0 0 0 0 0 0 0 0 0
51 : 128 129 116 119 121 115 130 133 132 131 138 135 140 148 145 142 146 148 155 157 158 138 1 0 0 0 0 0 0 0 0 0 0 0 0 0 0 0 0 0 0 0 0 0 0 0 0 0 0 0 0
52 : 130 131 117 121 123 117 132 133 133 132 139 137 141 149 147 143 148 149 156 158 159 138 1 0 0 0 0 0 0 0 0 0 0 0 0 0 0 0 0 0 0 0 0 0 0 0 0 0 0 0 0
53 : 128 129 116 119 121 115 130 132 132 131 137 134 140 148 145 141 147 148 155 157 157 137 1 0 0 0 0 0 0 0 0 0 0 0 0 0 0 0 0 0 0 0 0 0 0 0 0 0 0 0 0
54 : 130 131 117 121 124 117 132 134 133 133 139 137 142 150 147 143 149 150 157 158 160 139 1 0 0 0 0 0 0 0 0 0 0 0 0 0 0 0 0 0 0 0 0 0 0 0 0 0 0 0 0
55 : 128 129 116 119 122 116 131 132 132 132 138 135 141 149 146 142 147 149 156 157 160 143 1 0 0 0 0 0 0 0 0 0 0 0 0 0 0 0 0 0 0 0 0 0 0 0 0 0 0 0 0
56 : 128 129 116 119 122 116 130 132 132 131 138 135 140 149 146 142 147 149 156 157 161 138 2 0 0 0 0 0 0 0 0 0 0 0 0 0 0 0 0 0 0 0 0 0 0 0 0 0 0 0 0
57 : 130 130 118 121 123 117 132 134 134 133 139 137 142 150 147 142 149 150 157 158 162 125 6 0 0 0 0 0 0 0 0 0 0 0 0 0 0 0 0 0 0 0 0 0 0 0 0 0 0 0 0
58 : 129 129 116 119 122 116 131 133 132 132 138 136 141 149 146 142 147 149 156 158 161 132 25 0 0 0 0 0 0 0 0 0 0 0 0 0 0 0 0 0 0 0 0 0 0 0 0 0 0 0 0
59 : 131 131 118 121 124 117 132 134 133 133 139 137 142 150 147 143 149 150 157 159 163 139 22 0 0 0 0 0 0 0 0 0 0 0 0 0 0 0 0 0 0 0 0 0 0 0 0 0 0 0 0
60 : 129 129 116 119 122 116 131 132 132 131 138 135 140 149 146 142 147 149 156 157 161 137 6 3 0 0 0 0 0 0 0 0 0 0 0 0 0 0 0 0 0 0 0 0 0 0 0 0 0 0 0
61 : 128 129 116 118 121 116 131 132 132 131 138 136 141 149 146 142 147 149 156 157 161 137 3 7 0 0 0 0 0 0 0 0 0 0 0 0 0 0 0 0 0 0 0 0 0 0 0 0 0 0 0
62 : 130 131 117 121 124 118 132 134 134 133 139 137 142 150 148 143 148 150 157 159 163 138 2 5 0 0 0 0 0 0 0 0 0 0 0 0 0 0 0 0 0 0 0 0 0 0 0 0 0 0 0
63 : 127 129 115 119 121 115 130 132 132 131 137 135 141 148 146 141 147 148 155 157 161 136 2 1 0 0 0 0 0 0 0 0 0 0 0 0 0 0 0 0 0 0 0 0 0 0 0 0 0 0 0
64 : 130 131 118 121 124 117 132 134 134 133 140 138 143 150 147 144 149 151 157 159 163 138 2 0 0 0 0 0 0 0 0 0 0 0 0 0 0 0 0 0 0 0 0 0 0 0 0 0 0 0 0
65 : 129 130 116 120 122 116 131 133 132 132 138 136 141 150 146 142 148 149 156 158 162 137 2 0 0 0 0 0 0 0 0 0 0 0 0 0 0 0 0 0 0 0 0 0 0 0 0 0 0 0 0
66 : 129 130 116 119 121 115 130 132 132 131 138 135 141 149 146 141 148 149 156 158 162 137 2 0 0 0 0 0 0 0 0 0 0 0 0 0 0 0 0 0 0 0 0 0 0 0 0 0 0 0 0
67 : 129 130 117 120 122 117 131 133 133 132 138 136 141 149 147 142 148 149 157 158 162 137 2 0 0 0 0 0 0 0 0 0 0 0 0 0 0 0 0 0 0 0 0 0 0 0 0 0 0 0 0
68 : 129 130 116 119 122 116 131 132 132 131 138 136 141 149 146 142 147 149 156 158 161 137 1 0 0 0 0 0 0 0 0 0 0 0 0 0 0 0 0 0 0 0 0 0 0 0 0 0 0 0 0
69 : 130 131 118 121 124 118 133 135 135 134 140 138 143 150 148 144 149 151 158 159 163 138 1 0 0 0 0 0 0 0 0 0 0 0 0 0 0 0 0 0 0 0 0 0 0 0 0 0 0 0 0
70 : 129 130 116 120 122 116 131 133 133 132 138 136 141 149 147 142 147 149 156 158 161 137 1 0 0 0 0 0 0 0 0 0 0 0 0 0 0 0 0 0 0 0 0 0 0 0 0 0 0 0 0
71 : 129 129 116 119 122 116 131 132 132 131 138 135 141 149 146 142 147 149 155 158 161 137 1 0 0 0 0 0 0 0 0 0 0 0 0 0 0 0 0 0 0 0 0 0 0 0 0 0 0 0 0
72 : 129 130 117 119 122 116 131 133 133 132 138 136 141 150 146 142 148 149 157 158 161 138 1 0 0 0 0 0 0 0 0 0 0 0 0 0 0 0 0 0 0 0 0 0 0 0 0 0 0 0 0
73 : 129 129 116 119 122 116 131 133 133 131 139 136 141 149 147 142 148 149 156 158 160 139 1 0 0 0 0 0 0 0 0 0 0 0 0 0 0 0 0 0 0 0 0 0 0 0 0 0 0 0 0
74 : 130 131 118 121 124 118 133 134 134 133 140 138 142 151 148 143 148 150 157 158 160 139 1 0 0 0 0 0 0 0 0 0 0 0 0 0 0 0 0 0 0 0 0 0 0 0 0 0 0 0 0
75 : 128 130 116 119 122 116 131 132 132 131 138 135 141 149 146 142 147 149 156 157 159 138 1 0 0 0 0 0 0 0 0 0 0 0 0 0 0 0 0 0 0 0 0 0 0 0 0 0 0 0 0
76 : 129 129 116 119 121 115 130 132 132 131 138 135 140 149 146 142 147 148 156 157 160 138 1 0 0 0 0 0 0 0 0 0 0 0 0 0 0 0 0 0 0 0 0 0 0 0 0 0 0 0 0
77 : 130 131 117 120 123 117 132 133 133 133 139 137 142 150 147 143 149 150 157 158 162 139 1 0 0 0 0 0 0 0 0 0 0 0 0 0 0 0 0 0 0 0 0 0 0 0 0 0 0 0 0
78 : 128 129 116 119 121 116 130 132 132 131 138 135 141 149 146 142 147 149 156 157 160 138 1 0 0 0 0 0 0 0 0 0 0 0 0 0 0 0 0 0 0 0 0 0 0 0 0 0 0 0 0
79 : 130 131 118 121 124 118 133 134 134 133 140 137 143 151 147 143 149 150 157 158 162 139 1 0 0 0 0 0 0 0 0 0 0 0 0 0 0 0 0 0 0 0 0 0 0 0 0 0 0 0 0
80 : 129 130 116 119 122 115 131 132 133 132 138 136 141 149 146 142 147 149 156 158 160 137 1 0 0 0 0 0 0 0 0 0 0 0 0 0 0 0 0 0 0 0 0 0 0 0 0 0 0 0 0
81 : 129 129 116 119 121 115 131 132 132 131 138 136 141 149 146 141 147 149 156 158 161 139 1 0 0 0 0 0 0 0 0 0 0 0 0 0 0 0 0 0 0 0 0 0 0 0 0 0 0 0 0
82 : 130 130 117 121 123 117 132 133 133 133 140 137 142 150 147 143 148 150 157 159 162 143 1 0 0 0 0 0 0 0 0 0 0 0 0 0 0 0 0 0 0 0 0 0 0 0 0 0 0 0 0
83 : 129 130 116 119 122 116 130 132 132 132 138 136 141 149 146 142 148 149 156 157 161 138 1 0 0 0 0 0 0 0 0 0 0 0 0 0 0 0 0 0 0 0 0 0 0 0 0 0 0 0 0
84 : 131 132 118 122 124 118 133 135 135 133 140 138 143 151 148 144 149 151 157 159 163 138 1 0 0 0 0 0 0 0 0 0 0 0 0 0 0 0 0 0 0 0 0 0 0 0 0 0 0 0 0
85 : 129 130 116 119 122 116 130 132 132 131 138 135 140 149 146 142 147 149 155 157 161 136 1 0 0 0 0 0 0 0 0 0 0 0 0 0 0 0 0 0 0 0 0 0 0 0 0 0 0 0 0
86 : 129 129 116 119 121 115 130 132 132 131 138 136 141 148 146 142 147 149 155 157 161 137 1 0 0 0 0 0 0 0 0 0 0 0 0 0 0 0 0 0 0 0 0 0 0 0 0 0 0 0 0
87 : 130 130 117 120 122 117 132 133 133 132 139 136 141 150 146 143 148 149 156 158 162 138 1 0 0 0 0 0 0 0 0 0 0 0 0 0 0 0 0 0 0 0 0 0 0 0 0 0 0 0 0
88 : 129 130 116 120 122 116 131 133 132 131 138 136 141 149 147 142 148 149 156 158 161 138 1 0 0 0 0 0 0 0 0 0 0 0 0 0 0 0 0 0 0 0 0 0 0 0 0 0 0 0 0
89 : 131 132 118 122 125 118 133 134 134 133 140 138 143 152 148 144 149 151 158 159 161 139 1 0 0 0 0 0 0 0 0 0 0 0 0 0 0 0 0 0 0 0 0 0 0 0 0 0 0 0 0
90 : 129 129 117 119 121 115 130 133 132 131 138 136 140 149 146 141 147 148 155 157 158 138 1 0 0 0 0 0 0 0 0 0 0 0 0 0 0 0 0 0 0 0 0 0 0 0 0 0 0 0 0
91 : 129 129 116 119 121 115 130 133 132 132 137 136 140 149 146 142 147 149 156 157 159 138 1 0 0 0 0 0 0 0 0 0 0 0 0 0 0 0 0 0 0 0 0 0 0 0 0 0 0 0 0
92 : 130 130 117 120 123 117 131 133 132 132 139 136 141 149 146 143 148 150 156 158 159 138 1 0 0 0 0 0 0 0 0 0 0 0 0 0 0 0 0 0 0 0 0 0 0 0 0 0 0 0 0
93 : 129 130 116 119 122 116 131 132 132 132 138 135 141 149 146 142 147 149 156 157 160 138 1 0 0 0 0 0 0 0 0 0 0 0 0 0 0 0 0 0 0 0 0 0 0 0 0 0 0 0 0
94 : 131 131 118 122 124 117 133 135 134 133 140 137 143 151 148 144 149 151 158 159 162 139 1 0 0 0 0 0 0 0 0 0 0 0 0 0 0 0 0 0 0 0 0 0 0 0 0 0 0 0 0
95 : 129 130 116 120 122 116 132 133 133 132 138 136 141 149 147 142 148 149 156 158 161 137 1 0 0 0 0 0 0 0 0 0 0 0 0 0 0 0 0 0 0 0 0 0 0 0 0 0 0 0 0
96 : 129 130 116 119 122 115 131 132 133 132 138 136 141 149 146 141 147 149 156 157 162 143 1 0 0 0 0 0 0 0 0 0 0 0 0 0 0 0 0 0 0 0 0 0 0 0 0 0 0 0 0
97 : 129 130 117 121 123 116 132 133 133 133 139 136 142 149 147 143 148 150 156 158 162 143 1 0 0 0 0 0 0 0 0 0 0 0 0 0 0 0 0 0 0 0 0 0 0 0 0 0 0 0 0
98 : 129 129 116 119 122 116 131 132 132 132 138 135 141 150 147 142 148 149 156 158 162 140 1 0 0 0 0 0 0 0 0 0 0 0 0 0 0 0 0 0 0 0 0 0 0 0 0 0 0 0 0
99 : 132 131 118 121 124 118 133 135 134 134 140 138 143 151 148 144 149 151 158 159 163 139 1 0 0 0 0 0 0 0 0 0 0 0 0 0 0 0 0 0 0 0 0 0 0 0 0 0 0 0 0
100 : 128 129 116 119 122 116 131 132 132 132 138 135 141 149 146 142 147 149 156 157 161 137 1 0 0 0 0 0 0 0 0 0 0 0 0 0 0 0 0 0 0 0 0 0 0 0 0 0 0 0 0
101 : 129 129 116 120 122 115 130 132 132 132 138 136 141 149 147 142 147 149 156 157 162 137 1 0 0 0 0 0 0 0 0 0 0 0 0 0 0 0 0 0 0 0 0 0 0 0 0 0 0 0 0
1 : 129 130 115 119 121 116 131 132 132 132 138 136 141 150 148 142 148 149 156 158 162 136 1 0 0 0 0 0 0 0 0 0 0 0 0 0 0 0 0 0 0 0 0 0 0 0 0 0 0 0 0
2 : 129 131 116 119 122 117 132 132 134 132 139 137 142 150 147 143 148 150 157 158 162 136 1 0 0 0 0 0 0 0 0 0 0 0 0 0 0 0 0 0 0 0 0 0 0 0 0 0 0 0 0
3 : 128 130 115 119 121 116 131 132 133 132 138 136 141 149 147 142 148 149 157 158 161 136 1 0 0 0 0 0 0 0 0 0 0 0 0 0 0 0 0 0 0 0 0 0 0 0 0 0 0 0 0
4 : 132 132 117 121 124 118 133 134 134 133 140 138 143 151 148 143 149 151 158 159 162 137 1 0 0 0 0 0 0 0 0 0 0 0 0 0 0 0 0 0 0 0 0 0 0 0 0 0 0 0 0
5 : 129 130 116 119 121 117 132 132 132 132 138 136 141 150 147 142 148 150 156 158 162 135 1 0 0 0 0 0 0 0 0 0 0 0 0 0 0 0 0 0 0 0 0 0 0 0 0 0 0 0 0
6 : 129 130 116 119 122 116 131 132 132 132 138 137 141 149 147 142 147 150 156 159 161 136 1 0 0 0 0 0 0 0 0 0 0 0 0 0 0 0 0 0 0 0 0 0 0 0 0 0 0 0 0
7 : 131 131 116 120 122 117 132 133 134 133 139 137 142 150 147 143 148 150 157 159 162 137 1 0 0 0 0 0 0 0 0 0 0 0 0 0 0 0 0 0 0 0 0 0 0 0 0 0 0 0 0
8 : 129 130 115 119 121 117 132 132 133 132 138 136 140 149 147 143 148 149 157 158 160 136 1 0 0 0 0 0 0 0 0 0 0 0 0 0 0 0 0 0 0 0 0 0 0 0 0 0 0 0 0
9 : 131 132 118 121 123 118 134 134 135 134 140 138 143 151 148 144 149 151 158 160 160 137 1 0 0 0 0 0 0 0 0 0 0 0 0 0 0 0 0 0 0 0 0 0 0 0 0 0 0 0 0
10 : 129 130 115 119 121 116 131 131 132 131 138 136 141 149 147 141 147 149 156 157 159 136 1 0 0 0 0 0 0 0 0 0 0 0 0 0 0 0 0 0 0 0 0 0 0 0 0 0 0 0 0
11 : 129 130 115 118 121 116 131 132 132 132 138 136 140 149 147 141 147 149 156 158 159 136 1 0 0 0 0 0 0 0 0 0 0 0 0 0 0 0 0 0 0 0 0 0 0 0 0 0 0 0 0
12 : 130 130 116 120 122 117 132 133 133 132 139 137 142 150 147 142 148 150 157 159 161 137 1 0 0 0 0 0 0 0 0 0 0 0 0 0 0 0 0 0 0 0 0 0 0 0 0 0 0 0 0
13 : 129 130 115 119 121 117 131 132 132 131 138 136 141 150 147 142 148 149 156 158 161 136 1 0 0 0 0 0 0 0 0 0 0 0 0 0 0 0 0 0 0 0 0 0 0 0 0 0 0 0 0
14 : 131 132 117 121 124 119 133 134 135 133 140 138 143 151 149 143 149 151 158 159 162 137 1 0 0 0 0 0 0 0 0 0 0 0 0 0 0 0 0 0 0 0 0 0 0 0 0 0 0 0 0
15 : 129 130 115 118 121 116 131 132 132 131 138 136 141 149 147 142 147 149 156 158 161 136 1 0 0 0 0 0 0 0 0 0 0 0 0 0 0 0 0 0 0 0 0 0 0 0 0 0 0 0 0
16 : 129 130 115 118 121 116 131 132 132 131 137 136 141 149 146 142 147 149 156 158 161 143 1 0 0 0 0 0 0 0 0 0 0 0 0 0 0 0 0 0 0 0 0 0 0 0 0 0 0 0 0
17 : 130 131 116 120 122 117 132 133 133 132 139 137 142 150 147 142 148 150 157 159 162 139 1 0 0 0 0 0 0 0 0 0 0 0 0 0 0 0 0 0 0 0 0 0 0 0 0 0 0 0 0
18 : 128 129 115 118 120 115 130 131 132 131 137 136 140 148 146 141 146 148 155 157 160 132 2 0 0 0 0 0 0 0 0 0 0 0 0 0 0 0 0 0 0 0 0 0 0 0 0 0 0 0 0
19 : 132 132 118 121 124 119 133 134 134 134 140 138 143 151 148 143 149 151 158 159 163 138 4 0 0 0 0 0 0 0 0 0 0 0 0 0 0 0 0 0 0 0 0 0 0 0 0 0 0 0 0
20 : 129 130 115 119 122 117 131 133 132 132 138 136 141 149 147 142 148 149 156 158 162 136 2 0 0 0 0 0 0 0 0 0 0 0 0 0 0 0 0 0 0 0 0 0 0 0 0 0 0 0 0
21 : 128 129 114 119 121 116 130 131 132 131 137 136 140 149 146 141 147 149 156 157 161 136 1 0 0 0 0 0 0 0 0 0 0 0 0 0 0 0 0 0 0 0 0 0 0 0 0 0 0 0 0
22 : 130 130 116 119 122 117 132 133 133 133 139 137 141 150 147 142 148 150 157 158 162 136 1 0 0 0 0 0 0 0 0 0 0 0 0 0 0 0 0 0 0 0 0 0 0 0 0 0 0 0 0
23 : 128 129 114 118 120 116 130 131 131 131 137 135 140 148 146 141 147 148 155 157 160 135 1 0 0 0 0 0 0 0 0 0 0 0 0 0 0 0 0 0 0 0 0 0 0 0 0 0 0 0 0
24 : 131 133 118 121 124 119 134 135 135 134 140 139 143 151 148 144 149 151 158 159 163 137 1 0 0 0 0 0 0 0 0 0 0 0 0 0 0 0 0 0 0 0 0 0 0 0 0 0 0 0 0
25 : 129 130 115 119 122 117 131 132 132 131 138 136 141 149 147 141 147 149 157 158 161 135 1 0 0 0 0 0 0 0 0 0 0 0 0 0 0 0 0 0 0 0 0 0 0 0 0 0 0 0 0
26 : 128 129 115 118 121 116 131 131 132 131 137 135 140 148 146 141 147 149 156 157 161 134 1 0 0 0 0 0 0 0 0 0 0 0 0 0 0 0 0 0 0 0 0 0 0 0 0 0 0 0 0
27 : 130 131 116 120 122 117 132 133 133 133 139 137 142 150 147 143 148 151 157 159 162 136 1 0 0 0 0 0 0 0 0 0 0 0 0 0 0 0 0 0 0 0 0 0 0 0 0 0 0 0 0
28 : 128 129 114 118 120 115 131 132 131 131 137 135 140 148 146 141 146 149 155 157 160 136 1 0 0 0 0 0 0 0 0 0 0 0 0 0 0 0 0 0 0 0 0 0 0 0 0 0 0 0 0
29 : 131 132 118 121 123 118 134 134 135 134 140 138 143 151 149 144 149 151 158 160 162 137 1 0 0 0 0 0 0 0 0 0 0 0 0 0 0 0 0 0 0 0 0 0 0 0 0 0 0 0 0
30 : 129 130 115 118 121 116 131 132 133 132 138 136 141 149 147 142 147 149 156 158 159 136 1 0 0 0 0 0 0 0 0 0 0 0 0 0 0 0 0 0 0 0 0 0 0 0 0 0 0 0 0
31 : 129 130 116 119 122 116 132 132 132 132 138 137 141 149 147 142 147 150 157 158 159 136 1 0 0 0 0 0 0 0 0 0 0 0 0 0 0 0 0 0 0 0 0 0 0 0 0 0 0 0 0
32 : 130 131 117 120 123 118 132 133 133 133 139 137 142 150 148 143 148 150 157 159 160 137 1 0 0 0 0 0 0 0 0 0 0 0 0 0 0 0 0 0 0 0 0 0 0 0 0 0 0 0 0
33 : 129 130 115 119 120 116 131 132 133 132 139 136 140 149 147 141 147 149 156 158 159 137 1 0 0 0 0 0 0 0 0 0 0 0 0 0 0 0 0 0 0 0 0 0 0 0 0 0 0 0 0
34 : 131 132 117 121 124 119 133 133 135 134 140 138 143 151 148 144 149 151 158 159 162 137 1 0 0 0 0 0 0 0 0 0 0 0 0 0 0 0 0 0 0 0 0 0 0 0 0 0 0 0 0
35 : 129 130 115 119 121 117 131 132 133 131 138 136 141 149 147 142 148 150 156 158 161 135 1 0 0 0 0 0 0 0 0 0 0 0 0 0 0 0 0 0 0 0 0 0 0 0 0 0 0 0 0
36 : 129 130 115 119 121 117 132 132 133 132 138 136 141 149 147 142 148 150 156 158 161 135 1 0 0 0 0 0 0 0 0 0 0 0 0 0 0 0 0 0 0 0 0 0 0 0 0 0 0 0 0
37 : 130 130 117 120 123 117 132 133 133 133 140 137 142 151 148 142 149 151 157 159 163 136 1 0 0 0 0 0 0 0 0 0 0 0 0 0 0 0 0 0 0 0 0 0 0 0 0 0 0 0 0
38 : 128 129 115 118 120 116 131 131 131 130 138 135 140 148 146 140 147 148 155 157 161 134 1 0 0 0 0 0 0 0 0 0 0 0 0 0 0 0 0 0 0 0 0 0 0 0 0 0 0 0 0
39 : 131 133 119 122 124 119 134 135 135 135 141 139 144 152 149 145 150 152 159 160 164 137 1 0 0 0 0 0 0 0 0 0 0 0 0 0 0 0 0 0 0 0 0 0 0 0 0 0 0 0 0
40 : 129 129 115 119 121 117 131 132 132 132 138 136 141 149 147 141 147 149 156 158 161 135 1 0 0 0 0 0 0 0 0 0 0 0 0 0 0 0 0 0 0 0 0 0 0 0 0 0 0 0 0
41 : 129 130 116 119 121 116 131 132 133 132 138 136 141 149 147 142 147 149 156 158 162 136 1 0 0 0 0 0 0 0 0 0 0 0 0 0 0 0 0 0 0 0 0 0 0 0 0 0 0 0 0
42 : 129 130 116 119 122 117 132 132 133 132 138 136 141 149 147 142 147 149 157 157 162 135 1 0 0 0 0 0 0 0 0 0 0 0 0 0 0 0 0 0 0 0 0 0 0 0 0 0 0 0 0
43 : 128 129 116 118 120 116 130 131 131 131 138 135 140 149 146 141 147 149 156 157 160 135 1 0 0 0 0 0 0 0 0 0 0 0 0 0 0 0 0 0 0 0 0 0 0 0 0 0 0 0 0
44 : 132 133 118 121 124 118 133 135 135 134 140 139 143 151 149 143 149 151 158 159 162 137 1 0 0 0 0 0 0 0 0 0 0 0 0 0 0 0 0 0 0 0 0 0 0 0 0 0 0 0 0
45 : 129 130 116 119 122 117 131 132 133 132 138 136 141 149 147 141 148 149 156 158 159 136 1 0 0 0 0 0 0 0 0 0 0 0 0 0 0 0 0 0 0 0 0 0 0 0 0 0 0 0 0
46 : 129 130 115 119 121 117 131 132 133 132 139 136 141 149 147 142 147 149 156 158 159 136 1 0 0 0 0 0 0 0 0 0 0 0 0 0 0 0 0 0 0 0 0 0 0 0 0 0 0 0 0
47 : 129 131 116 119 122 117 132 133 133 132 138 136 142 149 147 142 148 150 157 158 160 137 1 0 0 0 0 0 0 0 0 0 0 0 0 0 0 0 0 0 0 0 0 0 0 0 0 0 0 0 0
48 : 129 130 116 119 121 116 131 132 132 132 138 136 141 150 147 142 147 149 156 158 160 137 1 0 0 0 0 0 0 0 0 0 0 0 0 0 0 0 0 0 0 0 0 0 0 0 0 0 0 0 0
49 : 131 132 117 122 124 119 134 134 135 134 140 139 144 151 149 144 149 151 158 160 163 137 1 0 0 0 0 0 0 0 0 0 0 0 0 0 0 0 0 0 0 0 0 0 0 0 0 0 0 0 0
50 : 129 130 116 119 121 116 131 132 132 132 138 136 140 149 146 142 148 149 156 158 161 135 1 0 0 0 0 0 0 0 0 0 0 0 0 0 0 0 0 0 0 0 0 0 0 0 0 0 0 0 0
51 : 129 130 115 119 121 116 132 132 132 132 138 136 141 150 147 142 148 149 156 158 162 135 1 0 0 0 0 0 0 0 0 0 0 0 0 0 0 0 0 0 0 0 0 0 0 0 0 0 0 0 0
52 : 130 131 117 120 122 118 133 133 133 133 139 137 142 150 147 143 148 150 157 159 162 139 1 0 0 0 0 0 0 0 0 0 0 0 0 0 0 0 0 0 0 0 0 0 0 0 0 0 0 0 0
53 : 129 130 116 118 121 116 131 132 132 131 138 136 141 148 147 142 148 149 156 158 161 141 1 0 0 0 0 0 0 0 0 0 0 0 0 0 0 0 0 0 0 0 0 0 0 0 0 0 0 0 0
54 : 131 133 118 121 124 119 134 134 134 134 140 139 143 151 150 144 150 151 158 160 163 143 1 0 0 0 0 0 0 0 0 0 0 0 0 0 0 0 0 0 0 0 0 0 0 0 0 0 0 0 0
55 : 129 130 115 119 121 116 131 132 132 132 138 136 141 149 146 142 147 149 156 157 161 143 1 0 0 0 0 0 0 0 0 0 0 0 0 0 0 0 0 0 0 0 0 0 0 0 0 0 0 0 0
56 : 129 130 115 119 121 117 131 132 132 132 138 137 141 149 147 142 147 149 156 158 161 141 1 0 0 0 0 0 0 0 0 0 0 0 0 0 0 0 0 0 0 0 0 0 0 0 0 0 0 0 0
57 : 128 130 116 119 122 117 132 132 133 132 138 137 141 149 147 142 147 149 157 158 161 135 1 0 0 0 0 0 0 0 0 0 0 0 0 0 0 0 0 0 0 0 0 0 0 0 0 0 0 0 0
58 : 128 130 115 119 121 116 131 132 133 132 138 136 141 149 147 142 147 149 157 158 162 135 1 0 0 0 0 0 0 0 0 0 0 0 0 0 0 0 0 0 0 0 0 0 0 0 0 0 0 0 0
59 : 131 132 118 121 124 119 134 134 135 134 140 138 143 151 149 144 149 151 158 160 163 136 1 0 0 0 0 0 0 0 0 0 0 0 0 0 0 0 0 0 0 0 0 0 0 0 0 0 0 0 0
60 : 129 130 115 119 121 117 132 132 133 132 138 137 141 148 147 142 148 150 156 158 162 136 1 0 0 0 0 0 0 0 0 0 0 0 0 0 0 0 0 0 0 0 0 0 0 0 0 0 0 0 0
61 : 128 129 115 118 121 116 131 131 131 131 137 136 140 148 146 141 147 148 155 158 161 135 1 0 0 0 0 0 0 0 0 0 0 0 0 0 0 0 0 0 0 0 0 0 0 0 0 0 0 0 0
62 : 129 130 116 119 122 117 131 133 132 132 138 137 142 149 147 142 147 150 157 158 161 135 1 0 0 0 0 0 0 0 0 0 0 0 0 0 0 0 0 0 0 0 0 0 0 0 0 0 0 0 0
63 : 128 129 115 118 121 116 132 131 132 132 138 136 141 149 147 142 147 149 156 157 161 135 1 0 0 0 0 0 0 0 0 0 0 0 0 0 0 0 0 0 0 0 0 0 0 0 0 0 0 0 0
64 : 132 132 118 121 124 119 134 134 135 134 140 139 143 151 149 144 149 151 158 160 163 137 1 0 0 0 0 0 0 0 0 0 0 0 0 0 0 0 0 0 0 0 0 0 0 0 0 0 0 0 0
65 : 129 130 116 119 121 116 131 132 132 132 138 136 141 148 147 142 147 150 156 158 160 136 1 0 0 0 0 0 0 0 0 0 0 0 0 0 0 0 0 0 0 0 0 0 0 0 0 0 0 0 0
66 : 129 130 115 118 121 116 131 132 132 132 137 136 141 149 147 142 147 149 157 158 159 136 1 0 0 0 0 0 0 0 0 0 0 0 0 0 0 0 0 0 0 0 0 0 0 0 0 0 0 0 0
67 : 129 130 116 119 121 116 132 132 133 132 138 137 141 149 147 142 148 149 157 158 160 137 1 0 0 0 0 0 0 0 0 0 0 0 0 0 0 0 0 0 0 0 0 0 0 0 0 0 0 0 0
68 : 128 129 115 118 121 116 131 131 132 131 138 136 140 149 147 141 147 149 156 158 160 136 1 0 0 0 0 0 0 0 0 0 0 0 0 0 0 0 0 0 0 0 0 0 0 0 0 0 0 0 0
69 : 131 132 117 121 123 119 133 133 135 134 140 138 143 151 149 144 149 151 158 159 162 138 1 0 0 0 0 0 0 0 0 0 0 0 0 0 0 0 0 0 0 0 0 0 0 0 0 0 0 0 0
70 : 129 130 116 119 121 117 132 132 133 132 139 137 141 149 147 142 148 150 157 158 161 137 1 0 0 0 0 0 0 0 0 0 0 0 0 0 0 0 0 0 0 0 0 0 0 0 0 0 0 0 0
71 : 129 129 115 118 121 116 131 132 132 131 137 137 141 149 147 142 148 150 156 158 161 137 1 0 0 0 0 0 0 0 0 0 0 0 0 0 0 0 0 0 0 0 0 0 0 0 0 0 0 0 0
72 : 130 131 116 119 122 116 131 133 132 132 139 136 141 149 147 142 147 150 157 158 161 137 1 0 0 0 0 0 0 0 0 0 0 0 0 0 0 0 0 0 0 0 0 0 0 0 0 0 0 0 0
73 : 129 130 115 119 121 116 131 132 132 132 138 135 140 149 147 142 147 149 156 157 161 137 1 0 0 0 0 0 0 0 0 0 0 0 0 0 0 0 0 0 0 0 0 0 0 0 0 0 0 0 0
74 : 131 132 118 121 123 119 133 133 134 133 140 138 143 150 149 144 149 151 158 159 162 144 1 0 0 0 0 0 0 0 0 0 0 0 0 0 0 0 0 0 0 0 0 0 0 0 0 0 0 0 0
75 : 128 129 115 118 121 116 131 132 132 132 138 136 140 149 146 142 147 149 156 158 161 136 1 0 0 0 0 0 0 0 0 0 0 0 0 0 0 0 0 0 0 0 0 0 0 0 0 0 0 0 0
76 : 129 130 115 119 121 117 131 132 132 132 138 136 141 149 147 142 148 149 157 158 162 136 2 0 0 0 0 0 0 0 0 0 0 0 0 0 0 0 0 0 0 0 0 0 0 0 0 0 0 0 0
77 : 129 130 116 119 122 117 132 132 133 132 139 136 141 149 147 142 148 149 157 159 162 136 1 0 0 0 0 0 0 0 0 0 0 0 0 0 0 0 0 0 0 0 0 0 0 0 0 0 0 0 0
78 : 129 130 116 118 121 117 131 132 133 131 138 136 141 149 147 142 148 150 156 158 161 136 1 0 0 0 0 0 0 0 0 0 0 0 0 0 0 0 0 0 0 0 0 0 0 0 0 0 0 0 0
79 : 131 132 118 121 123 119 133 134 135 134 140 139 143 150 149 144 150 151 158 160 163 137 1 0 0 0 0 0 0 0 0 0 0 0 0 0 0 0 0 0 0 0 0 0 0 0 0 0 0 0 0
80 : 129 130 115 119 121 116 131 132 132 132 138 136 141 149 146 142 147 149 156 158 161 135 1 0 0 0 0 0 0 0 0 0 0 0 0 0 0 0 0 0 0 0 0 0 0 0 0 0 0 0 0
81 : 129 129 115 118 120 116 130 131 132 131 137 135 140 148 146 141 146 149 156 157 161 135 1 0 0 0 0 0 0 0 0 0 0 0 0 0 0 0 0 0 0 0 0 0 0 0 0 0 0 0 0
82 : 130 130 116 120 122 117 132 133 133 132 138 137 141 149 147 142 148 150 156 158 161 137 1 0 0 0 0 0 0 0 0 0 0 0 0 0 0 0 0 0 0 0 0 0 0 0 0 0 0 0 0
83 : 128 129 114 118 121 115 130 131 131 130 137 135 140 148 146 141 146 148 155 157 159 136 1 0 0 0 0 0 0 0 0 0 0 0 0 0 0 0 0 0 0 0 0 0 0 0 0 0 0 0 0
84 : 131 132 118 121 124 118 133 134 134 133 140 138 143 150 149 143 149 151 158 160 161 138 1 0 0 0 0 0 0 0 0 0 0 0 0 0 0 0 0 0 0 0 0 0 0 0 0 0 0 0 0
85 : 129 130 115 119 121 117 131 131 132 131 138 136 140 149 147 141 147 149 156 157 159 136 1 0 0 0 0 0 0 0 0 0 0 0 0 0 0 0 0 0 0 0 0 0 0 0 0 0 0 0 0
86 : 129 130 115 119 121 116 130 132 132 132 138 136 141 149 147 142 147 149 156 158 160 136 1 0 0 0 0 0 0 0 0 0 0 0 0 0 0 0 0 0 0 0 0 0 0 0 0 0 0 0 0
87 : 129 130 116 119 122 117 132 132 133 132 138 137 141 149 147 142 147 149 157 158 162 136 1 0 0 0 0 0 0 0 0 0 0 0 0 0 0 0 0 0 0 0 0 0 0 0 0 0 0 0 0
88 : 128 129 115 118 121 115 131 131 132 131 137 135 140 148 146 142 147 149 155 158 161 136 1 0 0 0 0 0 0 0 0 0 0 0 0 0 0 0 0 0 0 0 0 0 0 0 0 0 0 0 0
89 : 130 131 117 120 123 118 133 133 134 133 139 137 142 150 148 143 148 150 157 159 162 137 1 0 0 0 0 0 0 0 0 0 0 0 0 0 0 0 0 0 0 0 0 0 0 0 0 0 0 0 0
90 : 129 130 115 119 122 116 131 132 132 132 139 136 142 149 147 142 148 150 156 158 162 136 1 0 0 0 0 0 0 0 0 0 0 0 0 0 0 0 0 0 0 0 0 0 0 0 0 0 0 0 0
91 : 129 130 115 119 121 116 132 132 132 132 138 136 141 149 147 142 147 149 156 158 161 136 1 0 0 0 0 0 0 0 0 0 0 0 0 0 0 0 0 0 0 0 0 0 0 0 0 0 0 0 0
92 : 129 130 115 119 121 117 132 132 133 132 138 136 141 149 147 142 148 149 157 158 161 137 1 0 0 0 0 0 0 0 0 0 0 0 0 0 0 0 0 0 0 0 0 0 0 0 0 0 0 0 0
93 : 129 130 115 118 121 116 131 132 132 131 138 136 141 148 147 142 147 150 157 158 160 136 1 0 0 0 0 0 0 0 0 0 0 0 0 0 0 0 0 0 0 0 0 0 0 0 0 0 0 0 0
94 : 132 132 118 121 123 119 134 134 135 134 141 138 143 151 149 144 150 151 158 160 161 137 1 0 0 0 0 0 0 0 0 0 0 0 0 0 0 0 0 0 0 0 0 0 0 0 0 0 0 0 0
95 : 129 130 115 119 121 116 131 132 132 132 138 136 140 149 146 142 147 150 156 158 160 136 1 0 0 0 0 0 0 0 0 0 0 0 0 0 0 0 0 0 0 0 0 0 0 0 0 0 0 0 0
96 : 128 130 115 119 122 117 131 132 133 132 138 136 142 149 148 142 147 150 157 158 160 137 1 0 0 0 0 0 0 0 0 0 0 0 0 0 0 0 0 0 0 0 0 0 0 0 0 0 0 0 0
97 : 129 130 115 119 121 117 131 133 133 132 138 137 141 149 147 142 148 149 157 158 160 136 1 0 0 0 0 0 0 0 0 0 0 0 0 0 0 0 0 0 0 0 0 0 0 0 0 0 0 0 0
98 : 129 130 115 119 121 115 131 132 132 132 138 136 140 149 147 142 147 149 156 158 160 136 1 0 0 0 0 0 0 0 0 0 0 0 0 0 0 0 0 0 0 0 0 0 0 0 0 0 0 0 0
99 : 132 132 118 121 124 119 134 134 135 134 140 139 143 151 149 144 150 151 158 160 163 137 1 0 0 0 0 0 0 0 0 0 0 0 0 0 0 0 0 0 0 0 0 0 0 0 0 0 0 0 0
100 : 129 130 116 119 122 117 132 132 133 133 138 136 141 149 147 142 148 150 157 158 162 137 1 0 0 0 0 0 0 0 0 0 0 0 0 0 0 0 0 0 0 0 0 0 0 0 0 0 0 0 0
101 : 129 130 115 118 121 116 131 132 132 132 138 136 140 149 147 142 147 149 157 158 162 143 1 0 0 0 0 0 0 0 0 0 0 0 0 0 0 0 0 0 0 0 0 0 0 0 0 0 0 0 0
1 : 129 130 115 118 121 116 131 132 132 132 138 136 140 149 147 142 147 149 157 158 162 143 1 0 0 0 0 0 0 0 0 0 0 0 0 0 0 0 0 0 0 0 0 0 0 0 0 0 0 0 0
2 : 129 131 116 119 122 117 132 133 133 133 139 137 141 149 147 142 148 150 157 158 162 127 6 0 0 0 0 0 0 0 0 0 0 0 0 0 0 0 0 0 0 0 0 0 0 0 0 0 0 0 0
3 : 129 130 115 119 121 116 132 132 133 132 138 136 141 149 147 142 147 149 157 158 162 123 19 0 0 0 0 0 0 0 0 0 0 0 0 0 0 0 0 0 0 0 0 0 0 0 0 0 0 0 0
4 : 132 132 118 121 124 119 134 134 135 134 140 139 143 151 149 144 150 151 158 160 164 127 32 0 0 0 0 0 0 0 0 0 0 0 0 0 0 0 0 0 0 0 0 0 0 0 0 0 0 0 0
5 : 129 129 115 119 121 117 132 132 132 132 138 136 141 149 146 142 147 149 156 158 161 130 13 2 0 0 0 0 0 0 0 0 0 0 0 0 0 0 0 0 0 0 0 0 0 0 0 0 0 0 0
6 : 128 129 115 118 121 116 131 131 132 132 138 135 140 149 146 142 147 149 155 157 161 134 4 3 0 0 0 0 0 0 0 0 0 0 0 0 0 0 0 0 0 0 0 0 0 0 0 0 0 0 0
7 : 129 130 116 119 121 117 131 132 132 132 138 136 141 149 147 142 147 150 157 158 162 136 3 2 0 0 0 0 0 0 0 0 0 0 0 0 0 0 0 0 0 0 0 0 0 0 0 0 0 0 0
8 : 129 130 115 118 120 116 131 132 132 131 137 136 140 149 147 142 148 149 156 158 162 137 2 0 0 0 0 0 0 0 0 0 0 0 0 0 0 0 0 0 0 0 0 0 0 0 0 0 0 0 0
9 : 131 132 118 121 124 118 134 134 135 134 140 139 143 151 149 144 149 151 158 160 163 138 2 0 0 0 0 0 0 0 0 0 0 0 0 0 0 0 0 0 0 0 0 0 0 0 0 0 0 0 0
10 : 128 130 116 118 121 116 131 132 132 131 138 135 141 149 147 142 147 149 156 158 162 136 1 0 0 0 0 0 0 0 0 0 0 0 0 0 0 0 0 0 0 0 0 0 0 0 0 0 0 0 0
11 : 129 130 115 119 121 117 131 132 132 132 138 136 141 149 147 142 147 150 156 158 162 137 1 0 0 0 0 0 0 0 0 0 0 0 0 0 0 0 0 0 0 0 0 0 0 0 0 0 0 0 0
12 : 129 130 116 119 122 117 131 133 133 132 139 136 141 149 147 142 148 150 156 158 161 135 1 0 0 0 0 0 0 0 0 0 0 0 0 0 0 0 0 0 0 0 0 0 0 0 0 0 0 0 0
13 : 128 129 116 119 122 116 131 132 132 131 138 136 141 149 146 142 147 149 156 158 161 135 1 0 0 0 0 0 0 0 0 0 0 0 0 0 0 0 0 0 0 0 0 0 0 0 0 0 0 0 0
14 : 132 133 118 122 124 119 134 135 135 134 141 139 143 151 149 144 149 151 159 160 163 137 1 0 0 0 0 0 0 0 0 0 0 0 0 0 0 0 0 0 0 0 0 0 0 0 0 0 0 0 0
15 : 129 130 115 119 121 116 131 132 132 132 138 136 141 149 146 142 147 149 156 157 160 136 1 0 0 0 0 0 0 0 0 0 0 0 0 0 0 0 0 0 0 0 0 0 0 0 0 0 0 0 0
16 : 129 130 115 119 121 116 132 132 132 132 138 136 141 149 147 142 148 149 157 158 160 137 1 0 0 0 0 0 0 0 0 0 0 0 0 0 0 0 0 0 0 0 0 0 0 0 0 0 0 0 0
17 : 130 131 116 120 122 117 132 132 133 132 139 137 142 149 147 142 148 150 157 159 160 136 1 0 0 0 0 0 0 0 0 0 0 0 0 0 0 0 0 0 0 0 0 0 0 0 0 0 0 0 0
18 : 129 130 115 119 121 116 131 132 133 132 138 136 141 149 147 142 148 149 156 157 159 136 1 0 0 0 0 0 0 0 0 0 0 0 0 0 0 0 0 0 0 0 0 0 0 0 0 0 0 0 0
19 : 131 132 118 121 124 119 133 135 135 134 141 138 143 151 149 144 150 151 158 160 161 138 1 0 0 0 0 0 0 0 0 0 0 0 0 0 0 0 0 0 0 0 0 0 0 0 0 0 0 0 0
20 : 129 130 115 118 121 116 131 132 132 131 138 136 141 149 146 142 147 149 156 158 158 136 1 0 0 0 0 0 0 0 0 0 0 0 0 0 0 0 0 0 0 0 0 0 0 0 0 0 0 0 0
21 : 128 129 115 118 120 116 131 132 131 131 137 135 140 148 146 141 147 148 155 157 160 135 1 0 0 0 0 0 0 0 0 0 0 0 0 0 0 0 0 0 0 0 0 0 0 0 0 0 0 0 0
22 : 129 130 116 119 122 117 132 132 133 132 138 136 141 149 147 143 147 149 157 158 161 135 1 0 0 0 0 0 0 0 0 0 0 0 0 0 0 0 0 0 0 0 0 0 0 0 0 0 0 0 0
23 : 129 130 116 119 121 116 132 132 132 132 138 137 141 149 146 141 147 149 157 158 161 136 1 0 0 0 0 0 0 0 0 0 0 0 0 0 0 0 0 0 0 0 0 0 0 0 0 0 0 0 0
24 : 132 132 118 122 124 119 134 135 135 134 141 139 143 151 149 144 149 151 158 160 163 139 1 0 0 0 0 0 0 0 0 0 0 0 0 0 0 0 0 0 0 0 0 0 0 0 0 0 0 0 0
25 : 129 130 116 119 121 117 131 132 132 131 138 136 140 149 146 142 147 149 156 158 162 139 1 0 0 0 0 0 0 0 0 0 0 0 0 0 0 0 0 0 0 0 0 0 0 0 0 0 0 0 0
26 : 128 129 115 118 120 116 131 132 132 131 138 136 140 148 146 141 147 148 156 157 161 137 1 0 0 0 0 0 0 0 0 0 0 0 0 0 0 0 0 0 0 0 0 0 0 0 0 0 0 0 0
27 : 130 130 116 119 121 117 132 133 133 132 138 137 142 150 147 142 148 150 156 158 162 140 1 0 0 0 0 0 0 0 0 0 0 0 0 0 0 0 0 0 0 0 0 0 0 0 0 0 0 0 0
28 : 129 130 115 118 121 116 131 132 132 132 138 136 141 149 147 142 148 149 156 158 162 143 1 0 0 0 0 0 0 0 0 0 0 0 0 0 0 0 0 0 0 0 0 0 0 0 0 0 0 0 0
29 : 130 132 117 121 123 118 134 134 135 134 140 138 143 151 148 143 149 151 158 159 163 141 1 0 0 0 0 0 0 0 0 0 0 0 0 0 0 0 0 0 0 0 0 0 0 0 0 0 0 0 0
30 : 129 130 116 119 121 116 131 132 132 132 138 136 141 149 146 141 147 149 156 158 161 128 1 0 0 0 0 0 0 0 0 0 0 0 0 0 0 0 0 0 0 0 0 0 0 0 0 0 0 0 0
31 : 129 129 115 118 121 116 131 131 132 131 138 135 140 148 146 141 146 149 156 157 161 134 3 0 0 0 0 0 0 0 0 0 0 0 0 0 0 0 0 0 0 0 0 0 0 0 0 0 0 0 0
32 : 130 131 116 120 123 118 133 134 134 133 139 137 142 151 148 143 149 151 157 159 163 138 3 0 0 0 0 0 0 0 0 0 0 0 0 0 0 0 0 0 0 0 0 0 0 0 0 0 0 0 0
33 : 128 130 115 119 121 117 131 132 132 132 138 135 141 149 147 142 148 149 156 158 161 137 1 0 0 0 0 0 0 0 0 0 0 0 0 0 0 0 0 0 0 0 0 0 0 0 0 0 0 0 0
34 : 132 132 118 121 123 118 133 134 135 134 140 138 143 151 149 144 149 151 158 159 163 137 1 0 0 0 0 0 0 0 0 0 0 0 0 0 0 0 0 0 0 0 0 0 0 0 0 0 0 0 0
35 : 129 130 115 119 121 116 131 132 132 132 138 136 140 149 147 142 147 150 156 158 161 136 1 0 0 0 0 0 0 0 0 0 0 0 0 0 0 0 0 0 0 0 0 0 0 0 0 0 0 0 0
36 : 128 129 115 118 121 116 131 132 132 131 137 135 140 148 146 141 147 149 156 157 161 135 1 0 0 0 0 0 0 0 0 0 0 0 0 0 0 0 0 0 0 0 0 0 0 0 0 0 0 0 0
37 : 129 129 115 120 122 117 131 133 133 132 139 136 141 149 146 142 148 149 156 158 162 136 1 0 0 0 0 0 0 0 0 0 0 0 0 0 0 0 0 0 0 0 0 0 0 0 0 0 0 0 0
38 : 129 130 116 119 121 116 131 132 132 132 138 136 141 149 147 142 147 149 156 158 162 135 1 0 0 0 0 0 0 0 0 0 0 0 0 0 0 0 0 0 0 0 0 0 0 0 0 0 0 0 0
39 : 131 131 118 121 123 118 133 134 134 134 139 138 143 151 148 144 149 151 157 159 163 136 1 0 0 0 0 0 0 0 0 0 0 0 0 0 0 0 0 0 0 0 0 0 0 0 0 0 0 0 0
40 : 129 130 115 118 121 116 131 132 132 131 138 136 141 149 147 142 147 149 156 157 161 134 1 0 0 0 0 0 0 0 0 0 0 0 0 0 0 0 0 0 0 0 0 0 0 0 0 0 0 0 0
41 : 128 130 115 119 121 117 131 132 132 132 138 137 141 149 147 142 147 150 157 158 162 135 1 0 0 0 0 0 0 0 0 0 0 0 0 0 0 0 0 0 0 0 0 0 0 0 0 0 0 0 0
42 : 130 131 117 120 122 118 132 133 133 133 139 138 142 150 148 142 149 150 158 159 162 136 1 0 0 0 0 0 0 0 0 0 0 0 0 0 0 0 0 0 0 0 0 0 0 0 0 0 0 0 0
43 : 129 130 115 119 121 116 131 132 132 131 138 136 141 149 147 142 147 149 156 158 162 135 1 0 0 0 0 0 0 0 0 0 0 0 0 0 0 0 0 0 0 0 0 0 0 0 0 0 0 0 0
44 : 131 131 117 121 123 118 133 134 134 133 139 138 143 151 148 143 149 151 158 159 163 136 1 0 0 0 0 0 0 0 0 0 0 0 0 0 0 0 0 0 0 0 0 0 0 0 0 0 0 0 0
45 : 129 130 115 118 121 116 131 132 132 131 138 136 141 148 146 141 147 149 156 158 161 136 1 0 0 0 0 0 0 0 0 0 0 0 0 0 0 0 0 0 0 0 0 0 0 0 0 0 0 0 0
46 : 129 130 116 118 121 116 132 132 132 132 138 136 141 149 147 142 148 150 156 158 160 136 1 0 0 0 0 0 0 0 0 0 0 0 0 0 0 0 0 0 0 0 0 0 0 0 0 0 0 0 0
47 : 130 131 116 120 122 117 132 133 133 133 139 138 142 150 148 143 149 150 157 159 161 136 1 0 0 0 0 0 0 0 0 0 0 0 0 0 0 0 0 0 0 0 0 0 0 0 0 0 0 0 0
48 : 128 130 115 119 121 117 131 132 132 132 138 136 141 149 147 142 147 149 156 157 159 136 1 0 0 0 0 0 0 0 0 0 0 0 0 0 0 0 0 0 0 0 0 0 0 0 0 0 0 0 0
49 : 131 132 117 120 123 118 133 134 134 133 139 138 143 150 148 143 149 151 158 159 160 137 1 0 0 0 0 0 0 0 0 0 0 0 0 0 0 0 0 0 0 0 0 0 0 0 0 0 0 0 0
50 : 129 130 115 119 121 117 131 132 133 131 138 136 141 149 146 142 147 149 156 158 159 136 1 0 0 0 0 0 0 0 0 0 0 0 0 0 0 0 0 0 0 0 0 0 0 0 0 0 0 0 0
51 : 128 130 115 119 121 116 131 131 132 132 138 136 140 148 146 142 147 149 156 157 159 136 1 0 0 0 0 0 0 0 0 0 0 0 0 0 0 0 0 0 0 0 0 0 0 0 0 0 0 0 0
52 : 129 130 116 120 122 117 131 132 132 132 138 136 141 149 146 142 147 149 156 158 161 136 1 0 0 0 0 0 0 0 0 0 0 0 0 0 0 0 0 0 0 0 0 0 0 0 0 0 0 0 0
53 : 129 129 115 118 121 116 131 131 132 132 138 136 141 149 146 141 147 149 156 157 161 136 1 0 0 0 0 0 0 0 0 0 0 0 0 0 0 0 0 0 0 0 0 0 0 0 0 0 0 0 0
54 : 130 132 117 121 123 118 133 134 134 133 139 137 142 151 148 143 149 150 157 159 162 136 1 0 0 0 0 0 0 0 0 0 0 0 0 0 0 0 0 0 0 0 0 0 0 0 0 0 0 0 0
55 : 129 131 116 119 122 117 132 132 132 132 138 137 141 149 147 142 148 150 157 159 162 137 1 0 0 0 0 0 0 0 0 0 0 0 0 0 0 0 0 0 0 0 0 0 0 0 0 0 0 0 0
56 : 129 129 115 118 121 116 131 132 132 132 138 136 141 148 146 142 147 149 156 158 161 136 1 0 0 0 0 0 0 0 0 0 0 0 0 0 0 0 0 0 0 0 0 0 0 0 0 0 0 0 0
57 : 130 131 116 120 122 117 132 133 133 133 139 137 142 150 148 143 148 150 157 158 162 135 1 0 0 0 0 0 0 0 0 0 0 0 0 0 0 0 0 0 0 0 0 0 0 0 0 0 0 0 0
58 : 129 129 115 119 121 117 131 131 132 132 138 136 141 148 147 142 147 149 156 158 161 135 1 0 0 0 0 0 0 0 0 0 0 0 0 0 0 0 0 0 0 0 0 0 0 0 0 0 0 0 0
59 : 132 132 117 121 124 119 133 135 135 134 141 138 143 151 149 144 150 152 158 160 163 137 1 0 0 0 0 0 0 0 0 0 0 0 0 0 0 0 0 0 0 0 0 0 0 0 0 0 0 0 0
60 : 128 129 115 118 121 116 131 132 132 131 137 135 140 148 146 141 146 148 155 157 159 136 1 0 0 0 0 0 0 0 0 0 0 0 0 0 0 0 0 0 0 0 0 0 0 0 0 0 0 0 0
61 : 129 130 116 119 121 116 131 132 132 132 138 136 141 149 147 142 148 149 156 158 160 136 1 0 0 0 0 0 0 0 0 0 0 0 0 0 0 0 0 0 0 0 0 0 0 0 0 0 0 0 0
62 : 130 131 117 119 122 117 132 133 134 133 139 137 142 150 147 143 148 151 158 159 160 136 1 0 0 0 0 0 0 0 0 0 0 0 0 0 0 0 0 0 0 0 0 0 0 0 0 0 0 0 0
63 : 128 130 115 119 121 116 131 132 132 132 138 136 141 149 147 142 147 149 156 158 159 135 1 0 0 0 0 0 0 0 0 0 0 0 0 0 0 0 0 0 0 0 0 0 0 0 0 0 0 0 0
64 : 131 131 117 120 123 118 133 134 134 133 140 138 142 150 148 143 149 150 157 159 160 137 1 0 0 0 0 0 0 0 0 0 0 0 0 0 0 0 0 0 0 0 0 0 0 0 0 0 0 0 0
65 : 129 130 116 119 121 117 132 133 133 133 139 136 141 150 147 142 148 150 157 159 161 137 1 0 0 0 0 0 0 0 0 0 0 0 0 0 0 0 0 0 0 0 0 0 0 0 0 0 0 0 0
66 : 129 130 115 119 121 116 132 132 133 132 138 136 141 149 147 142 148 150 157 158 161 136 1 0 0 0 0 0 0 0 0 0 0 0 0 0 0 0 0 0 0 0 0 0 0 0 0 0 0 0 0
67 : 130 131 116 120 123 118 132 133 134 133 140 137 142 150 148 143 148 150 158 159 163 136 1 0 0 0 0 0 0 0 0 0 0 0 0 0 0 0 0 0 0 0 0 0 0 0 0 0 0 0 0
68 : 129 129 115 118 120 116 131 132 132 132 138 135 141 148 146 142 147 149 156 158 161 135 1 0 0 0 0 0 0 0 0 0 0 0 0 0 0 0 0 0 0 0 0 0 0 0 0 0 0 0 0
69 : 131 132 118 121 124 119 134 134 135 134 140 138 143 151 149 144 149 151 158 160 163 137 1 0 0 0 0 0 0 0 0 0 0 0 0 0 0 0 0 0 0 0 0 0 0 0 0 0 0 0 0
70 : 129 129 115 119 121 116 131 131 133 131 138 136 141 148 146 142 147 149 156 158 161 135 1 0 0 0 0 0 0 0 0 0 0 0 0 0 0 0 0 0 0 0 0 0 0 0 0 0 0 0 0
71 : 128 129 115 118 121 116 131 132 132 131 137 136 141 148 146 141 147 149 155 157 160 135 1 0 0 0 0 0 0 0 0 0 0 0 0 0 0 0 0 0 0 0 0 0 0 0 0 0 0 0 0
72 : 129 129 116 119 121 117 131 132 132 132 138 137 141 149 147 142 147 149 156 158 160 136 1 0 0 0 0 0 0 0 0 0 0 0 0 0 0 0 0 0 0 0 0 0 0 0 0 0 0 0 0
73 : 129 130 115 119 121 116 131 132 132 132 138 136 141 148 147 141 147 149 156 158 160 136 1 0 0 0 0 0 0 0 0 0 0 0 0 0 0 0 0 0 0 0 0 0 0 0 0 0 0 0 0
74 : 131 132 117 120 123 118 133 133 134 134 140 138 143 150 149 143 149 151 158 159 161 137 1 0 0 0 0 0 0 0 0 0 0 0 0 0 0 0 0 0 0 0 0 0 0 0 0 0 0 0 0
75 : 129 130 115 118 121 116 131 132 132 131 138 136 140 149 146 141 147 149 156 157 160 136 1 0 0 0 0 0 0 0 0 0 0 0 0 0 0 0 0 0 0 0 0 0 0 0 0 0 0 0 0
76 : 129 130 115 119 121 116 131 132 132 132 138 136 141 149 147 142 147 149 156 157 160 136 1 0 0 0 0 0 0 0 0 0 0 0 0 0 0 0 0 0 0 0 0 0 0 0 0 0 0 0 0
77 : 130 130 116 119 121 117 132 132 133 133 138 137 141 149 147 142 148 150 157 158 161 136 1 0 0 0 0 0 0 0 0 0 0 0 0 0 0 0 0 0 0 0 0 0 0 0 0 0 0 0 0
78 : 129 130 115 118 121 116 131 131 132 132 138 136 141 149 146 142 147 149 156 158 160 136 1 0 0 0 0 0 0 0 0 0 0 0 0 0 0 0 0 0 0 0 0 0 0 0 0 0 0 0 0
79 : 132 133 118 121 124 119 134 134 135 134 140 139 143 151 149 144 150 152 159 160 162 138 1 0 0 0 0 0 0 0 0 0 0 0 0 0 0 0 0 0 0 0 0 0 0 0 0 0 0 0 0
80 : 129 130 115 118 121 117 131 133 132 132 138 136 141 149 147 141 147 149 156 158 160 136 1 0 0 0 0 0 0 0 0 0 0 0 0 0 0 0 0 0 0 0 0 0 0 0 0 0 0 0 0
81 : 129 131 115 119 122 117 132 133 133 133 139 136 142 149 148 142 148 150 157 159 162 135 1 0 0 0 0 0 0 0 0 0 0 0 0 0 0 0 0 0 0 0 0 0 0 0 0 0 0 0 0
82 : 129 130 116 119 121 117 131 132 133 132 138 136 141 149 147 142 147 149 156 158 161 137 1 0 0 0 0 0 0 0 0 0 0 0 0 0 0 0 0 0 0 0 0 0 0 0 0 0 0 0 0
83 : 129 129 115 118 121 116 131 132 132 132 138 136 140 148 147 142 147 149 156 157 161 139 1 0 0 0 0 0 0 0 0 0 0 0 0 0 0 0 0 0 0 0 0 0 0 0 0 0 0 0 0
84 : 131 132 118 120 123 118 133 134 134 134 140 138 143 150 149 143 149 150 158 159 163 136 1 0 0 0 0 0 0 0 0 0 0 0 0 0 0 0 0 0 0 0 0 0 0 0 0 0 0 0 0
85 : 128 129 115 118 121 116 131 132 132 132 138 136 140 149 146 141 147 149 156 157 161 134 1 0 0 0 0 0 0 0 0 0 0 0 0 0 0 0 0 0 0 0 0 0 0 0 0 0 0 0 0
86 : 129 130 116 120 122 117 132 132 134 132 138 137 141 150 148 142 148 150 157 158 162 135 1 0 0 0 0 0 0 0 0 0 0 0 0 0 0 0 0 0 0 0 0 0 0 0 0 0 0 0 0
87 : 130 131 116 120 122 117 133 133 133 133 139 137 142 150 148 143 149 150 157 159 162 137 1 0 0 0 0 0 0 0 0 0 0 0 0 0 0 0 0 0 0 0 0 0 0 0 0 0 0 0 0
88 : 129 129 115 118 120 116 131 131 131 131 138 136 141 148 147 142 148 149 156 158 160 135 1 0 0 0 0 0 0 0 0 0 0 0 0 0 0 0 0 0 0 0 0 0 0 0 0 0 0 0 0
89 : 131 131 117 121 123 118 133 133 134 133 139 137 142 150 148 143 148 150 157 159 160 137 1 0 0 0 0 0 0 0 0 0 0 0 0 0 0 0 0 0 0 0 0 0 0 0 0 0 0 0 0
90 : 129 130 115 119 121 116 131 132 132 132 138 136 141 149 146 141 148 150 156 157 159 136 1 0 0 0 0 0 0 0 0 0 0 0 0 0 0 0 0 0 0 0 0 0 0 0 0 0 0 0 0
91 : 128 130 116 119 121 116 131 133 132 132 138 136 141 149 147 142 148 149 157 158 160 136 1 0 0 0 0 0 0 0 0 0 0 0 0 0 0 0 0 0 0 0 0 0 0 0 0 0 0 0 0
92 : 130 131 116 119 123 117 132 133 133 133 139 137 142 150 148 142 148 151 157 159 161 136 1 0 0 0 0 0 0 0 0 0 0 0 0 0 0 0 0 0 0 0 0 0 0 0 0 0 0 0 0
93 : 129 129 115 119 121 116 131 131 132 132 138 136 141 149 147 142 148 149 156 158 160 136 1 0 0 0 0 0 0 0 0 0 0 0 0 0 0 0 0 0 0 0 0 0 0 0 0 0 0 0 0
94 : 131 132 118 121 123 118 133 134 135 134 140 138 142 150 149 143 149 150 157 160 163 137 1 0 0 0 0 0 0 0 0 0 0 0 0 0 0 0 0 0 0 0 0 0 0 0 0 0 0 0 0
95 : 128 129 115 118 121 116 131 132 132 132 137 136 140 148 147 141 147 149 156 157 160 135 1 0 0 0 0 0 0 0 0 0 0 0 0 0 0 0 0 0 0 0 0 0 0 0 0 0 0 0 0
96 : 129 129 115 118 121 116 130 131 131 131 137 135 140 148 146 142 147 148 156 157 161 139 1 0 0 0 0 0 0 0 0 0 0 0 0 0 0 0 0 0 0 0 0 0 0 0 0 0 0 0 0
97 : 130 131 117 120 122 118 132 133 133 133 139 137 142 150 148 143 148 150 157 159 163 139 1 0 0 0 0 0 0 0 0 0 0 0 0 0 0 0 0 0 0 0 0 0 0 0 0 0 0 0 0
98 : 129 129 115 118 121 116 131 132 132 131 138 136 141 148 147 142 147 149 156 158 161 130 2 0 0 0 0 0 0 0 0 0 0 0 0 0 0 0 0 0 0 0 0 0 0 0 0 0 0 0 0
99 : 131 132 117 121 123 119 133 134 135 133 140 138 143 151 149 144 149 151 158 160 164 131 6 0 0 0 0 0 0 0 0 0 0 0 0 0 0 0 0 0 0 0 0 0 0 0 0 0 0 0 0
100 : 128 129 115 118 121 116 131 131 132 131 138 136 140 148 147 141 147 149 155 157 161 134 9 0 0 0 0 0 0 0 0 0 0 0 0 0 0 0 0 0 0 0 0 0 0 0 0 0 0 0 0
101 : 129 130 115 119 121 116 131 132 133 132 138 136 141 149 146 141 147 149 156 158 162 135 8 0 0 0 0 0 0 0 0 0 0 0 0 0 0 0 0 0 0 0 0 0 0 0 0 0 0 0 0
