Brightness in each height
Heights/D : 39.2105 38.4316 37.6526 36.8737 36.0947 35.3158 34.5368 33.7579 32.9789 32.2 31.4211 30.6421 29.8632 29.0842 28.3053 27.5263 26.7474 25.9684 25.1895 24.4105 23.6316 22.8526 22.0737 21.2947 20.5158 19.7368 18.9579 18.1789 17.4 16.6211 15.8421 15.0632 14.2842 13.5053 12.7263 11.9474 11.1684 10.3895 9.61053 8.83158 8.05263 7.27368 6.49474 5.71579 4.93684 4.15789 3.37895 2.6 1.82105 1.04211 0.263158
1 : 129 119 132 128 130 128 129 135 118 133 120 136 137 145 149 151 152 155 155 152 147 117 0 0 0 0 0 0 0 0 0 0 0 0 0 0 0 0 0 0 0 0 0 0 0 0 0 0 0 0 0
2 : 131 121 133 129 131 129 130 137 119 135 122 138 139 147 151 153 154 156 156 153 149 118 0 0 0 0 0 0 0 0 0 0 0 0 0 0 0 0 0 0 0 0 0 0 0 0 0 0 0 0 0
3 : 130 120 132 128 130 128 130 136 119 134 122 137 138 146 149 151 153 155 155 152 148 117 0 0 0 0 0 0 0 0 0 0 0 0 0 0 0 0 0 0 0 0 0 0 0 0 0 0 0 0 0
4 : 130 119 133 128 130 128 129 136 118 134 121 137 137 146 150 152 153 155 156 153 147 117 0 0 0 0 0 0 0 0 0 0 0 0 0 0 0 0 0 0 0 0 0 0 0 0 0 0 0 0 0
5 : 131 121 134 130 132 130 131 137 120 136 123 138 139 147 150 153 153 156 157 153 149 118 0 0 0 0 0 0 0 0 0 0 0 0 0 0 0 0 0 0 0 0 0 0 0 0 0 0 0 0 0
6 : 131 120 133 129 130 129 130 136 118 134 122 137 138 147 150 153 153 155 156 153 148 118 0 0 0 0 0 0 0 0 0 0 0 0 0 0 0 0 0 0 0 0 0 0 0 0 0 0 0 0 0
7 : 130 120 133 129 130 129 129 135 117 134 121 137 138 146 149 151 153 155 155 152 147 117 0 0 0 0 0 0 0 0 0 0 0 0 0 0 0 0 0 0 0 0 0 0 0 0 0 0 0 0 0
8 : 129 120 133 128 130 128 130 136 118 134 121 137 138 146 149 152 152 154 156 152 148 117 0 0 0 0 0 0 0 0 0 0 0 0 0 0 0 0 0 0 0 0 0 0 0 0 0 0 0 0 0
9 : 129 119 132 127 130 128 129 135 118 134 121 136 138 146 149 152 152 154 155 151 147 117 0 0 0 0 0 0 0 0 0 0 0 0 0 0 0 0 0 0 0 0 0 0 0 0 0 0 0 0 0
10 : 131 121 135 130 132 130 131 137 121 136 124 139 140 148 151 153 154 156 157 153 149 118 0 0 0 0 0 0 0 0 0 0 0 0 0 0 0 0 0 0 0 0 0 0 0 0 0 0 0 0 0
11 : 129 120 132 128 129 128 129 135 118 133 121 136 137 145 148 151 152 154 155 151 147 117 0 0 0 0 0 0 0 0 0 0 0 0 0 0 0 0 0 0 0 0 0 0 0 0 0 0 0 0 0
12 : 130 121 133 128 131 129 130 136 118 135 122 137 139 146 150 151 153 155 156 153 148 118 0 0 0 0 0 0 0 0 0 0 0 0 0 0 0 0 0 0 0 0 0 0 0 0 0 0 0 0 0
13 : 131 121 133 129 130 129 130 137 119 135 122 137 138 147 150 153 153 155 157 153 147 118 0 0 0 0 0 0 0 0 0 0 0 0 0 0 0 0 0 0 0 0 0 0 0 0 0 0 0 0 0
14 : 129 118 132 127 128 127 128 134 117 133 120 136 137 145 147 150 152 154 154 151 146 117 0 0 0 0 0 0 0 0 0 0 0 0 0 0 0 0 0 0 0 0 0 0 0 0 0 0 0 0 0
15 : 132 122 134 131 132 130 131 137 121 136 124 138 139 147 151 154 154 156 157 153 148 118 0 0 0 0 0 0 0 0 0 0 0 0 0 0 0 0 0 0 0 0 0 0 0 0 0 0 0 0 0
16 : 129 119 132 127 129 127 129 136 118 134 121 137 137 145 149 151 152 154 155 151 147 117 0 0 0 0 0 0 0 0 0 0 0 0 0 0 0 0 0 0 0 0 0 0 0 0 0 0 0 0 0
17 : 130 120 133 128 130 129 129 135 119 134 122 137 138 146 150 152 153 155 156 152 147 117 0 0 0 0 0 0 0 0 0 0 0 0 0 0 0 0 0 0 0 0 0 0 0 0 0 0 0 0 0
18 : 131 120 134 129 131 129 130 137 119 135 122 138 139 147 150 153 153 156 156 153 148 118 0 0 0 0 0 0 0 0 0 0 0 0 0 0 0 0 0 0 0 0 0 0 0 0 0 0 0 0 0
19 : 129 120 132 128 130 128 129 136 118 134 121 137 137 146 149 152 153 155 155 152 148 118 0 0 0 0 0 0 0 0 0 0 0 0 0 0 0 0 0 0 0 0 0 0 0 0 0 0 0 0 0
20 : 132 121 134 130 132 130 131 137 120 137 124 138 139 148 151 154 154 156 157 154 150 119 0 0 0 0 0 0 0 0 0 0 0 0 0 0 0 0 0 0 0 0 0 0 0 0 0 0 0 0 0
21 : 130 120 133 128 130 129 129 136 119 134 122 137 138 146 150 152 153 155 156 153 148 117 0 0 0 0 0 0 0 0 0 0 0 0 0 0 0 0 0 0 0 0 0 0 0 0 0 0 0 0 0
22 : 130 120 133 129 131 129 130 136 119 135 122 138 138 147 151 153 153 156 156 153 149 118 0 0 0 0 0 0 0 0 0 0 0 0 0 0 0 0 0 0 0 0 0 0 0 0 0 0 0 0 0
23 : 130 120 133 129 131 129 130 136 119 135 123 138 139 146 150 152 153 155 156 152 148 118 0 0 0 0 0 0 0 0 0 0 0 0 0 0 0 0 0 0 0 0 0 0 0 0 0 0 0 0 0
24 : 129 118 132 128 130 127 129 135 118 134 121 137 137 146 149 151 153 155 155 152 147 117 0 0 0 0 0 0 0 0 0 0 0 0 0 0 0 0 0 0 0 0 0 0 0 0 0 0 0 0 0
25 : 131 121 134 130 132 130 131 137 120 136 123 138 139 147 151 154 154 156 157 152 148 118 0 0 0 0 0 0 0 0 0 0 0 0 0 0 0 0 0 0 0 0 0 0 0 0 0 0 0 0 0
26 : 129 119 132 127 130 127 128 135 117 134 121 136 137 145 148 152 152 154 155 152 147 117 0 0 0 0 0 0 0 0 0 0 0 0 0 0 0 0 0 0 0 0 0 0 0 0 0 0 0 0 0
27 : 130 120 133 129 130 128 129 136 119 135 122 137 138 146 150 152 153 155 155 151 148 118 0 0 0 0 0 0 0 0 0 0 0 0 0 0 0 0 0 0 0 0 0 0 0 0 0 0 0 0 0
28 : 130 119 133 129 130 128 129 136 118 134 122 137 138 146 149 152 152 154 155 152 147 117 0 0 0 0 0 0 0 0 0 0 0 0 0 0 0 0 0 0 0 0 0 0 0 0 0 0 0 0 0
29 : 130 120 132 127 130 128 129 135 118 134 121 137 137 146 150 152 153 154 155 152 148 117 0 0 0 0 0 0 0 0 0 0 0 0 0 0 0 0 0 0 0 0 0 0 0 0 0 0 0 0 0
30 : 132 122 135 131 132 131 131 137 121 136 124 138 139 147 151 153 155 156 157 154 149 118 0 0 0 0 0 0 0 0 0 0 0 0 0 0 0 0 0 0 0 0 0 0 0 0 0 0 0 0 0
31 : 128 119 131 126 129 128 129 135 118 134 121 136 137 145 149 151 153 154 155 151 146 117 0 0 0 0 0 0 0 0 0 0 0 0 0 0 0 0 0 0 0 0 0 0 0 0 0 0 0 0 0
32 : 129 120 133 129 131 128 130 136 119 135 122 137 138 147 150 152 153 155 155 152 148 117 0 0 0 0 0 0 0 0 0 0 0 0 0 0 0 0 0 0 0 0 0 0 0 0 0 0 0 0 0
33 : 130 120 132 128 130 128 129 135 119 134 122 137 137 146 149 152 153 154 155 152 147 117 0 0 0 0 0 0 0 0 0 0 0 0 0 0 0 0 0 0 0 0 0 0 0 0 0 0 0 0 0
34 : 128 119 132 128 129 128 129 135 118 134 121 136 137 146 149 151 152 154 155 151 147 117 0 0 0 0 0 0 0 0 0 0 0 0 0 0 0 0 0 0 0 0 0 0 0 0 0 0 0 0 0
35 : 131 122 135 130 132 130 132 138 120 136 124 139 139 148 151 153 155 156 157 153 149 118 0 0 0 0 0 0 0 0 0 0 0 0 0 0 0 0 0 0 0 0 0 0 0 0 0 0 0 0 0
36 : 130 120 133 129 130 128 130 136 119 135 121 137 138 147 150 152 154 155 156 153 147 118 0 0 0 0 0 0 0 0 0 0 0 0 0 0 0 0 0 0 0 0 0 0 0 0 0 0 0 0 0
37 : 130 121 134 128 131 129 130 136 119 135 122 138 139 147 150 152 154 155 156 152 148 118 0 0 0 0 0 0 0 0 0 0 0 0 0 0 0 0 0 0 0 0 0 0 0 0 0 0 0 0 0
38 : 129 121 134 129 130 128 130 137 119 135 122 137 138 147 150 153 154 155 156 152 148 118 0 0 0 0 0 0 0 0 0 0 0 0 0 0 0 0 0 0 0 0 0 0 0 0 0 0 0 0 0
39 : 130 120 133 128 130 128 129 135 118 134 122 137 137 146 149 152 153 155 155 152 147 117 0 0 0 0 0 0 0 0 0 0 0 0 0 0 0 0 0 0 0 0 0 0 0 0 0 0 0 0 0
40 : 131 123 135 131 133 131 133 138 121 137 124 139 140 148 152 154 155 156 157 154 149 119 0 0 0 0 0 0 0 0 0 0 0 0 0 0 0 0 0 0 0 0 0 0 0 0 0 0 0 0 0
41 : 130 120 133 129 131 128 130 136 120 136 122 138 139 147 150 153 153 156 156 152 148 118 0 0 0 0 0 0 0 0 0 0 0 0 0 0 0 0 0 0 0 0 0 0 0 0 0 0 0 0 0
42 : 130 120 133 129 130 129 129 136 119 134 122 137 138 146 149 152 153 155 156 152 147 117 0 0 0 0 0 0 0 0 0 0 0 0 0 0 0 0 0 0 0 0 0 0 0 0 0 0 0 0 0
43 : 130 121 134 129 131 129 130 137 119 136 122 138 138 147 151 153 154 156 157 153 148 118 0 0 0 0 0 0 0 0 0 0 0 0 0 0 0 0 0 0 0 0 0 0 0 0 0 0 0 0 0
44 : 130 120 132 127 130 128 129 135 118 134 122 137 137 146 149 151 153 155 156 151 147 118 0 0 0 0 0 0 0 0 0 0 0 0 0 0 0 0 0 0 0 0 0 0 0 0 0 0 0 0 0
45 : 131 122 135 130 132 130 132 137 120 136 124 138 139 148 151 153 155 156 157 153 149 119 0 0 0 0 0 0 0 0 0 0 0 0 0 0 0 0 0 0 0 0 0 0 0 0 0 0 0 0 0
46 : 129 119 132 128 129 127 128 135 117 134 121 136 137 145 149 151 152 154 155 152 147 118 0 0 0 0 0 0 0 0 0 0 0 0 0 0 0 0 0 0 0 0 0 0 0 0 0 0 0 0 0
47 : 130 121 133 128 130 128 130 135 118 134 122 137 138 146 149 152 153 155 156 152 148 117 0 0 0 0 0 0 0 0 0 0 0 0 0 0 0 0 0 0 0 0 0 0 0 0 0 0 0 0 0
48 : 129 121 133 129 131 129 131 136 119 134 122 137 138 147 150 152 153 155 156 153 148 118 0 0 0 0 0 0 0 0 0 0 0 0 0 0 0 0 0 0 0 0 0 0 0 0 0 0 0 0 0
49 : 129 120 132 128 130 128 129 135 118 134 121 137 137 145 149 151 153 154 156 152 148 118 0 0 0 0 0 0 0 0 0 0 0 0 0 0 0 0 0 0 0 0 0 0 0 0 0 0 0 0 0
50 : 132 123 135 131 132 130 132 138 121 137 124 138 139 148 151 154 155 156 157 154 149 119 0 0 0 0 0 0 0 0 0 0 0 0 0 0 0 0 0 0 0 0 0 0 0 0 0 0 0 0 0
51 : 129 120 132 128 130 127 129 135 118 134 121 136 138 146 149 151 152 154 155 151 146 117 0 0 0 0 0 0 0 0 0 0 0 0 0 0 0 0 0 0 0 0 0 0 0 0 0 0 0 0 0
52 : 131 121 134 129 131 129 130 137 119 135 123 138 138 147 151 153 154 155 156 153 148 118 0 0 0 0 0 0 0 0 0 0 0 0 0 0 0 0 0 0 0 0 0 0 0 0 0 0 0 0 0
53 : 130 120 133 130 131 129 130 136 119 135 122 137 139 146 151 153 154 156 156 153 149 118 0 0 0 0 0 0 0 0 0 0 0 0 0 0 0 0 0 0 0 0 0 0 0 0 0 0 0 0 0
54 : 129 120 132 129 129 128 129 136 118 134 121 137 138 146 149 152 153 154 155 152 148 118 0 0 0 0 0 0 0 0 0 0 0 0 0 0 0 0 0 0 0 0 0 0 0 0 0 0 0 0 0
55 : 131 122 135 131 132 130 132 138 121 136 124 139 140 148 151 153 154 157 157 154 149 120 0 0 0 0 0 0 0 0 0 0 0 0 0 0 0 0 0 0 0 0 0 0 0 0 0 0 0 0 0
56 : 129 120 132 128 130 128 130 135 118 134 121 136 137 146 149 152 152 155 155 152 148 118 0 0 0 0 0 0 0 0 0 0 0 0 0 0 0 0 0 0 0 0 0 0 0 0 0 0 0 0 0
57 : 129 120 133 128 131 129 130 136 119 135 122 138 138 146 150 152 153 155 156 152 148 119 0 0 0 0 0 0 0 0 0 0 0 0 0 0 0 0 0 0 0 0 0 0 0 0 0 0 0 0 0
58 : 130 121 133 130 131 129 131 136 120 135 123 138 139 147 150 153 153 156 157 153 148 119 0 0 0 0 0 0 0 0 0 0 0 0 0 0 0 0 0 0 0 0 0 0 0 0 0 0 0 0 0
59 : 128 120 132 129 129 128 129 135 118 134 122 136 138 146 150 152 153 154 156 152 147 119 0 0 0 0 0 0 0 0 0 0 0 0 0 0 0 0 0 0 0 0 0 0 0 0 0 0 0 0 0
60 : 130 121 134 130 131 130 131 137 120 136 123 138 139 147 151 153 154 156 157 154 149 119 0 0 0 0 0 0 0 0 0 0 0 0 0 0 0 0 0 0 0 0 0 0 0 0 0 0 0 0 0
61 : 130 120 133 130 130 129 130 135 119 134 122 138 138 147 150 153 153 156 156 152 148 119 0 0 0 0 0 0 0 0 0 0 0 0 0 0 0 0 0 0 0 0 0 0 0 0 0 0 0 0 0
62 : 129 121 133 129 130 129 131 136 119 134 123 138 139 146 150 152 154 155 157 153 148 119 0 0 0 0 0 0 0 0 0 0 0 0 0 0 0 0 0 0 0 0 0 0 0 0 0 0 0 0 0
63 : 130 121 133 130 131 129 130 136 120 134 123 138 138 146 149 152 153 156 156 152 147 122 0 0 0 0 0 0 0 0 0 0 0 0 0 0 0 0 0 0 0 0 0 0 0 0 0 0 0 0 0
64 : 128 119 131 129 130 128 129 134 118 132 121 137 137 146 149 152 152 155 156 151 147 123 0 0 0 0 0 0 0 0 0 0 0 0 0 0 0 0 0 0 0 0 0 0 0 0 0 0 0 0 0
65 : 131 122 134 131 132 131 132 137 121 135 124 138 140 147 151 154 154 157 157 154 148 127 0 0 0 0 0 0 0 0 0 0 0 0 0 0 0 0 0 0 0 0 0 0 0 0 0 0 0 0 0
66 : 130 120 133 130 130 129 130 136 119 134 122 138 139 146 150 152 153 156 156 153 148 130 0 0 0 0 0 0 0 0 0 0 0 0 0 0 0 0 0 0 0 0 0 0 0 0 0 0 0 0 0
67 : 129 121 133 129 130 129 130 136 119 133 123 137 139 146 150 152 153 155 156 152 148 129 0 0 0 0 0 0 0 0 0 0 0 0 0 0 0 0 0 0 0 0 0 0 0 0 0 0 0 0 0
68 : 130 121 133 129 131 130 130 136 120 136 123 138 140 147 150 153 153 156 157 153 148 132 0 0 0 0 0 0 0 0 0 0 0 0 0 0 0 0 0 0 0 0 0 0 0 0 0 0 0 0 0
69 : 128 119 131 127 129 127 128 134 117 132 121 136 138 145 148 151 151 154 155 151 146 134 0 0 0 0 0 0 0 0 0 0 0 0 0 0 0 0 0 0 0 0 0 0 0 0 0 0 0 0 0
70 : 130 121 134 131 131 130 131 138 121 136 123 139 139 147 151 153 153 156 156 153 148 135 0 0 0 0 0 0 0 0 0 0 0 0 0 0 0 0 0 0 0 0 0 0 0 0 0 0 0 0 0
71 : 129 120 131 128 130 128 129 135 119 133 122 136 137 146 149 152 152 154 156 152 146 134 0 0 0 0 0 0 0 0 0 0 0 0 0 0 0 0 0 0 0 0 0 0 0 0 0 0 0 0 0
72 : 130 120 133 129 131 129 130 136 119 134 122 137 139 146 150 152 153 156 156 153 148 142 0 0 0 0 0 0 0 0 0 0 0 0 0 0 0 0 0 0 0 0 0 0 0 0 0 0 0 0 0
73 : 129 121 133 129 130 128 130 136 119 134 122 137 138 146 150 152 152 155 155 152 147 145 0 0 0 0 0 0 0 0 0 0 0 0 0 0 0 0 0 0 0 0 0 0 0 0 0 0 0 0 0
74 : 128 119 131 128 129 127 128 134 117 132 119 137 138 145 149 151 152 154 155 151 146 147 0 0 0 0 0 0 0 0 0 0 0 0 0 0 0 0 0 0 0 0 0 0 0 0 0 0 0 0 0
75 : 131 122 134 131 132 130 131 137 121 135 123 138 140 147 151 154 154 156 157 153 148 148 0 0 0 0 0 0 0 0 0 0 0 0 0 0 0 0 0 0 0 0 0 0 0 0 0 0 0 0 0
76 : 128 120 132 128 129 128 128 134 118 133 121 136 137 145 149 152 152 155 155 152 146 143 0 0 0 0 0 0 0 0 0 0 0 0 0 0 0 0 0 0 0 0 0 0 0 0 0 0 0 0 0
77 : 129 121 132 129 130 128 129 136 119 134 121 138 138 146 150 152 153 155 156 152 147 142 0 0 0 0 0 0 0 0 0 0 0 0 0 0 0 0 0 0 0 0 0 0 0 0 0 0 0 0 0
78 : 129 121 133 129 131 129 129 136 119 134 123 138 139 147 150 153 153 155 156 151 147 144 0 0 0 0 0 0 0 0 0 0 0 0 0 0 0 0 0 0 0 0 0 0 0 0 0 0 0 0 0
79 : 128 120 132 128 130 128 129 135 119 133 122 137 138 146 149 152 152 155 156 151 146 144 0 0 0 0 0 0 0 0 0 0 0 0 0 0 0 0 0 0 0 0 0 0 0 0 0 0 0 0 0
80 : 131 122 134 131 132 130 132 137 121 135 124 139 140 147 151 153 154 156 157 153 148 145 0 0 0 0 0 0 0 0 0 0 0 0 0 0 0 0 0 0 0 0 0 0 0 0 0 0 0 0 0
81 : 128 120 133 129 130 128 129 135 118 133 121 136 138 145 149 151 151 154 156 152 146 142 0 0 0 0 0 0 0 0 0 0 0 0 0 0 0 0 0 0 0 0 0 0 0 0 0 0 0 0 0
82 : 129 120 133 130 130 128 130 136 119 134 122 137 139 146 150 152 153 155 155 152 146 142 0 0 0 0 0 0 0 0 0 0 0 0 0 0 0 0 0 0 0 0 0 0 0 0 0 0 0 0 0
83 : 128 120 133 129 130 128 129 135 119 133 122 137 138 145 149 152 153 155 155 152 146 141 0 0 0 0 0 0 0 0 0 0 0 0 0 0 0 0 0 0 0 0 0 0 0 0 0 0 0 0 0
84 : 128 120 132 128 130 128 130 135 118 133 122 137 138 146 149 152 153 154 155 151 145 142 0 0 0 0 0 0 0 0 0 0 0 0 0 0 0 0 0 0 0 0 0 0 0 0 0 0 0 0 0
85 : 130 122 134 131 132 130 132 137 121 135 124 139 140 147 151 154 154 157 157 154 148 143 0 0 0 0 0 0 0 0 0 0 0 0 0 0 0 0 0 0 0 0 0 0 0 0 0 0 0 0 0
86 : 127 119 131 128 130 127 129 134 119 134 122 137 137 145 149 152 152 155 155 152 145 144 0 0 0 0 0 0 0 0 0 0 0 0 0 0 0 0 0 0 0 0 0 0 0 0 0 0 0 0 0
87 : 129 121 132 129 130 129 130 136 119 134 122 137 139 146 150 152 153 156 156 152 147 149 0 0 0 0 0 0 0 0 0 0 0 0 0 0 0 0 0 0 0 0 0 0 0 0 0 0 0 0 0
88 : 128 120 132 129 130 128 129 135 119 133 121 137 138 145 149 152 152 155 156 151 146 151 0 0 0 0 0 0 0 0 0 0 0 0 0 0 0 0 0 0 0 0 0 0 0 0 0 0 0 0 0
89 : 128 120 132 128 129 127 129 134 118 133 121 137 137 145 149 151 152 155 155 151 145 153 0 0 0 0 0 0 0 0 0 0 0 0 0 0 0 0 0 0 0 0 0 0 0 0 0 0 0 0 0
90 : 130 122 134 131 132 131 132 137 121 136 125 139 140 147 151 154 154 156 157 153 147 153 0 0 0 0 0 0 0 0 0 0 0 0 0 0 0 0 0 0 0 0 0 0 0 0 0 0 0 0 0
91 : 128 119 131 128 129 128 129 135 119 133 122 136 137 146 149 152 152 155 155 151 146 152 0 0 0 0 0 0 0 0 0 0 0 0 0 0 0 0 0 0 0 0 0 0 0 0 0 0 0 0 0
92 : 128 119 132 128 130 127 129 134 118 133 122 136 137 145 149 151 152 154 155 151 145 153 0 0 0 0 0 0 0 0 0 0 0 0 0 0 0 0 0 0 0 0 0 0 0 0 0 0 0 0 0
93 : 129 120 132 129 130 128 129 135 119 133 122 136 138 145 149 152 152 155 155 152 146 153 1 0 0 0 0 0 0 0 0 0 0 0 0 0 0 0 0 0 0 0 0 0 0 0 0 0 0 0 0
94 : 128 120 132 129 130 128 130 135 119 133 122 136 138 146 149 152 153 155 155 151 145 159 2 0 0 0 0 0 0 0 0 0 0 0 0 0 0 0 0 0 0 0 0 0 0 0 0 0 0 0 0
95 : 130 122 134 131 132 130 132 137 120 135 123 139 140 147 151 154 154 156 157 153 147 157 4 0 0 0 0 0 0 0 0 0 0 0 0 0 0 0 0 0 0 0 0 0 0 0 0 0 0 0 0
96 : 128 120 132 128 130 128 129 135 119 133 122 136 138 145 149 152 153 155 155 151 145 151 7 0 0 0 0 0 0 0 0 0 0 0 0 0 0 0 0 0 0 0 0 0 0 0 0 0 0 0 0
97 : 128 121 132 128 130 128 130 136 120 134 123 137 138 146 150 153 153 155 156 152 146 155 9 0 0 0 0 0 0 0 0 0 0 0 0 0 0 0 0 0 0 0 0 0 0 0 0 0 0 0 0
98 : 129 121 133 129 131 128 130 136 119 134 123 137 139 146 150 152 154 156 156 153 147 153 14 0 0 0 0 0 0 0 0 0 0 0 0 0 0 0 0 0 0 0 0 0 0 0 0 0 0 0 0
99 : 128 120 131 129 130 128 129 135 118 133 122 136 138 145 149 151 152 154 155 151 146 159 19 0 0 0 0 0 0 0 0 0 0 0 0 0 0 0 0 0 0 0 0 0 0 0 0 0 0 0 0
100 : 130 122 133 131 132 130 131 136 121 135 124 138 139 147 151 153 154 156 157 153 148 169 19 0 0 0 0 0 0 0 0 0 0 0 0 0 0 0 0 0 0 0 0 0 0 0 0 0 0 0 0
101 : 128 120 131 128 129 128 129 135 118 133 122 136 138 145 150 151 152 154 155 151 146 167 15 0 0 0 0 0 0 0 0 0 0 0 0 0 0 0 0 0 0 0 0 0 0 0 0 0 0 0 0
1 : 130 120 132 128 130 129 129 135 118 132 121 137 139 146 150 151 152 155 156 152 147 167 14 0 0 0 0 0 0 0 0 0 0 0 0 0 0 0 0 0 0 0 0 0 0 0 0 0 0 0 0
2 : 130 121 133 129 131 130 131 136 119 133 121 138 139 147 150 153 153 156 157 153 147 161 11 0 0 0 0 0 0 0 0 0 0 0 0 0 0 0 0 0 0 0 0 0 0 0 0 0 0 0 0
3 : 130 121 133 128 130 129 130 136 118 133 121 137 138 146 149 152 152 155 156 152 146 158 8 0 0 0 0 0 0 0 0 0 0 0 0 0 0 0 0 0 0 0 0 0 0 0 0 0 0 0 0
4 : 129 120 132 129 130 129 130 136 118 133 121 137 138 146 149 151 152 155 156 152 147 153 4 0 0 0 0 0 0 0 0 0 0 0 0 0 0 0 0 0 0 0 0 0 0 0 0 0 0 0 0
5 : 131 121 133 131 132 130 132 136 120 135 122 139 139 147 151 153 153 156 157 153 147 155 3 0 0 0 0 0 0 0 0 0 0 0 0 0 0 0 0 0 0 0 0 0 0 0 0 0 0 0 0
6 : 129 120 132 128 130 128 129 134 118 133 121 137 138 146 150 152 152 155 156 152 146 158 3 0 0 0 0 0 0 0 0 0 0 0 0 0 0 0 0 0 0 0 0 0 0 0 0 0 0 0 0
7 : 130 121 133 129 131 129 130 136 118 133 121 138 139 146 150 153 153 155 157 153 147 158 3 0 0 0 0 0 0 0 0 0 0 0 0 0 0 0 0 0 0 0 0 0 0 0 0 0 0 0 0
8 : 130 120 133 128 130 129 130 135 118 133 121 138 139 146 149 152 152 155 155 152 147 160 3 0 0 0 0 0 0 0 0 0 0 0 0 0 0 0 0 0 0 0 0 0 0 0 0 0 0 0 0
9 : 128 119 130 127 128 128 129 134 118 132 120 136 137 145 148 151 151 154 155 151 145 156 2 0 0 0 0 0 0 0 0 0 0 0 0 0 0 0 0 0 0 0 0 0 0 0 0 0 0 0 0
10 : 131 121 134 130 132 131 131 136 120 134 123 138 140 147 151 154 154 157 157 153 149 153 1 0 0 0 0 0 0 0 0 0 0 0 0 0 0 0 0 0 0 0 0 0 0 0 0 0 0 0 0
11 : 129 120 132 128 130 128 129 135 118 133 120 137 137 145 149 151 152 155 156 152 147 147 1 0 0 0 0 0 0 0 0 0 0 0 0 0 0 0 0 0 0 0 0 0 0 0 0 0 0 0 0
12 : 130 120 133 129 131 130 131 136 119 134 122 138 139 146 150 152 153 156 156 152 147 142 1 0 0 0 0 0 0 0 0 0 0 0 0 0 0 0 0 0 0 0 0 0 0 0 0 0 0 0 0
13 : 129 121 132 129 130 128 130 136 119 133 121 137 138 146 150 152 153 155 156 152 147 143 1 0 0 0 0 0 0 0 0 0 0 0 0 0 0 0 0 0 0 0 0 0 0 0 0 0 0 0 0
14 : 129 120 132 128 130 129 130 135 118 133 121 138 139 146 150 152 152 155 156 152 147 147 1 0 0 0 0 0 0 0 0 0 0 0 0 0 0 0 0 0 0 0 0 0 0 0 0 0 0 0 0
15 : 131 122 134 130 131 130 131 137 121 135 123 139 140 147 151 153 154 156 156 152 148 148 1 0 0 0 0 0 0 0 0 0 0 0 0 0 0 0 0 0 0 0 0 0 0 0 0 0 0 0 0
16 : 128 120 132 129 130 128 129 135 119 133 121 136 138 146 149 152 152 155 155 151 146 149 1 0 0 0 0 0 0 0 0 0 0 0 0 0 0 0 0 0 0 0 0 0 0 0 0 0 0 0 0
17 : 129 120 133 129 130 129 130 136 119 133 122 138 139 147 150 153 153 156 156 152 148 152 1 0 0 0 0 0 0 0 0 0 0 0 0 0 0 0 0 0 0 0 0 0 0 0 0 0 0 0 0
18 : 129 121 132 129 130 129 130 136 119 133 121 137 138 146 150 152 152 155 156 152 147 158 2 0 0 0 0 0 0 0 0 0 0 0 0 0 0 0 0 0 0 0 0 0 0 0 0 0 0 0 0
19 : 129 119 132 127 129 127 128 133 117 132 120 136 137 145 149 150 151 154 155 151 147 158 4 0 0 0 0 0 0 0 0 0 0 0 0 0 0 0 0 0 0 0 0 0 0 0 0 0 0 0 0
20 : 132 122 135 131 133 131 132 137 120 135 123 139 140 148 151 154 154 157 157 154 149 163 5 0 0 0 0 0 0 0 0 0 0 0 0 0 0 0 0 0 0 0 0 0 0 0 0 0 0 0 0
21 : 129 120 132 129 130 128 130 135 118 133 121 138 139 146 149 152 152 155 155 152 147 161 4 0 0 0 0 0 0 0 0 0 0 0 0 0 0 0 0 0 0 0 0 0 0 0 0 0 0 0 0
22 : 129 121 133 129 130 130 131 136 119 134 121 138 139 147 150 153 153 156 156 152 148 163 2 0 0 0 0 0 0 0 0 0 0 0 0 0 0 0 0 0 0 0 0 0 0 0 0 0 0 0 0
23 : 129 120 132 129 130 129 131 135 119 133 121 137 138 146 149 151 151 155 156 152 147 166 3 0 0 0 0 0 0 0 0 0 0 0 0 0 0 0 0 0 0 0 0 0 0 0 0 0 0 0 0
24 : 128 119 131 128 128 127 128 134 117 131 120 136 137 145 149 151 151 154 155 151 146 165 3 0 0 0 0 0 0 0 0 0 0 0 0 0 0 0 0 0 0 0 0 0 0 0 0 0 0 0 0
25 : 131 122 134 131 132 130 131 137 120 135 123 138 140 147 150 153 154 157 157 154 149 168 3 0 0 0 0 0 0 0 0 0 0 0 0 0 0 0 0 0 0 0 0 0 0 0 0 0 0 0 0
26 : 129 119 132 128 129 128 130 135 118 133 120 136 138 145 149 151 152 155 156 152 147 163 5 0 0 0 0 0 0 0 0 0 0 0 0 0 0 0 0 0 0 0 0 0 0 0 0 0 0 0 0
27 : 130 120 133 129 131 129 131 136 119 133 121 137 138 147 150 153 153 156 157 153 148 160 8 0 0 0 0 0 0 0 0 0 0 0 0 0 0 0 0 0 0 0 0 0 0 0 0 0 0 0 0
28 : 129 121 133 129 130 129 130 135 119 133 121 137 139 146 150 152 153 155 156 153 147 152 6 0 0 0 0 0 0 0 0 0 0 0 0 0 0 0 0 0 0 0 0 0 0 0 0 0 0 0 0
29 : 128 120 132 128 129 127 129 134 118 132 120 137 138 145 149 151 151 154 155 151 147 153 3 0 0 0 0 0 0 0 0 0 0 0 0 0 0 0 0 0 0 0 0 0 0 0 0 0 0 0 0
30 : 131 123 134 130 132 131 132 137 120 135 123 139 140 147 151 154 154 157 157 154 149 157 2 0 0 0 0 0 0 0 0 0 0 0 0 0 0 0 0 0 0 0 0 0 0 0 0 0 0 0 0
31 : 129 120 132 129 131 129 130 135 119 133 121 138 138 146 150 152 153 155 156 153 147 165 2 0 0 0 0 0 0 0 0 0 0 0 0 0 0 0 0 0 0 0 0 0 0 0 0 0 0 0 0
32 : 129 121 133 129 131 129 130 135 119 133 121 137 138 146 150 152 153 155 156 153 147 167 2 0 0 0 0 0 0 0 0 0 0 0 0 0 0 0 0 0 0 0 0 0 0 0 0 0 0 0 0
33 : 130 120 133 129 130 129 131 136 119 134 121 137 139 146 150 152 153 156 156 153 148 169 1 0 0 0 0 0 0 0 0 0 0 0 0 0 0 0 0 0 0 0 0 0 0 0 0 0 0 0 0
34 : 128 119 132 128 129 127 129 134 118 132 120 136 138 146 149 150 150 154 155 151 146 169 2 0 0 0 0 0 0 0 0 0 0 0 0 0 0 0 0 0 0 0 0 0 0 0 0 0 0 0 0
35 : 131 122 134 131 132 130 132 137 120 135 123 138 140 147 151 153 153 156 157 153 148 170 2 0 0 0 0 0 0 0 0 0 0 0 0 0 0 0 0 0 0 0 0 0 0 0 0 0 0 0 0
36 : 129 121 131 128 130 127 129 135 119 133 121 137 139 146 149 152 152 155 155 153 147 168 2 0 0 0 0 0 0 0 0 0 0 0 0 0 0 0 0 0 0 0 0 0 0 0 0 0 0 0 0
37 : 129 120 132 128 130 128 129 135 118 133 120 135 138 145 149 152 152 155 155 152 146 167 2 0 0 0 0 0 0 0 0 0 0 0 0 0 0 0 0 0 0 0 0 0 0 0 0 0 0 0 0
38 : 130 121 133 129 131 129 130 135 119 134 122 137 139 147 150 152 152 155 156 153 148 171 3 0 0 0 0 0 0 0 0 0 0 0 0 0 0 0 0 0 0 0 0 0 0 0 0 0 0 0 0
39 : 128 119 131 128 129 128 129 135 118 132 121 136 138 145 149 151 151 154 155 152 146 170 7 0 0 0 0 0 0 0 0 0 0 0 0 0 0 0 0 0 0 0 0 0 0 0 0 0 0 0 0
40 : 130 122 133 129 132 130 131 136 120 134 122 138 140 147 150 153 153 156 157 153 148 169 9 0 0 0 0 0 0 0 0 0 0 0 0 0 0 0 0 0 0 0 0 0 0 0 0 0 0 0 0
41 : 129 120 131 128 129 127 128 133 118 132 120 136 137 145 149 151 151 154 155 151 146 174 7 0 0 0 0 0 0 0 0 0 0 0 0 0 0 0 0 0 0 0 0 0 0 0 0 0 0 0 0
42 : 129 120 132 128 130 128 129 135 118 133 121 136 138 146 149 151 152 154 156 152 148 176 6 0 0 0 0 0 0 0 0 0 0 0 0 0 0 0 0 0 0 0 0 0 0 0 0 0 0 0 0
43 : 129 121 133 129 131 130 130 135 118 133 122 137 139 146 150 153 153 155 156 153 148 175 8 0 0 0 0 0 0 0 0 0 0 0 0 0 0 0 0 0 0 0 0 0 0 0 0 0 0 0 0
44 : 128 119 131 128 130 127 129 134 117 132 120 136 137 144 148 151 152 154 155 152 147 173 16 0 0 0 0 0 0 0 0 0 0 0 0 0 0 0 0 0 0 0 0 0 0 0 0 0 0 0 0
45 : 131 122 134 130 132 130 131 137 120 134 122 138 139 146 151 153 153 156 156 153 148 170 20 0 0 0 0 0 0 0 0 0 0 0 0 0 0 0 0 0 0 0 0 0 0 0 0 0 0 0 0
46 : 129 120 131 128 129 128 128 134 118 132 120 137 138 145 149 151 151 154 155 152 147 170 17 0 0 0 0 0 0 0 0 0 0 0 0 0 0 0 0 0 0 0 0 0 0 0 0 0 0 0 0
47 : 130 120 132 128 131 128 129 135 119 133 121 137 138 145 150 152 152 155 156 153 147 171 12 0 0 0 0 0 0 0 0 0 0 0 0 0 0 0 0 0 0 0 0 0 0 0 0 0 0 0 0
48 : 130 121 132 130 131 129 131 136 119 134 121 138 139 147 150 153 153 155 156 152 147 174 6 0 0 0 0 0 0 0 0 0 0 0 0 0 0 0 0 0 0 0 0 0 0 0 0 0 0 0 0
49 : 130 120 132 128 130 128 129 135 119 133 121 137 138 146 149 152 152 156 156 153 148 172 4 0 0 0 0 0 0 0 0 0 0 0 0 0 0 0 0 0 0 0 0 0 0 0 0 0 0 0 0
50 : 131 123 134 131 132 130 132 137 120 135 123 138 140 148 151 153 154 157 157 154 148 170 3 0 0 0 0 0 0 0 0 0 0 0 0 0 0 0 0 0 0 0 0 0 0 0 0 0 0 0 0
51 : 129 119 130 128 129 128 128 134 117 131 120 136 137 144 148 150 151 154 155 151 146 168 2 0 0 0 0 0 0 0 0 0 0 0 0 0 0 0 0 0 0 0 0 0 0 0 0 0 0 0 0
52 : 129 120 131 128 130 129 129 135 118 132 121 137 138 146 149 152 152 155 156 152 147 170 2 0 0 0 0 0 0 0 0 0 0 0 0 0 0 0 0 0 0 0 0 0 0 0 0 0 0 0 0
53 : 130 121 133 130 131 129 130 136 118 134 121 138 139 146 150 152 152 155 156 153 148 170 2 0 0 0 0 0 0 0 0 0 0 0 0 0 0 0 0 0 0 0 0 0 0 0 0 0 0 0 0
54 : 129 120 131 128 129 128 129 134 118 132 120 136 138 145 149 151 151 154 155 151 147 169 2 0 0 0 0 0 0 0 0 0 0 0 0 0 0 0 0 0 0 0 0 0 0 0 0 0 0 0 0
55 : 132 122 134 131 132 131 132 137 121 135 123 140 141 148 151 154 154 157 158 154 150 171 2 0 0 0 0 0 0 0 0 0 0 0 0 0 0 0 0 0 0 0 0 0 0 0 0 0 0 0 0
56 : 129 121 132 129 130 128 129 135 118 133 121 137 139 146 149 152 152 156 156 153 147 169 2 0 0 0 0 0 0 0 0 0 0 0 0 0 0 0 0 0 0 0 0 0 0 0 0 0 0 0 0
57 : 129 121 132 129 130 129 129 135 119 134 121 137 139 146 149 152 152 155 156 152 147 168 2 0 0 0 0 0 0 0 0 0 0 0 0 0 0 0 0 0 0 0 0 0 0 0 0 0 0 0 0
58 : 129 121 133 129 131 129 130 136 119 134 122 137 139 146 150 152 152 155 156 153 147 168 2 0 0 0 0 0 0 0 0 0 0 0 0 0 0 0 0 0 0 0 0 0 0 0 0 0 0 0 0
59 : 128 119 131 128 130 128 129 135 118 132 120 136 137 145 148 150 151 154 155 152 147 166 2 0 0 0 0 0 0 0 0 0 0 0 0 0 0 0 0 0 0 0 0 0 0 0 0 0 0 0 0
60 : 130 122 134 131 132 131 132 137 121 134 123 139 140 147 151 153 153 156 157 154 149 167 2 0 0 0 0 0 0 0 0 0 0 0 0 0 0 0 0 0 0 0 0 0 0 0 0 0 0 0 0
61 : 130 120 132 129 130 129 130 135 119 133 121 137 139 146 150 152 152 156 156 153 148 167 2 0 0 0 0 0 0 0 0 0 0 0 0 0 0 0 0 0 0 0 0 0 0 0 0 0 0 0 0
62 : 129 120 132 128 129 127 130 134 117 132 121 136 138 145 149 151 152 154 155 152 147 169 2 0 0 0 0 0 0 0 0 0 0 0 0 0 0 0 0 0 0 0 0 0 0 0 0 0 0 0 0
63 : 130 121 133 129 130 129 131 136 120 133 122 138 140 146 150 152 152 155 157 153 148 170 2 0 0 0 0 0 0 0 0 0 0 0 0 0 0 0 0 0 0 0 0 0 0 0 0 0 0 0 0
64 : 128 120 132 128 129 128 129 135 118 133 120 136 138 145 148 151 151 154 155 152 146 170 2 0 0 0 0 0 0 0 0 0 0 0 0 0 0 0 0 0 0 0 0 0 0 0 0 0 0 0 0
65 : 131 122 134 130 132 131 132 137 121 135 123 139 140 147 151 154 154 157 158 154 149 173 2 0 0 0 0 0 0 0 0 0 0 0 0 0 0 0 0 0 0 0 0 0 0 0 0 0 0 0 0
66 : 130 121 133 128 130 128 129 135 119 133 121 137 139 146 150 152 152 155 156 152 147 173 2 0 0 0 0 0 0 0 0 0 0 0 0 0 0 0 0 0 0 0 0 0 0 0 0 0 0 0 0
67 : 130 121 133 129 131 129 131 136 119 134 121 137 139 146 150 152 153 156 157 153 147 173 2 0 0 0 0 0 0 0 0 0 0 0 0 0 0 0 0 0 0 0 0 0 0 0 0 0 0 0 0
68 : 129 121 133 130 131 130 131 136 119 133 122 138 139 146 150 152 153 155 156 153 147 173 2 0 0 0 0 0 0 0 0 0 0 0 0 0 0 0 0 0 0 0 0 0 0 0 0 0 0 0 0
69 : 129 119 132 128 129 128 129 134 117 132 120 136 138 145 149 151 152 155 155 152 147 171 2 0 0 0 0 0 0 0 0 0 0 0 0 0 0 0 0 0 0 0 0 0 0 0 0 0 0 0 0
70 : 131 121 133 131 131 131 131 137 120 134 123 138 140 147 151 153 154 156 157 154 149 172 2 0 0 0 0 0 0 0 0 0 0 0 0 0 0 0 0 0 0 0 0 0 0 0 0 0 0 0 0
71 : 130 120 132 128 130 128 130 136 119 133 121 137 138 146 150 152 152 155 155 152 148 172 2 0 0 0 0 0 0 0 0 0 0 0 0 0 0 0 0 0 0 0 0 0 0 0 0 0 0 0 0
72 : 130 121 133 129 131 129 130 136 119 133 122 137 139 147 150 152 152 156 156 153 148 173 2 0 0 0 0 0 0 0 0 0 0 0 0 0 0 0 0 0 0 0 0 0 0 0 0 0 0 0 0
73 : 130 120 133 129 131 129 130 136 119 134 122 138 139 146 150 152 153 156 156 153 148 172 2 0 0 0 0 0 0 0 0 0 0 0 0 0 0 0 0 0 0 0 0 0 0 0 0 0 0 0 0
74 : 129 119 131 127 129 127 129 134 117 132 120 136 138 145 148 152 151 154 155 152 147 171 2 0 0 0 0 0 0 0 0 0 0 0 0 0 0 0 0 0 0 0 0 0 0 0 0 0 0 0 0
75 : 132 122 134 131 132 130 132 137 120 135 123 139 141 148 152 154 154 158 158 154 149 174 3 0 0 0 0 0 0 0 0 0 0 0 0 0 0 0 0 0 0 0 0 0 0 0 0 0 0 0 0
76 : 129 119 132 128 130 128 129 135 118 133 120 137 138 146 149 152 152 154 156 152 147 172 3 0 0 0 0 0 0 0 0 0 0 0 0 0 0 0 0 0 0 0 0 0 0 0 0 0 0 0 0
77 : 129 121 132 129 130 129 130 136 118 133 121 137 138 146 150 152 153 155 156 153 147 172 2 0 0 0 0 0 0 0 0 0 0 0 0 0 0 0 0 0 0 0 0 0 0 0 0 0 0 0 0
78 : 129 120 133 129 131 129 130 135 119 134 121 138 139 146 149 152 152 155 156 152 147 169 2 0 0 0 0 0 0 0 0 0 0 0 0 0 0 0 0 0 0 0 0 0 0 0 0 0 0 0 0
79 : 127 119 131 128 129 127 129 134 117 131 121 136 138 145 149 151 151 154 155 150 145 164 2 0 0 0 0 0 0 0 0 0 0 0 0 0 0 0 0 0 0 0 0 0 0 0 0 0 0 0 0
80 : 131 122 134 130 132 130 132 137 120 135 123 139 140 148 151 154 153 156 157 154 149 167 2 0 0 0 0 0 0 0 0 0 0 0 0 0 0 0 0 0 0 0 0 0 0 0 0 0 0 0 0
81 : 130 120 132 128 130 128 129 136 119 133 122 137 139 146 149 152 153 155 156 153 147 169 2 0 0 0 0 0 0 0 0 0 0 0 0 0 0 0 0 0 0 0 0 0 0 0 0 0 0 0 0
82 : 129 120 132 129 130 128 129 135 118 132 120 137 138 146 149 152 152 155 156 152 147 170 2 0 0 0 0 0 0 0 0 0 0 0 0 0 0 0 0 0 0 0 0 0 0 0 0 0 0 0 0
83 : 129 121 133 129 131 130 130 135 118 133 121 137 138 146 149 152 153 155 156 153 148 171 3 0 0 0 0 0 0 0 0 0 0 0 0 0 0 0 0 0 0 0 0 0 0 0 0 0 0 0 0
84 : 128 118 131 128 129 128 129 133 118 132 120 136 137 145 148 151 151 154 154 152 146 170 3 0 0 0 0 0 0 0 0 0 0 0 0 0 0 0 0 0 0 0 0 0 0 0 0 0 0 0 0
85 : 131 122 134 130 132 130 132 137 120 135 123 139 140 147 151 153 154 156 156 154 149 173 2 0 0 0 0 0 0 0 0 0 0 0 0 0 0 0 0 0 0 0 0 0 0 0 0 0 0 0 0
86 : 129 120 132 129 130 128 129 135 118 133 121 137 139 146 149 152 152 155 156 152 147 171 2 0 0 0 0 0 0 0 0 0 0 0 0 0 0 0 0 0 0 0 0 0 0 0 0 0 0 0 0
87 : 129 120 132 129 130 129 130 135 118 132 121 137 138 145 149 151 152 154 155 152 147 171 2 0 0 0 0 0 0 0 0 0 0 0 0 0 0 0 0 0 0 0 0 0 0 0 0 0 0 0 0
88 : 130 120 132 129 130 128 130 135 119 133 121 137 139 146 150 152 152 156 155 153 148 173 2 0 0 0 0 0 0 0 0 0 0 0 0 0 0 0 0 0 0 0 0 0 0 0 0 0 0 0 0
89 : 128 119 131 128 129 127 128 134 117 132 120 136 137 144 148 150 151 154 155 152 147 173 3 0 0 0 0 0 0 0 0 0 0 0 0 0 0 0 0 0 0 0 0 0 0 0 0 0 0 0 0
90 : 131 122 134 130 132 131 131 137 121 135 123 139 140 147 151 153 153 156 157 154 149 174 3 0 0 0 0 0 0 0 0 0 0 0 0 0 0 0 0 0 0 0 0 0 0 0 0 0 0 0 0
91 : 128 120 132 128 130 128 130 135 118 133 121 137 138 145 149 152 152 155 155 153 148 175 3 0 0 0 0 0 0 0 0 0 0 0 0 0 0 0 0 0 0 0 0 0 0 0 0 0 0 0 0
92 : 129 121 132 129 130 129 129 135 118 133 121 137 138 146 149 152 153 155 156 153 148 173 2 0 0 0 0 0 0 0 0 0 0 0 0 0 0 0 0 0 0 0 0 0 0 0 0 0 0 0 0
93 : 130 121 133 129 130 129 130 135 119 133 121 138 138 146 150 152 152 155 156 152 148 171 2 0 0 0 0 0 0 0 0 0 0 0 0 0 0 0 0 0 0 0 0 0 0 0 0 0 0 0 0
94 : 129 119 131 128 130 128 129 134 117 132 120 136 138 145 148 152 151 154 155 151 147 169 2 0 0 0 0 0 0 0 0 0 0 0 0 0 0 0 0 0 0 0 0 0 0 0 0 0 0 0 0
95 : 130 122 133 130 131 130 131 136 119 134 122 138 140 146 150 152 153 156 156 153 148 169 2 0 0 0 0 0 0 0 0 0 0 0 0 0 0 0 0 0 0 0 0 0 0 0 0 0 0 0 0
96 : 129 120 132 129 130 128 130 136 118 133 121 137 139 145 150 153 152 155 155 152 148 167 2 0 0 0 0 0 0 0 0 0 0 0 0 0 0 0 0 0 0 0 0 0 0 0 0 0 0 0 0
97 : 129 121 132 129 131 128 130 135 119 133 121 137 139 146 150 153 153 155 156 152 147 167 2 0 0 0 0 0 0 0 0 0 0 0 0 0 0 0 0 0 0 0 0 0 0 0 0 0 0 0 0
98 : 129 120 132 129 130 129 130 135 119 133 121 138 139 146 149 152 153 155 156 152 147 166 2 0 0 0 0 0 0 0 0 0 0 0 0 0 0 0 0 0 0 0 0 0 0 0 0 0 0 0 0
99 : 129 119 131 127 129 128 129 134 117 132 120 136 137 145 149 151 151 154 155 151 147 165 2 0 0 0 0 0 0 0 0 0 0 0 0 0 0 0 0 0 0 0 0 0 0 0 0 0 0 0 0
100 : 130 121 134 130 131 130 131 136 120 134 122 138 139 146 150 153 153 156 156 153 147 166 2 0 0 0 0 0 0 0 0 0 0 0 0 0 0 0 0 0 0 0 0 0 0 0 0 0 0 0 0
101 : 128 119 131 128 129 128 129 135 118 132 121 137 137 145 148 152 151 154 154 151 146 164 2 0 0 0 0 0 0 0 0 0 0 0 0 0 0 0 0 0 0 0 0 0 0 0 0 0 0 0 0
1 : 128 119 131 128 129 128 129 135 118 132 121 137 137 145 148 152 151 154 154 151 146 164 2 0 0 0 0 0 0 0 0 0 0 0 0 0 0 0 0 0 0 0 0 0 0 0 0 0 0 0 0
2 : 129 120 132 129 130 128 130 135 119 132 121 137 138 145 149 152 152 155 155 152 147 164 2 0 0 0 0 0 0 0 0 0 0 0 0 0 0 0 0 0 0 0 0 0 0 0 0 0 0 0 0
3 : 129 120 133 129 131 129 130 135 119 133 121 137 138 146 150 152 153 155 155 153 147 165 2 0 0 0 0 0 0 0 0 0 0 0 0 0 0 0 0 0 0 0 0 0 0 0 0 0 0 0 0
4 : 128 119 131 127 129 127 128 134 117 132 119 135 137 144 148 151 151 154 155 151 146 167 2 0 0 0 0 0 0 0 0 0 0 0 0 0 0 0 0 0 0 0 0 0 0 0 0 0 0 0 0
5 : 131 122 134 130 131 130 131 137 120 135 123 139 139 147 151 154 153 157 157 153 149 173 4 0 0 0 0 0 0 0 0 0 0 0 0 0 0 0 0 0 0 0 0 0 0 0 0 0 0 0 0
6 : 129 120 132 128 129 128 130 135 118 133 121 137 138 145 149 152 152 155 156 152 147 170 6 0 0 0 0 0 0 0 0 0 0 0 0 0 0 0 0 0 0 0 0 0 0 0 0 0 0 0 0
7 : 130 120 132 129 130 129 129 135 119 134 121 138 138 146 149 153 153 155 156 153 148 178 9 0 0 0 0 0 0 0 0 0 0 0 0 0 0 0 0 0 0 0 0 0 0 0 0 0 0 0 0
8 : 130 120 132 129 130 128 130 135 118 133 121 137 139 145 150 151 151 155 156 153 148 178 13 0 0 0 0 0 0 0 0 0 0 0 0 0 0 0 0 0 0 0 0 0 0 0 0 0 0 0 0
9 : 128 118 131 127 129 127 128 134 118 132 120 136 137 145 148 150 151 154 155 152 147 175 14 0 0 0 0 0 0 0 0 0 0 0 0 0 0 0 0 0 0 0 0 0 0 0 0 0 0 0 0
10 : 132 122 133 131 132 131 132 136 120 135 123 139 140 147 151 153 153 156 157 154 149 175 11 0 0 0 0 0 0 0 0 0 0 0 0 0 0 0 0 0 0 0 0 0 0 0 0 0 0 0 0
11 : 129 120 132 128 129 128 129 135 118 132 120 136 138 146 150 152 152 155 156 153 148 176 8 0 0 0 0 0 0 0 0 0 0 0 0 0 0 0 0 0 0 0 0 0 0 0 0 0 0 0 0
12 : 129 119 131 127 129 128 129 134 118 132 121 136 138 145 149 152 151 154 155 152 147 177 7 0 0 0 0 0 0 0 0 0 0 0 0 0 0 0 0 0 0 0 0 0 0 0 0 0 0 0 0
13 : 130 120 132 129 131 129 130 136 119 133 121 138 138 146 150 152 152 155 156 152 149 175 6 0 0 0 0 0 0 0 0 0 0 0 0 0 0 0 0 0 0 0 0 0 0 0 0 0 0 0 0
14 : 128 119 131 127 129 128 129 134 117 132 120 137 137 145 149 151 151 154 155 152 147 172 6 0 0 0 0 0 0 0 0 0 0 0 0 0 0 0 0 0 0 0 0 0 0 0 0 0 0 0 0
15 : 131 121 133 130 131 130 131 136 120 134 123 138 139 147 150 153 153 157 157 154 148 173 6 0 0 0 0 0 0 0 0 0 0 0 0 0 0 0 0 0 0 0 0 0 0 0 0 0 0 0 0
16 : 129 120 132 128 130 128 130 134 118 133 121 136 138 146 149 151 152 154 155 152 147 172 6 0 0 0 0 0 0 0 0 0 0 0 0 0 0 0 0 0 0 0 0 0 0 0 0 0 0 0 0
17 : 129 121 133 129 131 130 130 136 119 134 122 138 140 146 151 153 153 156 156 153 148 174 6 0 0 0 0 0 0 0 0 0 0 0 0 0 0 0 0 0 0 0 0 0 0 0 0 0 0 0 0
18 : 129 121 133 129 130 129 131 135 119 134 121 138 139 147 150 153 153 156 157 153 148 173 5 0 0 0 0 0 0 0 0 0 0 0 0 0 0 0 0 0 0 0 0 0 0 0 0 0 0 0 0
19 : 128 119 131 128 129 127 129 134 117 132 120 137 137 145 149 151 151 154 155 151 147 171 5 0 0 0 0 0 0 0 0 0 0 0 0 0 0 0 0 0 0 0 0 0 0 0 0 0 0 0 0
20 : 132 123 134 131 132 131 132 137 120 135 123 139 141 148 152 154 154 156 158 154 150 173 4 0 0 0 0 0 0 0 0 0 0 0 0 0 0 0 0 0 0 0 0 0 0 0 0 0 0 0 0
21 : 130 120 132 129 130 129 130 135 119 133 121 137 139 146 149 152 152 156 156 153 148 173 3 0 0 0 0 0 0 0 0 0 0 0 0 0 0 0 0 0 0 0 0 0 0 0 0 0 0 0 0
22 : 129 121 132 129 130 129 131 135 119 133 121 137 139 146 149 152 152 156 156 153 148 173 3 0 0 0 0 0 0 0 0 0 0 0 0 0 0 0 0 0 0 0 0 0 0 0 0 0 0 0 0
23 : 130 121 133 130 131 129 130 136 119 133 121 138 139 146 150 152 152 156 156 153 148 172 3 0 0 0 0 0 0 0 0 0 0 0 0 0 0 0 0 0 0 0 0 0 0 0 0 0 0 0 0
24 : 129 120 132 129 129 128 128 134 117 133 120 136 137 146 149 151 151 155 155 152 147 171 3 0 0 0 0 0 0 0 0 0 0 0 0 0 0 0 0 0 0 0 0 0 0 0 0 0 0 0 0
25 : 132 122 134 131 133 131 132 137 120 135 123 139 140 147 152 154 154 157 158 154 149 173 3 0 0 0 0 0 0 0 0 0 0 0 0 0 0 0 0 0 0 0 0 0 0 0 0 0 0 0 0
26 : 130 120 132 129 131 128 130 135 118 132 120 137 138 146 149 152 151 154 156 153 148 172 3 0 0 0 0 0 0 0 0 0 0 0 0 0 0 0 0 0 0 0 0 0 0 0 0 0 0 0 0
27 : 130 120 132 129 130 128 130 135 118 133 121 137 137 146 149 152 152 155 156 153 147 172 3 0 0 0 0 0 0 0 0 0 0 0 0 0 0 0 0 0 0 0 0 0 0 0 0 0 0 0 0
28 : 130 120 132 128 131 129 130 135 118 133 121 137 138 146 149 152 152 155 156 153 147 172 3 0 0 0 0 0 0 0 0 0 0 0 0 0 0 0 0 0 0 0 0 0 0 0 0 0 0 0 0
29 : 128 119 131 128 129 127 129 133 117 132 120 136 137 145 148 150 152 154 155 152 147 172 3 0 0 0 0 0 0 0 0 0 0 0 0 0 0 0 0 0 0 0 0 0 0 0 0 0 0 0 0
30 : 131 122 133 130 131 131 132 136 120 134 122 138 140 147 150 152 153 156 157 153 149 174 3 0 0 0 0 0 0 0 0 0 0 0 0 0 0 0 0 0 0 0 0 0 0 0 0 0 0 0 0
31 : 129 120 132 129 130 129 129 135 118 133 121 137 138 146 149 152 152 155 156 153 148 175 3 0 0 0 0 0 0 0 0 0 0 0 0 0 0 0 0 0 0 0 0 0 0 0 0 0 0 0 0
32 : 129 120 131 128 130 128 129 134 118 133 120 137 138 145 149 152 152 155 156 152 148 175 4 0 0 0 0 0 0 0 0 0 0 0 0 0 0 0 0 0 0 0 0 0 0 0 0 0 0 0 0
33 : 130 120 132 129 130 129 130 135 118 133 122 138 140 147 150 152 152 155 156 153 149 175 4 0 0 0 0 0 0 0 0 0 0 0 0 0 0 0 0 0 0 0 0 0 0 0 0 0 0 0 0
34 : 129 120 132 128 130 128 129 135 118 133 120 136 138 146 149 151 151 154 155 152 147 174 4 0 0 0 0 0 0 0 0 0 0 0 0 0 0 0 0 0 0 0 0 0 0 0 0 0 0 0 0
35 : 130 122 134 131 132 130 131 137 120 135 122 138 140 147 151 154 154 157 158 154 149 175 3 0 0 0 0 0 0 0 0 0 0 0 0 0 0 0 0 0 0 0 0 0 0 0 0 0 0 0 0
36 : 130 120 132 129 130 129 129 135 118 133 120 137 138 145 149 152 152 155 156 153 148 172 3 0 0 0 0 0 0 0 0 0 0 0 0 0 0 0 0 0 0 0 0 0 0 0 0 0 0 0 0
37 : 129 121 134 130 130 129 130 137 119 133 121 138 139 146 150 152 153 156 157 153 148 172 3 0 0 0 0 0 0 0 0 0 0 0 0 0 0 0 0 0 0 0 0 0 0 0 0 0 0 0 0
38 : 130 121 133 129 131 129 130 136 119 133 122 138 139 146 150 153 153 155 156 153 147 172 3 0 0 0 0 0 0 0 0 0 0 0 0 0 0 0 0 0 0 0 0 0 0 0 0 0 0 0 0
39 : 129 120 132 128 128 128 129 134 117 132 119 136 138 145 149 151 151 154 155 152 146 171 3 0 0 0 0 0 0 0 0 0 0 0 0 0 0 0 0 0 0 0 0 0 0 0 0 0 0 0 0
40 : 132 122 134 131 132 130 132 137 120 134 123 138 140 147 151 153 153 157 157 154 149 173 3 0 0 0 0 0 0 0 0 0 0 0 0 0 0 0 0 0 0 0 0 0 0 0 0 0 0 0 0
41 : 129 120 132 128 130 129 130 135 118 133 120 137 138 145 149 151 152 155 155 152 147 172 3 0 0 0 0 0 0 0 0 0 0 0 0 0 0 0 0 0 0 0 0 0 0 0 0 0 0 0 0
42 : 130 121 133 130 131 129 130 136 118 133 121 137 139 146 150 152 153 155 156 152 147 173 3 0 0 0 0 0 0 0 0 0 0 0 0 0 0 0 0 0 0 0 0 0 0 0 0 0 0 0 0
43 : 130 121 133 129 131 130 130 136 119 134 121 138 139 146 150 153 153 156 157 153 149 174 3 0 0 0 0 0 0 0 0 0 0 0 0 0 0 0 0 0 0 0 0 0 0 0 0 0 0 0 0
44 : 129 119 131 128 130 128 129 134 117 132 120 136 138 145 149 151 151 154 155 152 146 171 3 0 0 0 0 0 0 0 0 0 0 0 0 0 0 0 0 0 0 0 0 0 0 0 0 0 0 0 0
45 : 131 123 134 130 132 130 132 136 120 135 123 139 140 147 151 154 154 157 157 154 148 173 3 0 0 0 0 0 0 0 0 0 0 0 0 0 0 0 0 0 0 0 0 0 0 0 0 0 0 0 0
46 : 129 120 132 128 131 128 130 135 118 133 121 137 139 146 150 151 152 155 156 152 147 174 3 0 0 0 0 0 0 0 0 0 0 0 0 0 0 0 0 0 0 0 0 0 0 0 0 0 0 0 0
47 : 131 121 133 129 131 130 130 136 119 134 121 138 139 146 150 153 153 155 156 154 148 175 8 0 0 0 0 0 0 0 0 0 0 0 0 0 0 0 0 0 0 0 0 0 0 0 0 0 0 0 0
48 : 131 121 133 130 131 130 131 136 119 133 122 137 139 146 150 152 153 156 157 153 149 168 21 0 0 0 0 0 0 0 0 0 0 0 0 0 0 0 0 0 0 0 0 0 0 0 0 0 0 0 0
49 : 128 119 131 128 129 128 128 134 118 132 120 137 137 144 149 151 151 154 155 152 148 168 36 0 0 0 0 0 0 0 0 0 0 0 0 0 0 0 0 0 0 0 0 0 0 0 0 0 0 0 0
50 : 132 123 134 131 132 131 132 138 121 135 123 139 141 148 152 154 154 157 158 154 150 171 40 0 0 0 0 0 0 0 0 0 0 0 0 0 0 0 0 0 0 0 0 0 0 0 0 0 0 0 0
51 : 129 120 132 128 129 128 130 134 118 132 120 136 138 145 149 151 152 155 155 152 147 170 30 0 0 0 0 0 0 0 0 0 0 0 0 0 0 0 0 0 0 0 0 0 0 0 0 0 0 0 0
52 : 129 120 132 129 130 129 130 135 118 132 120 136 138 145 149 152 152 155 156 152 148 169 24 0 0 0 0 0 0 0 0 0 0 0 0 0 0 0 0 0 0 0 0 0 0 0 0 0 0 0 0
53 : 130 121 133 129 131 130 131 136 119 133 121 138 139 146 149 152 152 155 157 153 148 170 22 0 0 0 0 0 0 0 0 0 0 0 0 0 0 0 0 0 0 0 0 0 0 0 0 0 0 0 0
54 : 129 119 131 128 129 128 129 134 117 132 120 136 138 145 149 151 151 155 155 152 147 168 19 0 0 0 0 0 0 0 0 0 0 0 0 0 0 0 0 0 0 0 0 0 0 0 0 0 0 0 0
55 : 132 123 134 131 132 131 132 137 120 135 123 139 141 148 151 154 153 157 158 155 150 173 9 0 0 0 0 0 0 0 0 0 0 0 0 0 0 0 0 0 0 0 0 0 0 0 0 0 0 0 0
56 : 130 120 133 129 130 128 129 134 118 132 120 137 138 145 149 152 152 155 156 153 147 173 4 0 0 0 0 0 0 0 0 0 0 0 0 0 0 0 0 0 0 0 0 0 0 0 0 0 0 0 0
57 : 129 120 132 128 129 129 130 134 118 133 121 137 138 145 149 152 151 154 155 152 147 173 4 0 0 0 0 0 0 0 0 0 0 0 0 0 0 0 0 0 0 0 0 0 0 0 0 0 0 0 0
58 : 130 120 133 129 131 129 131 136 119 133 121 138 139 146 150 152 153 156 157 154 148 173 4 0 0 0 0 0 0 0 0 0 0 0 0 0 0 0 0 0 0 0 0 0 0 0 0 0 0 0 0
59 : 129 119 131 128 130 128 129 134 118 132 120 136 138 145 149 151 152 155 156 152 147 173 4 0 0 0 0 0 0 0 0 0 0 0 0 0 0 0 0 0 0 0 0 0 0 0 0 0 0 0 0
60 : 132 122 134 130 131 130 131 136 119 134 122 139 140 147 151 153 153 157 157 154 148 175 4 0 0 0 0 0 0 0 0 0 0 0 0 0 0 0 0 0 0 0 0 0 0 0 0 0 0 0 0
61 : 130 121 133 129 131 129 130 135 118 133 120 137 138 146 151 153 152 155 156 153 148 174 4 0 0 0 0 0 0 0 0 0 0 0 0 0 0 0 0 0 0 0 0 0 0 0 0 0 0 0 0
62 : 129 120 132 128 130 129 129 135 119 133 121 137 139 145 149 152 151 155 156 153 147 172 4 0 0 0 0 0 0 0 0 0 0 0 0 0 0 0 0 0 0 0 0 0 0 0 0 0 0 0 0
63 : 130 120 132 129 130 129 129 135 118 133 121 137 139 146 150 153 152 155 156 153 147 172 3 0 0 0 0 0 0 0 0 0 0 0 0 0 0 0 0 0 0 0 0 0 0 0 0 0 0 0 0
64 : 129 120 132 128 129 128 129 134 118 132 120 137 138 145 149 151 151 154 156 152 148 172 3 0 0 0 0 0 0 0 0 0 0 0 0 0 0 0 0 0 0 0 0 0 0 0 0 0 0 0 0
65 : 131 122 134 130 132 130 131 136 121 134 122 139 140 147 151 153 153 156 157 154 149 173 3 0 0 0 0 0 0 0 0 0 0 0 0 0 0 0 0 0 0 0 0 0 0 0 0 0 0 0 0
66 : 130 120 132 128 130 129 129 135 118 132 120 137 139 146 150 152 152 155 156 153 148 172 3 0 0 0 0 0 0 0 0 0 0 0 0 0 0 0 0 0 0 0 0 0 0 0 0 0 0 0 0
67 : 130 120 131 128 129 128 129 134 118 132 119 137 138 145 149 151 152 154 156 152 148 171 3 0 0 0 0 0 0 0 0 0 0 0 0 0 0 0 0 0 0 0 0 0 0 0 0 0 0 0 0
68 : 131 121 133 129 131 129 131 136 120 134 121 138 139 147 150 153 152 155 157 154 149 173 3 0 0 0 0 0 0 0 0 0 0 0 0 0 0 0 0 0 0 0 0 0 0 0 0 0 0 0 0
69 : 129 120 132 128 129 128 129 135 117 132 120 136 138 145 149 151 151 154 155 152 148 171 3 0 0 0 0 0 0 0 0 0 0 0 0 0 0 0 0 0 0 0 0 0 0 0 0 0 0 0 0
70 : 132 123 134 131 132 131 132 137 120 135 123 139 140 147 151 154 154 157 158 155 150 173 3 0 0 0 0 0 0 0 0 0 0 0 0 0 0 0 0 0 0 0 0 0 0 0 0 0 0 0 0
71 : 129 120 132 129 130 129 129 135 118 133 119 137 139 146 150 152 152 155 156 153 148 172 3 0 0 0 0 0 0 0 0 0 0 0 0 0 0 0 0 0 0 0 0 0 0 0 0 0 0 0 0
72 : 130 120 132 129 130 129 129 135 118 133 120 137 138 145 149 152 152 155 156 153 147 171 3 0 0 0 0 0 0 0 0 0 0 0 0 0 0 0 0 0 0 0 0 0 0 0 0 0 0 0 0
73 : 130 122 133 129 131 130 130 137 120 134 121 139 140 147 150 153 153 156 157 154 149 172 3 0 0 0 0 0 0 0 0 0 0 0 0 0 0 0 0 0 0 0 0 0 0 0 0 0 0 0 0
74 : 129 120 132 128 130 128 129 135 117 132 119 137 138 146 149 152 151 155 155 153 148 170 3 0 0 0 0 0 0 0 0 0 0 0 0 0 0 0 0 0 0 0 0 0 0 0 0 0 0 0 0
75 : 132 122 134 130 131 131 131 137 120 134 121 139 140 147 151 153 153 156 157 154 149 170 3 0 0 0 0 0 0 0 0 0 0 0 0 0 0 0 0 0 0 0 0 0 0 0 0 0 0 0 0
76 : 131 120 132 129 130 129 130 135 119 133 120 138 139 146 150 153 152 156 156 153 149 172 3 0 0 0 0 0 0 0 0 0 0 0 0 0 0 0 0 0 0 0 0 0 0 0 0 0 0 0 0
77 : 130 121 133 128 130 129 130 135 118 133 120 137 139 146 150 152 152 155 156 153 148 175 4 0 0 0 0 0 0 0 0 0 0 0 0 0 0 0 0 0 0 0 0 0 0 0 0 0 0 0 0
78 : 130 120 132 129 130 128 129 135 118 132 120 137 139 146 150 152 152 155 156 153 148 172 8 0 0 0 0 0 0 0 0 0 0 0 0 0 0 0 0 0 0 0 0 0 0 0 0 0 0 0 0
79 : 130 120 132 128 129 128 129 134 118 132 119 137 138 145 149 152 151 154 156 153 148 168 14 0 0 0 0 0 0 0 0 0 0 0 0 0 0 0 0 0 0 0 0 0 0 0 0 0 0 0 0
80 : 132 123 135 131 133 132 133 137 120 135 122 139 141 148 152 154 153 157 158 155 151 166 21 0 0 0 0 0 0 0 0 0 0 0 0 0 0 0 0 0 0 0 0 0 0 0 0 0 0 0 0
81 : 130 120 132 128 130 129 130 134 117 132 120 137 138 145 149 152 151 154 155 152 148 163 25 0 0 0 0 0 0 0 0 0 0 0 0 0 0 0 0 0 0 0 0 0 0 0 0 0 0 0 0
82 : 130 120 132 129 130 128 129 135 118 133 120 137 139 146 150 152 151 155 156 153 148 164 26 0 0 0 0 0 0 0 0 0 0 0 0 0 0 0 0 0 0 0 0 0 0 0 0 0 0 0 0
83 : 131 122 134 130 131 130 131 137 119 134 122 138 140 146 150 153 153 156 157 154 149 165 22 0 0 0 0 0 0 0 0 0 0 0 0 0 0 0 0 0 0 0 0 0 0 0 0 0 0 0 0
84 : 129 120 131 129 130 128 129 134 118 132 119 137 138 145 149 152 151 155 155 153 148 170 13 0 0 0 0 0 0 0 0 0 0 0 0 0 0 0 0 0 0 0 0 0 0 0 0 0 0 0 0
85 : 132 123 135 130 133 132 133 137 121 135 123 140 142 148 152 154 154 157 158 155 150 179 4 0 0 0 0 0 0 0 0 0 0 0 0 0 0 0 0 0 0 0 0 0 0 0 0 0 0 0 0
86 : 130 121 133 128 131 129 130 136 118 132 120 138 139 146 150 152 152 155 157 153 149 173 2 0 0 0 0 0 0 0 0 0 0 0 0 0 0 0 0 0 0 0 0 0 0 0 0 0 0 0 0
87 : 130 120 132 129 130 129 130 135 118 132 120 138 139 146 150 152 151 155 156 153 148 168 2 0 0 0 0 0 0 0 0 0 0 0 0 0 0 0 0 0 0 0 0 0 0 0 0 0 0 0 0
88 : 131 121 133 129 131 130 130 135 119 133 120 139 140 147 150 153 152 155 156 154 149 169 2 0 0 0 0 0 0 0 0 0 0 0 0 0 0 0 0 0 0 0 0 0 0 0 0 0 0 0 0
89 : 130 120 132 128 130 128 130 135 117 132 119 137 139 146 149 152 152 155 155 152 147 167 2 0 0 0 0 0 0 0 0 0 0 0 0 0 0 0 0 0 0 0 0 0 0 0 0 0 0 0 0
90 : 132 122 134 131 132 131 132 137 120 134 122 139 140 147 151 153 153 156 157 154 149 168 2 0 0 0 0 0 0 0 0 0 0 0 0 0 0 0 0 0 0 0 0 0 0 0 0 0 0 0 0
91 : 130 120 132 129 130 129 130 136 118 133 120 138 139 147 149 152 152 155 156 153 148 169 2 0 0 0 0 0 0 0 0 0 0 0 0 0 0 0 0 0 0 0 0 0 0 0 0 0 0 0 0
92 : 131 121 132 129 131 130 131 137 119 134 121 137 139 147 151 152 153 155 157 155 150 172 2 0 0 0 0 0 0 0 0 0 0 0 0 0 0 0 0 0 0 0 0 0 0 0 0 0 0 0 0
93 : 131 121 133 130 132 130 130 135 118 134 121 138 139 146 150 153 153 155 157 153 149 173 3 0 0 0 0 0 0 0 0 0 0 0 0 0 0 0 0 0 0 0 0 0 0 0 0 0 0 0 0
94 : 130 120 132 129 131 128 129 135 118 132 120 137 138 146 149 152 151 155 156 153 149 170 3 0 0 0 0 0 0 0 0 0 0 0 0 0 0 0 0 0 0 0 0 0 0 0 0 0 0 0 0
95 : 132 122 134 130 132 131 132 136 120 134 122 139 141 147 151 153 153 156 157 154 149 170 2 0 0 0 0 0 0 0 0 0 0 0 0 0 0 0 0 0 0 0 0 0 0 0 0 0 0 0 0
96 : 130 120 132 129 130 129 130 135 118 132 120 138 138 146 150 152 152 155 156 153 148 169 2 0 0 0 0 0 0 0 0 0 0 0 0 0 0 0 0 0 0 0 0 0 0 0 0 0 0 0 0
97 : 130 121 133 129 130 129 130 135 119 132 120 137 140 146 150 152 152 155 156 153 148 169 2 0 0 0 0 0 0 0 0 0 0 0 0 0 0 0 0 0 0 0 0 0 0 0 0 0 0 0 0
98 : 131 122 133 130 131 130 130 136 119 133 121 138 140 147 150 153 152 155 157 154 149 169 2 0 0 0 0 0 0 0 0 0 0 0 0 0 0 0 0 0 0 0 0 0 0 0 0 0 0 0 0
99 : 129 119 131 128 129 129 129 134 118 132 120 137 139 146 149 152 152 155 155 153 148 171 5 0 0 0 0 0 0 0 0 0 0 0 0 0 0 0 0 0 0 0 0 0 0 0 0 0 0 0 0
100 : 133 123 135 131 132 130 132 137 120 134 122 140 141 148 152 154 154 157 158 155 151 166 21 0 0 0 0 0 0 0 0 0 0 0 0 0 0 0 0 0 0 0 0 0 0 0 0 0 0 0 0
101 : 130 121 132 128 130 129 130 134 118 132 120 138 138 146 149 151 151 155 156 153 148 164 26 0 0 0 0 0 0 0 0 0 0 0 0 0 0 0 0 0 0 0 0 0 0 0 0 0 0 0 0
