Brightness in each height
Heights/D : 39.2105 38.4316 37.6526 36.8737 36.0947 35.3158 34.5368 33.7579 32.9789 32.2 31.4211 30.6421 29.8632 29.0842 28.3053 27.5263 26.7474 25.9684 25.1895 24.4105 23.6316 22.8526 22.0737 21.2947 20.5158 19.7368 18.9579 18.1789 17.4 16.6211 15.8421 15.0632 14.2842 13.5053 12.7263 11.9474 11.1684 10.3895 9.61053 8.83158 8.05263 7.27368 6.49474 5.71579 4.93684 4.15789 3.37895 2.6 1.82105 1.04211 0.263158
1 : 180 171 174 168 169 175 179 180 182 180 185 184 187 187 192 189 188 190 191 194 162 78 5 0 0 0 0 0 0 0 0 0 0 0 0 0 0 0 0 0 0 0 0 0 0 0 0 0 0 0 0
2 : 181 172 175 169 169 175 179 180 182 180 185 184 187 186 192 190 189 190 191 194 164 80 6 0 0 0 0 0 0 0 0 0 0 0 0 0 0 0 0 0 0 0 0 0 0 0 0 0 0 0 0
3 : 180 171 174 169 169 174 179 179 182 180 184 183 187 186 192 189 188 190 191 193 163 79 6 0 0 0 0 0 0 0 0 0 0 0 0 0 0 0 0 0 0 0 0 0 0 0 0 0 0 0 0
4 : 183 173 175 171 170 177 181 182 184 182 187 185 188 188 193 191 190 192 193 195 165 80 6 0 0 0 0 0 0 0 0 0 0 0 0 0 0 0 0 0 0 0 0 0 0 0 0 0 0 0 0
5 : 182 172 175 170 170 176 180 181 183 181 186 185 188 187 193 191 190 191 192 194 164 80 6 0 0 0 0 0 0 0 0 0 0 0 0 0 0 0 0 0 0 0 0 0 0 0 0 0 0 0 0
6 : 180 171 173 168 168 174 178 180 181 180 184 183 186 185 191 189 188 189 190 193 163 79 6 0 0 0 0 0 0 0 0 0 0 0 0 0 0 0 0 0 0 0 0 0 0 0 0 0 0 0 0
7 : 182 173 176 171 171 176 180 181 184 181 186 185 189 187 193 191 190 192 193 195 165 80 6 0 0 0 0 0 0 0 0 0 0 0 0 0 0 0 0 0 0 0 0 0 0 0 0 0 0 0 0
8 : 181 171 174 169 169 175 178 180 182 180 186 184 187 186 192 190 188 190 191 193 163 79 6 0 0 0 0 0 0 0 0 0 0 0 0 0 0 0 0 0 0 0 0 0 0 0 0 0 0 0 0
9 : 183 174 177 172 172 178 181 183 184 182 187 186 189 188 194 192 191 192 193 195 166 81 6 0 0 0 0 0 0 0 0 0 0 0 0 0 0 0 0 0 0 0 0 0 0 0 0 0 0 0 0
10 : 181 172 175 169 170 175 179 181 183 180 185 184 188 187 193 190 189 190 192 194 164 80 6 0 0 0 0 0 0 0 0 0 0 0 0 0 0 0 0 0 0 0 0 0 0 0 0 0 0 0 0
11 : 180 171 174 168 168 174 179 180 182 180 184 183 186 186 191 189 188 190 190 192 163 79 6 0 0 0 0 0 0 0 0 0 0 0 0 0 0 0 0 0 0 0 0 0 0 0 0 0 0 0 0
12 : 181 172 175 170 170 176 179 181 182 180 186 184 187 186 192 190 190 191 191 193 164 80 6 0 0 0 0 0 0 0 0 0 0 0 0 0 0 0 0 0 0 0 0 0 0 0 0 0 0 0 0
13 : 181 171 174 169 169 175 179 180 182 180 184 184 187 186 192 189 188 190 191 193 164 80 6 0 0 0 0 0 0 0 0 0 0 0 0 0 0 0 0 0 0 0 0 0 0 0 0 0 0 0 0
14 : 183 174 176 170 171 177 181 181 184 182 187 186 189 188 194 191 191 192 192 194 165 81 6 0 0 0 0 0 0 0 0 0 0 0 0 0 0 0 0 0 0 0 0 0 0 0 0 0 0 0 0
15 : 181 172 174 170 170 175 179 181 183 181 186 184 187 187 192 190 189 191 192 194 164 80 6 0 0 0 0 0 0 0 0 0 0 0 0 0 0 0 0 0 0 0 0 0 0 0 0 0 0 0 0
16 : 181 172 175 169 170 175 180 181 183 181 186 184 188 186 193 190 190 191 192 194 164 79 6 0 0 0 0 0 0 0 0 0 0 0 0 0 0 0 0 0 0 0 0 0 0 0 0 0 0 0 0
17 : 181 172 175 170 170 176 179 181 182 181 186 185 188 187 192 190 190 191 191 193 164 80 6 0 0 0 0 0 0 0 0 0 0 0 0 0 0 0 0 0 0 0 0 0 0 0 0 0 0 0 0
18 : 181 171 174 169 169 175 179 180 181 180 185 184 187 186 192 189 188 190 190 192 163 79 6 0 0 0 0 0 0 0 0 0 0 0 0 0 0 0 0 0 0 0 0 0 0 0 0 0 0 0 0
19 : 182 174 176 171 172 178 182 183 184 182 187 185 190 188 194 192 191 192 193 195 166 81 6 0 0 0 0 0 0 0 0 0 0 0 0 0 0 0 0 0 0 0 0 0 0 0 0 0 0 0 0
20 : 182 172 175 170 170 176 179 181 183 181 185 185 188 186 192 190 190 191 192 193 164 80 6 0 0 0 0 0 0 0 0 0 0 0 0 0 0 0 0 0 0 0 0 0 0 0 0 0 0 0 0
21 : 181 172 175 170 170 175 180 181 183 180 186 184 188 187 192 190 189 191 191 194 164 80 6 0 0 0 0 0 0 0 0 0 0 0 0 0 0 0 0 0 0 0 0 0 0 0 0 0 0 0 0
22 : 182 172 175 169 170 175 180 181 182 181 186 184 188 187 192 190 189 191 192 193 165 80 6 0 0 0 0 0 0 0 0 0 0 0 0 0 0 0 0 0 0 0 0 0 0 0 0 0 0 0 0
23 : 181 172 174 169 169 175 179 180 182 180 185 184 187 186 191 190 188 190 191 193 164 80 6 0 0 0 0 0 0 0 0 0 0 0 0 0 0 0 0 0 0 0 0 0 0 0 0 0 0 0 0
24 : 182 174 176 172 172 178 181 183 184 182 187 186 189 188 194 191 191 192 193 195 166 81 6 0 0 0 0 0 0 0 0 0 0 0 0 0 0 0 0 0 0 0 0 0 0 0 0 0 0 0 0
25 : 181 172 175 169 170 175 179 181 182 181 185 183 187 186 192 190 189 190 192 192 164 80 6 0 0 0 0 0 0 0 0 0 0 0 0 0 0 0 0 0 0 0 0 0 0 0 0 0 0 0 0
26 : 181 172 175 169 170 175 180 180 183 181 186 184 188 187 193 190 189 191 192 193 164 80 6 0 0 0 0 0 0 0 0 0 0 0 0 0 0 0 0 0 0 0 0 0 0 0 0 0 0 0 0
27 : 181 173 175 170 170 176 180 181 183 181 185 185 188 187 193 190 189 191 192 193 165 80 6 0 0 0 0 0 0 0 0 0 0 0 0 0 0 0 0 0 0 0 0 0 0 0 0 0 0 0 0
28 : 180 172 174 169 169 175 179 180 182 180 185 184 187 186 192 190 189 190 191 192 164 79 6 0 0 0 0 0 0 0 0 0 0 0 0 0 0 0 0 0 0 0 0 0 0 0 0 0 0 0 0
29 : 183 174 177 171 172 178 181 182 184 183 187 186 189 188 194 192 191 193 194 195 167 81 6 0 0 0 0 0 0 0 0 0 0 0 0 0 0 0 0 0 0 0 0 0 0 0 0 0 0 0 0
30 : 182 171 175 170 170 176 180 181 183 181 186 185 188 187 193 191 189 191 193 194 166 80 6 0 0 0 0 0 0 0 0 0 0 0 0 0 0 0 0 0 0 0 0 0 0 0 0 0 0 0 0
31 : 180 170 174 169 168 174 179 180 182 180 185 183 187 186 192 189 189 190 192 193 166 80 6 0 0 0 0 0 0 0 0 0 0 0 0 0 0 0 0 0 0 0 0 0 0 0 0 0 0 0 0
32 : 182 171 176 170 170 176 180 181 183 181 186 184 187 187 193 190 190 191 193 193 168 80 6 0 0 0 0 0 0 0 0 0 0 0 0 0 0 0 0 0 0 0 0 0 0 0 0 0 0 0 0
33 : 181 170 175 168 169 174 178 180 182 180 185 183 187 186 191 189 188 190 191 192 172 80 6 0 0 0 0 0 0 0 0 0 0 0 0 0 0 0 0 0 0 0 0 0 0 0 0 0 0 0 0
34 : 181 171 176 170 170 176 180 181 183 181 186 184 188 187 193 190 189 191 193 193 178 81 6 0 0 0 0 0 0 0 0 0 0 0 0 0 0 0 0 0 0 0 0 0 0 0 0 0 0 0 0
35 : 181 172 175 169 170 176 179 181 183 181 185 184 187 186 193 190 190 190 193 192 175 80 6 0 0 0 0 0 0 0 0 0 0 0 0 0 0 0 0 0 0 0 0 0 0 0 0 0 0 0 0
36 : 180 171 175 169 169 174 179 180 182 180 185 183 186 186 192 190 188 190 192 191 172 80 6 0 0 0 0 0 0 0 0 0 0 0 0 0 0 0 0 0 0 0 0 0 0 0 0 0 0 0 0
37 : 181 172 176 171 170 176 180 181 183 181 186 184 187 187 193 190 189 190 193 191 171 81 6 0 0 0 0 0 0 0 0 0 0 0 0 0 0 0 0 0 0 0 0 0 0 0 0 0 0 0 0
38 : 180 171 174 169 168 175 179 180 182 180 185 183 187 186 192 189 189 190 192 191 170 80 6 0 0 0 0 0 0 0 0 0 0 0 0 0 0 0 0 0 0 0 0 0 0 0 0 0 0 0 0
39 : 181 171 176 170 169 176 180 181 183 181 186 184 188 187 193 190 189 191 193 192 169 82 6 0 0 0 0 0 0 0 0 0 0 0 0 0 0 0 0 0 0 0 0 0 0 0 0 0 0 0 0
40 : 182 171 176 170 170 176 179 181 183 181 186 184 188 187 193 190 190 191 193 192 165 81 6 0 0 0 0 0 0 0 0 0 0 0 0 0 0 0 0 0 0 0 0 0 0 0 0 0 0 0 0
41 : 181 169 175 169 168 175 179 180 181 180 185 183 187 185 191 189 189 190 191 191 166 80 6 0 0 0 0 0 0 0 0 0 0 0 0 0 0 0 0 0 0 0 0 0 0 0 0 0 0 0 0
42 : 181 170 176 170 169 176 180 180 183 180 185 184 188 187 193 190 189 191 192 191 168 81 6 0 0 0 0 0 0 0 0 0 0 0 0 0 0 0 0 0 0 0 0 0 0 0 0 0 0 0 0
43 : 181 170 176 170 169 176 180 180 182 181 185 183 187 186 193 189 189 190 192 191 168 80 6 0 0 0 0 0 0 0 0 0 0 0 0 0 0 0 0 0 0 0 0 0 0 0 0 0 0 0 0
44 : 182 171 177 172 171 177 180 182 184 182 186 185 189 188 194 191 190 192 194 193 172 81 6 0 0 0 0 0 0 0 0 0 0 0 0 0 0 0 0 0 0 0 0 0 0 0 0 0 0 0 0
45 : 182 171 177 170 170 176 180 181 183 181 186 184 188 187 193 190 190 191 193 192 173 81 6 0 0 0 0 0 0 0 0 0 0 0 0 0 0 0 0 0 0 0 0 0 0 0 0 0 0 0 0
46 : 180 169 174 169 168 174 179 180 182 179 184 183 187 185 192 189 188 190 191 190 170 80 6 0 0 0 0 0 0 0 0 0 0 0 0 0 0 0 0 0 0 0 0 0 0 0 0 0 0 0 0
47 : 182 171 176 170 170 176 180 181 183 181 186 184 188 187 193 190 189 191 193 192 172 81 6 0 0 0 0 0 0 0 0 0 0 0 0 0 0 0 0 0 0 0 0 0 0 0 0 0 0 0 0
48 : 181 169 175 170 169 175 179 180 182 181 185 184 187 186 193 190 189 191 192 192 172 80 6 0 0 0 0 0 0 0 0 0 0 0 0 0 0 0 0 0 0 0 0 0 0 0 0 0 0 0 0
49 : 182 171 177 171 170 176 180 181 183 181 186 186 188 188 194 191 190 191 193 192 175 81 6 0 0 0 0 0 0 0 0 0 0 0 0 0 0 0 0 0 0 0 0 0 0 0 0 0 0 0 0
50 : 180 169 174 169 168 175 179 180 182 180 185 183 187 186 192 189 188 190 192 190 171 81 6 0 0 0 0 0 0 0 0 0 0 0 0 0 0 0 0 0 0 0 0 0 0 0 0 0 0 0 0
51 : 180 169 174 169 167 175 178 180 181 179 184 183 186 185 191 189 189 190 192 190 170 81 6 0 0 0 0 0 0 0 0 0 0 0 0 0 0 0 0 0 0 0 0 0 0 0 0 0 0 0 0
52 : 182 170 176 171 170 176 180 181 183 181 186 184 187 187 193 190 190 191 193 192 170 82 6 0 0 0 0 0 0 0 0 0 0 0 0 0 0 0 0 0 0 0 0 0 0 0 0 0 0 0 0
53 : 180 170 175 170 169 175 179 180 182 180 185 183 187 186 192 189 189 190 192 191 170 81 6 0 0 0 0 0 0 0 0 0 0 0 0 0 0 0 0 0 0 0 0 0 0 0 0 0 0 0 0
54 : 182 171 176 172 171 177 180 182 183 181 187 185 188 188 194 191 190 191 193 192 172 82 6 0 0 0 0 0 0 0 0 0 0 0 0 0 0 0 0 0 0 0 0 0 0 0 0 0 0 0 0
55 : 180 169 175 170 169 175 179 180 181 180 184 184 187 186 192 189 189 190 192 191 171 82 6 0 0 0 0 0 0 0 0 0 0 0 0 0 0 0 0 0 0 0 0 0 0 0 0 0 0 0 0
56 : 180 169 174 169 169 175 178 180 181 180 184 183 186 186 191 189 188 189 191 190 170 81 6 0 0 0 0 0 0 0 0 0 0 0 0 0 0 0 0 0 0 0 0 0 0 0 0 0 0 0 0
57 : 182 171 176 171 171 176 180 181 183 181 186 184 188 187 193 190 190 191 193 192 172 83 6 0 0 0 0 0 0 0 0 0 0 0 0 0 0 0 0 0 0 0 0 0 0 0 0 0 0 0 0
58 : 180 170 175 170 169 175 179 179 182 180 185 183 187 186 192 189 188 190 192 191 170 82 6 0 0 0 0 0 0 0 0 0 0 0 0 0 0 0 0 0 0 0 0 0 0 0 0 0 0 0 0
59 : 182 171 176 171 171 176 180 181 183 181 186 185 188 187 193 190 190 191 193 192 172 82 6 0 0 0 0 0 0 0 0 0 0 0 0 0 0 0 0 0 0 0 0 0 0 0 0 0 0 0 0
60 : 180 169 175 170 169 175 179 180 182 180 185 184 186 186 192 189 188 190 191 190 171 82 6 0 0 0 0 0 0 0 0 0 0 0 0 0 0 0 0 0 0 0 0 0 0 0 0 0 0 0 0
61 : 180 169 174 170 169 174 179 180 182 179 185 183 187 185 192 189 188 189 192 190 170 82 6 0 0 0 0 0 0 0 0 0 0 0 0 0 0 0 0 0 0 0 0 0 0 0 0 0 0 0 0
62 : 181 170 176 171 171 176 180 181 183 181 186 184 188 187 192 191 189 191 193 192 172 82 6 0 0 0 0 0 0 0 0 0 0 0 0 0 0 0 0 0 0 0 0 0 0 0 0 0 0 0 0
63 : 181 170 175 170 169 175 179 181 182 180 185 184 187 186 192 190 189 191 192 191 171 82 6 0 0 0 0 0 0 0 0 0 0 0 0 0 0 0 0 0 0 0 0 0 0 0 0 0 0 0 0
64 : 182 170 176 171 171 176 179 181 183 181 186 184 188 187 193 190 189 191 192 191 173 83 6 0 0 0 0 0 0 0 0 0 0 0 0 0 0 0 0 0 0 0 0 0 0 0 0 0 0 0 0
65 : 180 170 175 170 169 175 179 180 182 181 185 183 187 186 192 190 189 190 192 189 175 82 6 0 0 0 0 0 0 0 0 0 0 0 0 0 0 0 0 0 0 0 0 0 0 0 0 0 0 0 0
66 : 181 170 176 171 170 176 180 181 183 180 186 184 187 186 193 190 189 191 193 190 181 83 6 0 0 0 0 0 0 0 0 0 0 0 0 0 0 0 0 0 0 0 0 0 0 0 0 0 0 0 0
67 : 182 171 176 171 170 176 180 181 183 181 186 184 188 187 194 190 189 191 193 189 180 83 6 0 0 0 0 0 0 0 0 0 0 0 0 0 0 0 0 0 0 0 0 0 0 0 0 0 0 0 0
68 : 181 171 175 170 170 175 179 180 183 180 185 184 187 187 193 190 189 190 192 187 178 85 6 0 0 0 0 0 0 0 0 0 0 0 0 0 0 0 0 0 0 0 0 0 0 0 0 0 0 0 0
69 : 181 170 175 170 170 176 180 180 183 181 186 184 187 186 193 190 189 190 192 187 176 89 6 0 0 0 0 0 0 0 0 0 0 0 0 0 0 0 0 0 0 0 0 0 0 0 0 0 0 0 0
70 : 181 169 175 170 170 175 179 180 182 180 185 183 188 186 192 189 189 190 192 186 177 91 6 0 0 0 0 0 0 0 0 0 0 0 0 0 0 0 0 0 0 0 0 0 0 0 0 0 0 0 0
71 : 181 170 175 172 170 176 180 180 183 181 186 184 188 186 193 190 190 192 193 186 182 90 6 0 0 0 0 0 0 0 0 0 0 0 0 0 0 0 0 0 0 0 0 0 0 0 0 0 0 0 0
72 : 182 171 176 172 171 176 180 181 183 181 186 184 187 187 193 190 190 191 193 186 178 90 6 0 0 0 0 0 0 0 0 0 0 0 0 0 0 0 0 0 0 0 0 0 0 0 0 0 0 0 0
73 : 181 169 176 170 170 175 180 180 183 180 186 184 187 186 193 189 189 191 192 185 179 90 6 0 0 0 0 0 0 0 0 0 0 0 0 0 0 0 0 0 0 0 0 0 0 0 0 0 0 0 0
74 : 182 170 175 171 170 176 179 181 182 181 186 184 188 186 192 190 189 191 193 186 177 91 6 0 0 0 0 0 0 0 0 0 0 0 0 0 0 0 0 0 0 0 0 0 0 0 0 0 0 0 0
75 : 182 170 176 171 171 175 180 181 183 182 186 185 188 188 193 191 190 192 193 186 176 92 6 0 0 0 0 0 0 0 0 0 0 0 0 0 0 0 0 0 0 0 0 0 0 0 0 0 0 0 0
76 : 181 169 175 170 169 175 178 180 181 180 185 183 187 185 192 189 188 190 192 185 175 91 6 0 0 0 0 0 0 0 0 0 0 0 0 0 0 0 0 0 0 0 0 0 0 0 0 0 0 0 0
77 : 181 170 175 171 170 176 180 181 183 181 186 184 188 187 193 190 189 191 193 185 175 91 6 0 0 0 0 0 0 0 0 0 0 0 0 0 0 0 0 0 0 0 0 0 0 0 0 0 0 0 0
78 : 181 169 175 170 170 175 179 180 182 180 185 183 187 186 192 189 189 190 191 185 174 89 6 0 0 0 0 0 0 0 0 0 0 0 0 0 0 0 0 0 0 0 0 0 0 0 0 0 0 0 0
79 : 181 170 175 170 170 175 179 180 182 181 185 183 187 186 192 189 189 190 192 185 175 91 6 0 0 0 0 0 0 0 0 0 0 0 0 0 0 0 0 0 0 0 0 0 0 0 0 0 0 0 0
80 : 181 169 174 170 169 175 179 180 182 180 184 183 187 186 192 189 189 190 192 185 175 93 6 0 0 0 0 0 0 0 0 0 0 0 0 0 0 0 0 0 0 0 0 0 0 0 0 0 0 0 0
81 : 180 168 174 170 169 175 178 179 181 180 185 183 186 185 191 189 188 190 191 185 174 94 6 0 0 0 0 0 0 0 0 0 0 0 0 0 0 0 0 0 0 0 0 0 0 0 0 0 0 0 0
82 : 182 171 176 172 171 176 180 181 183 181 186 185 188 187 193 191 190 191 193 186 176 95 6 0 0 0 0 0 0 0 0 0 0 0 0 0 0 0 0 0 0 0 0 0 0 0 0 0 0 0 0
83 : 181 169 175 171 170 175 179 181 183 180 185 184 188 186 192 190 189 191 192 185 175 91 6 0 0 0 0 0 0 0 0 0 0 0 0 0 0 0 0 0 0 0 0 0 0 0 0 0 0 0 0
84 : 181 170 175 171 171 176 179 180 182 181 185 184 187 187 192 189 189 191 192 185 175 91 6 0 0 0 0 0 0 0 0 0 0 0 0 0 0 0 0 0 0 0 0 0 0 0 0 0 0 0 0
85 : 181 169 175 171 170 175 179 180 182 180 185 183 187 186 192 190 189 190 192 185 175 92 6 0 0 0 0 0 0 0 0 0 0 0 0 0 0 0 0 0 0 0 0 0 0 0 0 0 0 0 0
86 : 180 169 174 170 169 175 179 180 182 180 184 183 187 186 191 189 188 190 192 184 174 92 6 0 0 0 0 0 0 0 0 0 0 0 0 0 0 0 0 0 0 0 0 0 0 0 0 0 0 0 0
87 : 182 171 176 172 171 176 181 181 183 181 186 185 188 187 193 190 190 192 193 186 176 92 6 0 0 0 0 0 0 0 0 0 0 0 0 0 0 0 0 0 0 0 0 0 0 0 0 0 0 0 0
88 : 181 169 175 171 170 175 180 180 182 180 186 184 187 186 192 190 189 191 192 185 174 92 6 0 0 0 0 0 0 0 0 0 0 0 0 0 0 0 0 0 0 0 0 0 0 0 0 0 0 0 0
89 : 181 170 175 171 170 176 179 181 183 181 186 184 188 186 192 190 189 191 192 186 175 92 6 0 0 0 0 0 0 0 0 0 0 0 0 0 0 0 0 0 0 0 0 0 0 0 0 0 0 0 0
90 : 181 170 175 171 170 175 179 180 182 181 185 184 187 186 192 190 189 190 192 185 175 91 6 0 0 0 0 0 0 0 0 0 0 0 0 0 0 0 0 0 0 0 0 0 0 0 0 0 0 0 0
91 : 180 169 174 170 169 174 179 180 182 180 184 183 186 185 192 189 188 190 191 185 174 91 6 0 0 0 0 0 0 0 0 0 0 0 0 0 0 0 0 0 0 0 0 0 0 0 0 0 0 0 0
92 : 181 171 176 172 172 177 180 181 183 182 186 185 188 187 194 190 190 191 194 186 176 92 6 0 0 0 0 0 0 0 0 0 0 0 0 0 0 0 0 0 0 0 0 0 0 0 0 0 0 0 0
93 : 181 170 175 171 170 175 179 180 182 180 186 184 187 186 192 190 189 191 192 185 175 92 6 0 0 0 0 0 0 0 0 0 0 0 0 0 0 0 0 0 0 0 0 0 0 0 0 0 0 0 0
94 : 181 170 175 171 171 176 180 181 183 181 186 184 188 186 193 190 190 191 193 186 175 92 6 0 0 0 0 0 0 0 0 0 0 0 0 0 0 0 0 0 0 0 0 0 0 0 0 0 0 0 0
95 : 181 169 175 171 170 176 179 180 182 180 185 184 187 186 192 189 188 190 192 185 174 92 6 0 0 0 0 0 0 0 0 0 0 0 0 0 0 0 0 0 0 0 0 0 0 0 0 0 0 0 0
96 : 180 169 174 170 169 175 179 179 181 180 184 183 186 185 191 189 188 190 191 184 174 92 6 0 0 0 0 0 0 0 0 0 0 0 0 0 0 0 0 0 0 0 0 0 0 0 0 0 0 0 0
97 : 182 171 176 171 171 177 180 181 183 182 186 185 189 187 194 191 190 192 194 186 175 93 6 0 0 0 0 0 0 0 0 0 0 0 0 0 0 0 0 0 0 0 0 0 0 0 0 0 0 0 0
98 : 180 170 175 170 170 175 179 180 182 180 185 184 187 186 192 189 188 191 192 185 175 92 6 0 0 0 0 0 0 0 0 0 0 0 0 0 0 0 0 0 0 0 0 0 0 0 0 0 0 0 0
99 : 181 170 175 171 170 176 179 181 183 181 185 184 187 186 193 190 189 191 193 185 176 92 6 0 0 0 0 0 0 0 0 0 0 0 0 0 0 0 0 0 0 0 0 0 0 0 0 0 0 0 0
100 : 180 170 175 170 170 175 179 179 181 180 185 183 187 186 192 189 189 190 192 185 174 91 6 0 0 0 0 0 0 0 0 0 0 0 0 0 0 0 0 0 0 0 0 0 0 0 0 0 0 0 0
101 : 181 169 173 170 169 174 178 179 181 180 185 183 186 185 191 188 188 190 192 185 175 92 7 0 0 0 0 0 0 0 0 0 0 0 0 0 0 0 0 0 0 0 0 0 0 0 0 0 0 0 0
