Brightness in each height
Heights/D : 37.25 36.51 35.77 35.03 34.29 33.55 32.81 32.07 31.33 30.59 29.85 29.11 28.37 27.63 26.89 26.15 25.41 24.67 23.93 23.19 22.45 21.71 20.97 20.23 19.49 18.75 18.01 17.27 16.53 15.79 15.05 14.31 13.57 12.83 12.09 11.35 10.61 9.87 9.13 8.39 7.65 6.91 6.17 5.43 4.69 3.95 3.21 2.47 1.73 0.99 0.25
1 : 199 198 190 198 197 198 201 200 192 200 200 202 199 201 169 67 0 0 0 0 0 0 0 0 0 0 0 0 0 0 0 0 0 0 0 0 0 0 0 0 0 0 0 0 0 0 0 0 0 0 0
2 : 199 198 190 197 196 197 201 199 191 199 198 200 198 201 169 67 0 0 0 0 0 0 0 0 0 0 0 0 0 0 0 0 0 0 0 0 0 0 0 0 0 0 0 0 0 0 0 0 0 0 0
3 : 199 198 190 198 197 197 202 200 192 200 199 201 198 202 171 68 0 0 0 0 0 0 0 0 0 0 0 0 0 0 0 0 0 0 0 0 0 0 0 0 0 0 0 0 0 0 0 0 0 0 0
4 : 198 197 189 196 196 196 201 198 190 199 198 199 197 200 169 67 0 0 0 0 0 0 0 0 0 0 0 0 0 0 0 0 0 0 0 0 0 0 0 0 0 0 0 0 0 0 0 0 0 0 0
5 : 198 197 189 196 195 195 200 198 190 199 198 199 197 201 170 68 0 0 0 0 0 0 0 0 0 0 0 0 0 0 0 0 0 0 0 0 0 0 0 0 0 0 0 0 0 0 0 0 0 0 0
6 : 199 197 190 197 196 196 200 199 190 199 198 200 197 201 170 67 0 0 0 0 0 0 0 0 0 0 0 0 0 0 0 0 0 0 0 0 0 0 0 0 0 0 0 0 0 0 0 0 0 0 0
7 : 200 199 191 198 198 198 202 200 192 200 199 201 198 202 172 68 0 0 0 0 0 0 0 0 0 0 0 0 0 0 0 0 0 0 0 0 0 0 0 0 0 0 0 0 0 0 0 0 0 0 0
8 : 199 198 190 198 197 197 201 199 191 199 198 200 198 202 173 69 0 0 0 0 0 0 0 0 0 0 0 0 0 0 0 0 0 0 0 0 0 0 0 0 0 0 0 0 0 0 0 0 0 0 0
9 : 197 196 189 196 195 195 199 197 190 198 197 198 195 199 172 69 0 0 0 0 0 0 0 0 0 0 0 0 0 0 0 0 0 0 0 0 0 0 0 0 0 0 0 0 0 0 0 0 0 0 0
10 : 198 197 190 197 195 196 200 198 191 199 197 199 197 201 175 72 0 0 0 0 0 0 0 0 0 0 0 0 0 0 0 0 0 0 0 0 0 0 0 0 0 0 0 0 0 0 0 0 0 0 0
11 : 199 197 189 197 195 196 200 198 190 198 197 199 197 200 176 73 0 0 0 0 0 0 0 0 0 0 0 0 0 0 0 0 0 0 0 0 0 0 0 0 0 0 0 0 0 0 0 0 0 0 0
12 : 198 197 189 197 196 197 200 198 191 198 197 199 197 199 177 75 0 0 0 0 0 0 0 0 0 0 0 0 0 0 0 0 0 0 0 0 0 0 0 0 0 0 0 0 0 0 0 0 0 0 0
13 : 199 198 190 198 196 197 201 198 192 199 198 200 198 201 180 79 0 0 0 0 0 0 0 0 0 0 0 0 0 0 0 0 0 0 0 0 0 0 0 0 0 0 0 0 0 0 0 0 0 0 0
14 : 198 198 189 196 196 196 201 198 192 198 198 198 198 200 180 84 1 0 0 0 0 0 0 0 0 0 0 0 0 0 0 0 0 0 0 0 0 0 0 0 0 0 0 0 0 0 0 0 0 0 0
15 : 199 199 191 197 197 198 202 200 193 199 198 200 198 201 183 89 1 0 0 0 0 0 0 0 0 0 0 0 0 0 0 0 0 0 0 0 0 0 0 0 0 0 0 0 0 0 0 0 0 0 0
16 : 198 199 190 197 196 198 202 200 193 199 198 200 199 201 184 93 1 0 0 0 0 0 0 0 0 0 0 0 0 0 0 0 0 0 0 0 0 0 0 0 0 0 0 0 0 0 0 0 0 0 0
17 : 199 199 190 197 196 197 202 200 193 199 198 200 198 200 185 99 1 0 0 0 0 0 0 0 0 0 0 0 0 0 0 0 0 0 0 0 0 0 0 0 0 0 0 0 0 0 0 0 0 0 0
18 : 200 200 191 198 198 198 203 200 194 199 198 199 200 201 188 106 1 0 0 0 0 0 0 0 0 0 0 0 0 0 0 0 0 0 0 0 0 0 0 0 0 0 0 0 0 0 0 0 0 0 0
19 : 197 197 188 194 194 195 200 197 192 196 194 195 196 198 187 110 2 0 0 0 0 0 0 0 0 0 0 0 0 0 0 0 0 0 0 0 0 0 0 0 0 0 0 0 0 0 0 0 0 0 0
20 : 199 201 191 196 197 197 202 198 196 199 198 195 198 199 191 120 3 0 0 0 0 0 0 0 0 0 0 0 0 0 0 0 0 0 0 0 0 0 0 0 0 0 0 0 0 0 0 0 0 0 0
21 : 195 197 188 193 196 193 200 196 192 195 195 192 195 195 188 126 4 0 0 0 0 0 0 0 0 0 0 0 0 0 0 0 0 0 0 0 0 0 0 0 0 0 0 0 0 0 0 0 0 0 0
22 : 196 198 188 193 196 195 201 196 194 195 196 194 196 197 189 138 6 0 0 0 0 0 0 0 0 0 0 0 0 0 0 0 0 0 0 0 0 0 0 0 0 0 0 0 0 0 0 0 0 0 0
23 : 196 198 189 193 196 194 200 195 195 194 194 193 194 198 188 152 10 0 0 0 0 0 0 0 0 0 0 0 0 0 0 0 0 0 0 0 0 0 0 0 0 0 0 0 0 0 0 0 0 0 0
24 : 197 198 188 192 196 193 199 194 194 193 194 192 194 196 189 164 17 0 0 0 0 0 0 0 0 0 0 0 0 0 0 0 0 0 0 0 0 0 0 0 0 0 0 0 0 0 0 0 0 0 0
25 : 198 199 190 193 197 194 200 194 195 192 194 193 193 198 190 173 30 0 0 0 0 0 0 0 0 0 0 0 0 0 0 0 0 0 0 0 0 0 0 0 0 0 0 0 0 0 0 0 0 0 0
26 : 198 199 189 191 197 193 200 193 197 189 192 193 191 197 190 175 48 0 0 0 0 0 0 0 0 0 0 0 0 0 0 0 0 0 0 0 0 0 0 0 0 0 0 0 0 0 0 0 0 0 0
27 : 196 199 190 190 198 193 200 193 200 188 190 194 190 197 195 176 76 0 0 0 0 0 0 0 0 0 0 0 0 0 0 0 0 0 0 0 0 0 0 0 0 0 0 0 0 0 0 0 0 0 0
28 : 199 200 191 189 197 194 199 193 199 185 188 194 191 195 197 180 100 0 0 0 0 0 0 0 0 0 0 0 0 0 0 0 0 0 0 0 0 0 0 0 0 0 0 0 0 0 0 0 0 0 0
29 : 200 201 191 189 196 196 200 193 201 184 192 193 194 197 197 186 117 1 0 0 0 0 0 0 0 0 0 0 0 0 0 0 0 0 0 0 0 0 0 0 0 0 0 0 0 0 0 0 0 0 0
30 : 199 203 192 192 197 198 201 194 202 186 197 193 196 196 194 190 137 2 0 0 0 0 0 0 0 0 0 0 0 0 0 0 0 0 0 0 0 0 0 0 0 0 0 0 0 0 0 0 0 0 0
31 : 193 200 190 189 196 197 199 195 200 184 197 194 193 191 187 188 155 7 0 0 0 0 0 0 0 0 0 0 0 0 0 0 0 0 0 0 0 0 0 0 0 0 0 0 0 0 0 0 0 0 0
32 : 189 199 189 190 195 197 202 198 199 187 197 195 192 189 184 189 173 20 0 0 0 0 0 0 0 0 0 0 0 0 0 0 0 0 0 0 0 0 0 0 0 0 0 0 0 0 0 0 0 0 0
33 : 184 196 186 189 195 193 202 199 196 191 195 195 193 190 185 188 176 52 0 0 0 0 0 0 0 0 0 0 0 0 0 0 0 0 0 0 0 0 0 0 0 0 0 0 0 0 0 0 0 0 0
34 : 175 193 187 192 195 194 202 199 197 195 189 194 195 193 190 186 178 104 0 0 0 0 0 0 0 0 0 0 0 0 0 0 0 0 0 0 0 0 0 0 0 0 0 0 0 0 0 0 0 0 0
35 : 161 191 191 191 192 196 202 198 198 197 187 192 198 192 194 186 181 143 2 0 0 0 0 0 0 0 0 0 0 0 0 0 0 0 0 0 0 0 0 0 0 0 0 0 0 0 0 0 0 0 0
36 : 144 178 189 188 190 197 199 199 202 196 188 191 201 193 198 191 180 158 19 0 0 0 0 0 0 0 0 0 0 0 0 0 0 0 0 0 0 0 0 0 0 0 0 0 0 0 0 0 0 0 0
37 : 140 163 179 190 193 199 197 201 204 199 193 195 197 194 197 192 178 172 54 0 0 0 0 0 0 0 0 0 0 0 0 0 0 0 0 0 0 0 0 0 0 0 0 0 0 0 0 0 0 0 0
38 : 149 150 163 190 194 199 194 204 202 203 198 195 197 195 195 192 185 174 98 1 0 0 0 0 0 0 0 0 0 0 0 0 0 0 0 0 0 0 0 0 0 0 0 0 0 0 0 0 0 0 0
39 : 156 131 133 172 194 200 200 202 201 203 198 192 196 198 191 197 192 182 141 9 0 0 0 0 0 0 0 0 0 0 0 0 0 0 0 0 0 0 0 0 0 0 0 0 0 0 0 0 0 0 0
40 : 142 125 115 138 188 196 203 198 204 201 196 197 200 199 198 199 195 191 154 30 0 0 0 0 0 0 0 0 0 0 0 0 0 0 0 0 0 0 0 0 0 0 0 0 0 0 0 0 0 0 0
41 : 125 136 94 109 164 190 199 189 200 203 199 195 192 196 200 197 193 187 175 81 2 0 0 0 0 0 0 0 0 0 0 0 0 0 0 0 0 0 0 0 0 0 0 0 0 0 0 0 0 0 0
42 : 124 134 87 91 130 185 199 202 201 205 200 196 189 191 201 194 195 192 188 121 6 0 0 0 0 0 0 0 0 0 0 0 0 0 0 0 0 0 0 0 0 0 0 0 0 0 0 0 0 0 0
43 : 124 124 88 78 90 154 194 205 201 202 201 201 195 188 198 195 198 193 191 169 24 1 0 0 0 0 0 0 0 0 0 0 0 0 0 0 0 0 0 0 0 0 0 0 0 0 0 0 0 0 0
44 : 125 120 89 67 55 101 173 199 199 205 201 199 201 188 191 201 194 195 190 189 92 2 0 0 0 0 0 0 0 0 0 0 0 0 0 0 0 0 0 0 0 0 0 0 0 0 0 0 0 0 0
45 : 126 122 86 63 49 63 136 180 199 203 202 203 204 194 191 199 196 197 192 188 174 14 0 0 0 0 0 0 0 0 0 0 0 0 0 0 0 0 0 0 0 0 0 0 0 0 0 0 0 0 0
46 : 126 118 83 64 48 48 105 156 194 204 203 204 207 202 191 197 197 198 198 190 182 111 0 0 0 0 0 0 0 0 0 0 0 0 0 0 0 0 0 0 0 0 0 0 0 0 0 0 0 0 0
47 : 128 115 84 61 42 38 76 102 161 188 200 202 205 200 196 193 198 197 202 193 191 181 26 0 0 0 0 0 0 0 0 0 0 0 0 0 0 0 0 0 0 0 0 0 0 0 0 0 0 0 0
48 : 132 117 85 62 41 35 54 81 123 156 188 200 205 206 200 192 201 197 199 196 191 193 144 2 0 0 0 0 0 0 0 0 0 0 0 0 0 0 0 0 0 0 0 0 0 0 0 0 0 0 0
49 : 129 123 82 66 36 30 43 71 87 117 154 184 201 204 207 203 190 203 193 199 192 192 180 74 0 0 0 0 0 0 0 0 0 0 0 0 0 0 0 0 0 0 0 0 0 0 0 0 0 0 0
50 : 142 126 87 71 35 29 39 60 57 97 124 164 198 204 205 205 200 201 195 202 203 198 192 167 14 0 0 0 0 0 0 0 0 0 0 0 0 0 0 0 0 0 0 0 0 0 0 0 0 0 0
51 : 152 124 88 66 36 26 35 47 49 85 92 116 157 191 203 205 201 182 201 192 202 201 197 188 133 1 0 0 0 0 0 0 0 0 0 0 0 0 0 0 0 0 0 0 0 0 0 0 0 0 0
52 : 151 132 96 64 41 27 32 43 44 57 60 85 130 145 192 203 203 203 184 199 197 203 195 194 187 94 0 0 0 0 0 0 0 0 0 0 0 0 0 0 0 0 0 0 0 0 0 0 0 0 0
53 : 162 149 99 65 46 29 29 41 41 38 47 66 97 103 160 191 204 200 200 195 198 204 200 192 196 178 43 0 0 0 0 0 0 0 0 0 0 0 0 0 0 0 0 0 0 0 0 0 0 0 0
54 : 151 162 103 67 51 35 26 35 36 30 38 41 67 95 103 161 182 185 197 193 203 202 200 199 195 196 161 18 0 0 0 0 0 0 0 0 0 0 0 0 0 0 0 0 0 0 0 0 0 0 0
55 : 160 173 113 72 55 36 27 29 32 26 36 28 46 78 63 134 170 180 183 200 188 208 203 202 200 203 199 132 20 0 0 0 0 0 0 0 0 0 0 0 0 0 0 0 0 0 0 0 0 0 0
56 : 156 170 121 76 55 38 33 24 29 24 31 23 37 59 54 85 138 155 163 189 196 181 204 200 205 196 202 193 93 7 0 0 0 0 0 0 0 0 0 0 0 0 0 0 0 0 0 0 0 0 0
57 : 152 166 134 92 62 40 39 24 25 23 27 22 33 45 59 55 100 140 134 154 190 193 178 203 210 206 200 200 191 77 4 0 0 0 0 0 0 0 0 0 0 0 0 0 0 0 0 0 0 0 0
58 : 136 168 132 98 75 41 43 26 24 25 26 22 32 38 49 46 62 115 125 123 141 188 189 186 208 203 203 204 200 181 93 1 0 0 0 0 0 0 0 0 0 0 0 0 0 0 0 0 0 0 0
59 : 129 163 140 109 74 50 46 29 28 24 23 21 33 31 36 34 46 91 115 102 111 139 183 186 196 201 202 200 205 201 174 109 0 0 0 0 0 0 0 0 0 0 0 0 0 0 0 0 0 0 0
60 : 134 157 154 115 100 60 45 33 34 24 20 22 36 27 26 28 35 68 100 95 85 102 125 169 187 197 204 207 201 203 198 183 126 0 0 0 0 0 0 0 0 0 0 0 0 0 0 0 0 0 0
61 : 138 148 153 115 102 66 48 36 32 22 19 18 35 24 21 25 28 50 83 83 66 89 101 108 145 167 192 198 208 198 202 191 185 144 1 0 0 0 0 0 0 0 0 0 0 0 0 0 0 0 0
62 : 141 144 142 106 110 82 42 60 26 21 19 15 31 23 19 22 26 46 75 80 66 64 87 87 117 111 158 193 195 210 196 202 194 174 146 10 0 0 0 0 0 0 0 0 0 0 0 0 0 0 0
63 : 147 141 141 112 122 106 46 53 25 22 18 13 24 21 18 21 26 48 65 79 60 49 76 73 77 104 118 160 193 201 207 191 198 193 174 148 19 0 0 0 0 0 0 0 0 0 0 0 0 0 0
64 : 131 139 137 122 107 112 62 51 29 21 16 19 23 17 19 21 29 50 55 73 55 41 60 70 67 81 76 122 153 190 194 199 197 194 193 189 137 29 0 0 0 0 0 0 0 0 0 0 0 0 0
65 : 125 145 135 137 109 116 70 54 28 21 14 26 23 17 22 18 33 52 52 69 55 36 50 67 48 54 72 65 116 151 188 182 200 195 194 193 182 124 35 1 0 0 0 0 0 0 0 0 0 0 0
66 : 120 136 132 129 106 125 90 58 35 20 13 23 20 18 20 13 36 55 46 61 51 29 40 57 35 57 60 69 76 117 142 177 178 193 188 196 196 182 116 41 5 0 0 0 0 0 0 0 0 0 0
67 : 122 130 145 125 105 127 111 64 40 19 17 19 13 18 15 17 38 58 47 58 49 25 35 51 32 54 38 59 58 87 120 142 177 178 181 182 192 201 183 127 34 4 0 0 0 0 0 0 0 0 0
68 : 122 136 141 123 115 122 112 70 40 18 22 21 10 19 10 25 34 49 46 51 48 24 35 46 31 45 31 41 53 68 94 111 139 167 177 167 173 195 197 185 133 32 1 0 0 0 0 0 0 0 0
69 : 127 143 135 130 120 117 114 67 40 23 21 19 13 17 11 29 32 39 52 46 48 24 36 38 30 42 25 39 46 50 79 82 94 140 172 171 170 175 198 194 187 154 21 1 0 0 0 0 0 0 0
70 : 140 147 142 122 126 121 121 80 44 29 23 12 19 10 16 30 28 36 57 43 44 25 36 34 28 43 24 38 43 37 74 70 80 117 136 174 166 160 175 190 193 182 149 23 1 1 0 0 0 0 0
71 : 146 151 142 122 116 130 128 88 48 41 19 12 20 8 22 35 31 40 54 43 34 27 34 26 23 39 21 32 38 28 61 66 64 83 114 134 160 150 134 168 181 189 181 134 24 0 0 0 0 0 0
72 : 135 159 152 129 116 135 133 97 64 51 18 19 13 10 18 30 34 39 57 47 32 31 35 23 21 36 21 31 35 28 47 66 66 77 103 115 143 160 129 145 172 180 179 176 127 30 1 0 0 0 0
73 : 138 160 155 127 120 131 146 97 72 45 19 20 10 16 24 20 27 45 44 50 30 38 33 23 23 30 20 30 35 26 38 60 56 72 83 99 120 136 149 134 147 159 170 170 161 126 29 1 0 0 0
74 : 134 153 163 132 124 127 143 96 80 45 24 18 12 23 29 22 34 45 31 45 25 42 29 27 25 24 21 27 36 26 37 55 47 60 69 76 99 126 137 147 121 154 152 156 160 154 103 17 2 0 0
75 : 136 154 173 146 132 124 136 95 94 50 34 16 18 17 17 23 42 48 33 34 25 41 24 25 26 22 22 22 35 26 40 56 41 48 61 70 96 125 111 157 132 127 148 139 161 156 134 120 10 0 0
76 : 134 149 168 154 136 122 136 103 95 51 36 22 15 27 15 25 41 45 44 29 33 38 23 20 24 17 22 19 27 25 39 53 39 44 59 64 81 115 101 137 146 117 125 133 132 154 134 118 107 6 0
77 : 142 149 162 160 142 126 137 123 104 50 37 25 16 17 21 34 41 31 41 26 43 30 25 20 21 16 20 21 21 26 35 50 39 45 53 63 67 102 101 120 152 120 101 128 116 144 136 135 124 88 3
78 : 135 153 163 162 150 133 138 125 113 54 41 24 27 15 21 34 44 32 32 23 42 20 24 25 19 17 17 18 19 23 35 47 41 44 46 56 64 95 98 111 136 123 94 119 123 113 139 125 123 105 72
79 : 131 153 158 168 151 148 142 134 116 64 54 23 20 18 32 35 29 35 23 33 31 19 16 23 18 22 14 21 16 22 34 40 42 45 41 52 57 93 95 105 114 139 93 104 114 94 129 108 105 96 78
80 : 128 157 162 169 158 156 148 139 118 77 55 32 19 22 33 33 23 33 25 40 24 19 20 17 14 19 15 22 18 25 40 33 45 47 44 51 59 93 94 108 104 145 95 95 108 97 107 100 99 84 86
81 : 126 153 161 162 151 165 145 140 112 86 59 32 17 31 26 29 28 26 26 30 19 18 21 16 17 13 16 20 22 29 43 29 41 48 44 51 57 89 89 108 95 143 88 90 109 83 94 102 94 74 88
82 : 126 152 158 157 153 160 144 147 110 98 54 25 23 25 26 21 24 26 36 25 16 16 18 15 24 12 22 17 25 42 44 28 42 47 48 51 60 83 79 105 96 138 83 88 90 82 85 107 95 75 71
83 : 131 156 163 156 155 159 151 153 131 111 65 27 24 24 23 25 26 24 33 21 16 19 13 19 14 14 23 17 21 40 36 34 43 44 43 52 63 84 76 108 101 135 82 91 83 84 76 103 91 78 71
84 : 131 154 162 152 159 160 156 154 145 117 63 38 26 26 21 24 24 32 24 12 15 19 13 21 10 25 19 18 29 40 30 35 46 42 39 50 65 89 72 103 103 132 77 89 75 79 69 92 85 79 61
85 : 136 158 167 153 157 162 167 159 148 117 65 40 29 23 20 23 25 35 17 17 18 13 14 15 17 23 17 22 41 33 27 43 48 40 44 57 68 95 72 93 112 132 73 93 77 74 74 89 92 80 53
86 : 135 158 167 151 152 164 166 162 153 112 65 39 25 19 18 25 31 23 14 15 15 14 18 9 23 18 18 25 35 25 29 44 41 32 45 59 59 82 70 84 115 117 66 89 74 69 75 88 91 69 44
87 : 137 158 167 151 155 167 170 171 168 120 56 43 25 18 25 19 31 15 17 17 12 15 11 16 22 19 17 32 30 22 30 41 37 33 47 60 69 66 73 77 113 103 66 92 64 67 77 88 88 68 41
88 : 140 154 169 151 158 168 176 178 168 129 71 35 22 19 19 32 19 18 16 12 14 16 10 19 24 19 27 24 25 24 50 37 37 42 45 65 88 63 83 75 114 86 67 91 60 70 74 85 82 64 39
89 : 147 154 169 152 158 170 180 184 170 130 78 33 19 21 25 25 15 15 15 11 14 7 19 15 17 14 24 22 23 29 42 35 34 46 52 55 67 55 84 77 110 72 67 82 63 70 66 78 74 57 37
90 : 147 158 173 156 163 176 183 192 177 135 87 37 23 18 29 12 17 17 10 14 14 15 13 19 14 22 20 25 25 44 34 35 44 47 63 68 60 68 85 93 113 67 84 76 69 74 69 85 77 58 39
91 : 146 158 174 155 164 177 182 195 180 139 97 29 22 22 15 15 13 11 13 16 10 15 16 16 18 19 22 22 32 43 31 37 44 48 57 67 60 71 73 107 102 62 96 71 62 76 72 84 71 53 35
92 : 147 161 174 155 165 180 183 192 184 144 100 30 24 23 14 11 12 14 13 8 13 13 21 16 16 19 23 23 40 31 36 40 45 52 58 62 62 72 72 117 78 67 90 66 67 76 77 79 65 48 35
93 : 149 157 174 156 166 184 185 193 196 149 86 41 27 11 14 13 13 13 9 14 13 18 17 17 20 20 21 28 38 28 35 45 46 55 73 57 70 78 92 107 65 91 80 63 69 65 74 69 57 46 31
94 : 151 155 174 156 165 182 186 197 199 159 85 51 19 15 11 11 13 12 15 10 15 18 14 16 16 15 29 36 25 33 40 43 43 59 59 49 67 69 102 90 59 91 76 52 63 60 73 66 52 44 23
95 : 151 156 177 159 167 179 190 199 205 175 103 67 17 13 12 14 12 12 14 14 22 11 12 16 17 20 32 26 31 34 43 39 50 58 57 58 65 85 100 72 76 84 68 56 61 68 74 71 49 41 18
96 : 148 154 176 158 168 174 189 201 208 181 120 60 16 13 14 12 11 10 10 24 9 9 16 16 15 24 25 31 31 40 40 38 57 57 48 58 71 93 86 56 95 79 56 53 56 64 70 64 44 31 22
97 : 148 153 175 159 169 174 189 200 208 188 136 64 20 14 13 10 10 7 22 10 7 15 13 12 21 26 29 28 30 38 35 54 56 47 55 59 79 94 76 57 84 75 51 52 64 72 68 53 45 25 19
98 : 146 153 174 157 168 172 188 197 205 195 153 78 24 12 9 10 5 20 10 7 16 16 11 23 24 20 27 26 36 38 39 50 51 50 64 57 80 83 56 84 78 66 54 54 63 72 62 42 36 18 20
99 : 145 152 174 157 167 168 187 194 201 199 166 86 29 11 7 5 18 11 7 13 24 8 19 18 21 30 23 39 33 36 47 60 39 51 55 83 77 73 49 82 79 54 52 54 60 65 61 43 35 18 18
100 : 147 154 176 161 169 169 192 195 200 202 183 107 43 7 6 22 12 8 12 19 8 18 18 23 26 25 34 25 30 41 50 48 44 57 63 82 80 60 74 85 70 46 55 63 65 70 50 39 29 21 11
101 : 146 154 175 162 169 167 190 196 196 199 195 130 28 9 18 13 6 10 8 8 15 24 17 18 26 26 22 35 32 42 50 34 47 58 85 69 69 49 79 79 53 52 61 61 59 68 31 35 20 21 7
1 : 157 166 181 170 177 175 193 199 198 199 194 138 38 15 26 20 10 15 12 12 20 31 25 27 37 35 32 47 45 55 62 47 63 73 98 84 84 64 92 93 68 64 74 74 72 79 39 45 28 28 11
2 : 158 167 181 172 178 176 191 199 195 197 199 137 67 33 21 8 15 12 18 20 28 23 25 34 33 45 46 48 47 70 51 60 68 87 90 91 73 76 98 79 63 66 76 78 77 73 46 43 27 19 9
3 : 157 166 179 170 177 174 188 198 192 190 201 156 78 37 8 14 13 20 21 22 20 27 27 32 47 40 41 50 70 51 56 62 84 90 75 76 64 81 96 69 61 71 73 69 83 47 52 35 33 14 9
4 : 158 167 180 170 180 175 187 199 196 188 202 179 95 24 16 10 15 20 16 14 24 31 34 37 40 42 43 61 62 58 56 64 83 83 77 77 72 91 79 65 63 77 79 76 67 43 36 26 24 14 10
5 : 161 168 182 172 183 178 188 198 197 188 199 196 107 35 17 16 19 17 14 24 29 33 49 52 51 46 52 63 50 60 60 88 95 85 61 64 75 91 66 63 71 73 68 71 54 50 29 33 16 12 7
6 : 157 165 180 170 183 175 185 196 194 187 192 197 129 52 15 14 14 12 22 25 29 47 40 44 44 37 59 48 57 56 72 81 80 72 63 67 82 71 74 59 75 78 64 69 42 41 26 26 15 11 3
7 : 158 165 180 168 186 176 184 194 194 189 187 201 142 56 21 17 11 22 25 26 31 37 47 40 36 48 57 48 47 55 81 86 69 59 62 66 86 76 61 70 72 70 70 58 50 26 32 17 18 7 3
8 : 158 164 180 168 184 176 183 195 194 189 184 199 167 75 23 11 17 24 26 28 28 40 41 34 44 52 35 46 55 71 83 66 59 55 66 82 64 70 64 63 74 61 64 46 39 24 32 18 14 4 1
9 : 159 165 181 169 184 177 184 195 193 188 182 196 189 80 23 14 19 22 28 21 31 40 34 35 47 30 49 59 58 67 69 67 63 69 71 70 66 58 65 71 70 73 51 38 23 28 16 20 9 2 1
10 : 159 165 180 169 183 177 184 194 192 185 174 195 193 130 23 16 22 25 20 30 38 30 32 42 33 47 65 57 66 71 65 63 64 66 81 66 66 66 72 76 58 54 46 46 25 34 17 20 7 2 1
11 : 157 163 179 167 181 177 182 193 189 183 167 188 196 145 35 27 29 22 31 41 26 27 33 28 44 51 50 59 64 53 56 58 64 69 58 70 57 70 73 64 63 57 37 18 30 17 20 11 1 1 0
12 : 158 164 179 166 181 177 183 193 188 183 165 183 195 159 63 38 24 36 34 22 30 26 27 51 49 46 59 65 53 60 52 70 71 65 62 56 66 69 72 57 52 39 31 22 31 16 15 3 1 1 0
13 : 157 163 179 167 180 176 183 193 186 183 165 180 187 170 79 32 29 31 24 34 26 24 52 42 48 54 72 58 58 54 66 52 67 55 60 62 60 73 60 63 46 45 17 30 16 20 11 1 0 0 0
14 : 156 162 177 165 179 174 182 193 182 183 168 174 183 191 107 37 31 19 28 28 26 41 36 39 51 67 54 51 52 59 56 79 56 56 60 58 64 70 59 49 40 26 23 25 17 17 2 0 0 0 1
15 : 159 165 181 169 183 178 183 196 184 187 170 173 182 200 146 44 21 30 33 32 45 34 38 52 62 51 48 52 56 64 68 57 68 55 57 64 69 63 64 48 51 16 27 16 22 8 1 1 0 1 0
16 : 156 163 179 166 181 175 181 193 181 185 167 170 181 193 167 63 37 29 25 38 27 33 49 50 40 38 55 58 62 57 57 66 54 59 67 64 66 61 34 37 20 27 19 20 18 1 1 0 0 0 0
17 : 157 163 179 167 181 175 181 193 183 187 169 171 181 189 178 111 26 23 30 24 36 42 46 40 37 53 46 63 53 58 53 54 66 68 63 65 44 36 54 35 22 24 15 20 4 1 0 0 0 0 0
18 : 157 163 179 166 181 174 181 192 180 188 172 174 179 194 183 124 24 28 20 34 36 39 42 37 53 43 54 52 58 50 52 61 71 58 67 44 53 50 35 16 26 17 18 17 1 0 0 1 0 0 0
19 : 155 162 178 165 179 174 180 191 178 188 176 175 180 193 187 129 57 22 33 39 39 42 35 48 48 56 48 55 47 55 54 76 56 59 50 50 36 30 23 27 23 16 19 2 0 0 1 0 0 0 0
20 : 155 161 177 165 179 172 178 190 175 185 181 176 180 191 184 141 67 42 42 34 35 35 55 45 52 47 63 44 65 51 71 71 61 59 54 36 37 35 20 25 14 25 9 0 0 1 0 0 0 0 0
21 : 155 162 177 165 179 173 179 191 176 182 189 178 183 191 183 155 93 41 32 32 38 49 43 42 42 61 50 57 42 73 57 63 65 50 36 41 29 17 24 16 24 21 0 0 1 0 0 0 0 0 0
22 : 156 163 178 166 180 174 180 192 176 180 192 182 185 190 185 178 107 46 29 38 44 42 44 32 53 50 48 44 70 52 57 77 57 33 47 25 21 28 24 16 24 3 0 1 0 0 0 1 0 0 0
23 : 155 161 177 165 179 173 180 190 176 178 190 184 187 190 190 178 120 44 42 33 47 41 33 51 45 46 46 67 59 52 78 56 30 52 22 30 25 24 13 26 11 0 0 0 0 0 0 0 0 0 0
24 : 154 160 176 163 177 171 178 188 174 176 185 182 187 188 194 187 134 45 35 37 31 29 52 42 43 41 60 61 57 66 45 34 42 20 28 18 21 16 26 16 0 0 0 0 0 0 0 0 0 0 0
25 : 155 160 176 164 178 172 179 189 175 176 181 185 190 189 197 192 147 70 40 32 31 53 41 42 38 50 50 58 52 40 43 37 27 24 20 22 23 22 16 2 0 0 0 0 0 0 0 0 0 0 0
26 : 154 160 176 164 178 172 179 189 176 177 181 183 190 189 195 195 167 74 38 32 51 30 35 34 51 47 50 61 41 43 31 36 20 23 22 26 18 17 6 1 0 0 0 0 0 0 0 0 0 0 0
27 : 152 159 175 162 175 170 177 187 174 176 180 180 187 187 193 196 174 100 49 44 23 35 33 49 52 45 60 41 42 29 41 17 23 20 28 21 21 9 1 0 0 0 0 0 0 0 0 0 0 0 0
28 : 153 159 174 162 177 170 177 187 174 176 181 180 186 188 192 197 188 125 43 28 36 32 51 56 45 59 50 39 36 38 18 22 21 24 28 16 11 1 0 0 0 0 0 0 0 0 0 0 0 0 0
29 : 151 158 173 161 174 169 175 185 173 173 179 177 183 186 188 197 187 130 53 36 29 46 43 39 46 38 38 34 33 19 21 21 19 34 12 14 3 0 0 0 0 0 0 0 0 0 0 0 0 0 0
30 : 153 159 174 162 175 170 177 186 174 174 178 179 184 187 187 199 191 155 91 44 49 50 30 42 39 33 38 28 19 18 21 15 36 12 18 8 0 0 0 0 0 0 0 0 0 0 0 0 0 0 0
31 : 153 159 174 162 176 170 177 187 174 174 178 179 184 188 185 198 192 177 96 50 50 37 38 29 28 33 18 21 18 21 13 32 11 17 11 0 0 0 0 0 0 0 0 0 0 0 0 0 0 0 0
32 : 151 157 172 161 174 168 176 185 173 172 175 176 182 186 183 195 190 184 125 66 42 37 24 24 30 17 22 17 23 14 28 13 18 10 0 0 0 0 0 0 0 0 0 0 0 0 0 0 0 0 0
33 : 151 158 173 160 174 169 175 185 174 173 176 176 181 188 183 192 189 193 143 62 40 23 22 25 19 25 14 22 15 22 14 15 11 2 0 0 0 0 0 0 0 0 0 0 0 0 0 0 0 0 0
34 : 151 157 172 160 174 168 175 186 173 173 176 175 181 187 182 191 189 197 157 99 44 23 23 17 22 15 19 18 17 14 12 13 3 0 0 0 0 0 0 0 0 0 0 0 0 0 0 0 0 0 0
35 : 153 159 174 162 175 170 177 187 174 174 177 177 182 189 183 191 190 198 176 108 45 19 16 18 15 22 24 18 14 11 15 8 0 0 0 0 0 0 0 0 0 0 0 0 0 0 0 0 0 0 0
36 : 150 156 170 159 172 167 173 183 172 170 174 173 179 185 180 186 191 193 181 129 51 17 18 17 23 25 15 13 9 13 8 0 0 0 0 0 0 0 0 0 0 0 0 0 0 0 0 0 0 0 0
37 : 152 158 173 161 174 168 175 186 173 172 176 175 180 187 182 189 191 190 188 145 47 19 19 20 23 16 13 10 13 10 0 0 0 0 0 0 0 0 0 0 0 0 0 0 0 0 0 0 0 0 0
38 : 149 155 169 158 171 166 173 183 172 170 173 173 178 184 181 186 186 187 187 156 82 37 21 26 17 13 8 13 8 0 0 0 0 0 0 0 0 0 0 0 0 0 0 0 0 0 0 0 0 0 0
39 : 150 155 170 158 172 166 174 184 173 171 174 173 178 185 181 187 184 187 191 175 111 37 36 17 13 8 12 9 0 0 0 0 0 0 0 0 0 0 0 0 0 0 0 0 0 0 0 0 0 0 0
40 : 150 155 170 160 173 166 173 182 172 171 174 173 178 183 181 187 182 185 192 183 122 58 23 14 9 10 10 1 0 0 0 0 0 0 0 0 0 0 0 0 0 0 0 0 0 0 0 0 0 0 0
41 : 148 155 171 158 172 166 173 182 171 171 174 172 178 183 180 187 181 181 189 184 138 75 18 10 10 9 1 0 0 0 0 0 0 0 0 0 0 0 0 0 0 0 0 0 0 0 0 0 0 0 0
42 : 148 154 169 157 171 165 172 181 171 169 172 171 177 181 178 185 180 176 182 187 168 88 19 13 8 2 0 0 0 0 0 0 0 0 0 0 0 0 0 0 0 0 0 0 0 0 0 0 0 0 0
43 : 149 155 170 158 172 166 173 182 170 171 173 172 178 181 178 187 181 173 177 189 167 105 28 20 4 0 0 0 0 0 0 0 0 0 0 0 0 0 0 0 0 0 0 0 0 0 0 0 0 0 0
44 : 149 155 169 158 171 165 173 182 170 170 174 172 176 181 178 185 180 172 174 183 174 128 50 10 0 0 0 0 0 0 0 0 0 0 0 0 0 0 0 0 0 0 0 0 0 0 0 0 0 0 0
45 : 150 156 170 159 172 166 174 182 171 171 176 173 178 182 178 185 181 174 171 178 184 155 38 0 0 0 0 0 0 0 0 0 0 0 0 0 0 0 0 0 0 0 0 0 0 0 0 0 0 0 0
46 : 150 155 170 158 172 166 173 182 170 171 176 173 177 181 178 184 181 173 170 168 178 166 23 0 0 0 0 0 0 0 0 0 0 0 0 0 0 0 0 0 0 0 0 0 0 0 0 0 0 0 0
47 : 150 155 170 159 172 166 173 182 170 171 176 172 178 183 178 183 182 175 169 160 172 180 49 0 0 0 0 0 0 0 0 0 0 0 0 0 0 0 0 0 0 0 0 0 0 0 0 0 0 0 0
48 : 150 156 171 160 173 167 174 183 172 171 176 174 178 183 178 184 183 177 168 152 163 184 69 1 0 0 0 0 0 0 0 0 0 0 0 0 0 0 0 0 0 0 0 0 0 0 0 0 0 0 0
49 : 151 156 171 159 173 167 173 183 171 171 175 175 178 183 178 183 182 178 167 153 142 173 111 5 0 0 0 0 0 0 0 0 0 0 0 0 0 0 0 0 0 0 0 0 0 0 0 0 0 0 0
50 : 151 157 172 161 174 169 175 184 172 172 176 177 180 184 179 184 184 181 168 151 138 161 139 7 2 0 0 0 0 0 0 0 0 0 0 0 0 0 0 0 0 0 0 0 0 0 0 0 0 0 0
51 : 149 154 170 158 172 166 172 182 171 170 174 173 178 182 178 180 182 181 170 148 124 149 128 33 3 0 0 0 0 0 0 0 0 0 0 0 0 0 0 0 0 0 0 0 0 0 0 0 0 0 0
52 : 151 156 172 160 174 167 174 184 173 173 175 174 180 185 179 182 182 183 175 151 119 149 132 53 11 0 0 0 0 0 0 0 0 0 0 0 0 0 0 0 0 0 0 0 0 0 0 0 0 0 0
53 : 151 157 172 161 174 167 175 185 173 172 176 174 182 185 179 183 182 183 177 156 120 149 126 51 8 1 0 0 0 0 0 0 0 0 0 0 0 0 0 0 0 0 0 0 0 0 0 0 0 0 0
54 : 149 156 170 160 173 167 173 183 172 170 174 172 180 184 178 181 180 179 176 158 124 145 117 44 12 3 0 0 0 0 0 0 0 0 0 0 0 0 0 0 0 0 0 0 0 0 0 0 0 0 0
55 : 151 157 173 162 175 169 175 185 174 173 176 174 181 186 179 182 181 180 177 158 133 146 107 37 11 5 1 0 0 0 0 0 0 0 0 0 0 0 0 0 0 0 0 0 0 0 0 0 0 0 0
56 : 151 157 171 161 175 167 174 184 172 172 175 173 179 185 179 181 179 179 178 157 135 145 100 32 7 2 7 0 0 0 0 0 0 0 0 0 0 0 0 0 0 0 0 0 0 0 0 0 0 0 0
57 : 150 155 172 160 174 167 174 183 172 171 174 172 177 185 179 181 179 179 177 156 142 145 100 34 5 1 11 0 0 0 0 0 0 0 0 0 0 0 0 0 0 0 0 0 0 0 0 0 0 0 0
58 : 151 157 172 162 177 169 175 185 174 173 176 174 179 186 182 183 180 179 176 159 139 146 99 37 4 1 9 0 0 0 0 0 0 0 0 0 0 0 0 0 0 0 0 0 0 0 0 0 0 0 0
59 : 150 156 172 161 175 168 175 184 173 172 176 173 179 184 181 183 180 179 175 156 135 147 96 30 5 2 6 0 0 0 0 0 0 0 0 0 0 0 0 0 0 0 0 0 0 0 0 0 0 0 0
60 : 151 156 171 162 175 170 175 185 172 172 175 174 178 184 180 183 180 179 174 156 134 146 95 26 4 1 5 0 0 0 0 0 0 0 0 0 0 0 0 0 0 0 0 0 0 0 0 0 0 0 0
61 : 149 155 170 160 174 169 174 184 172 171 175 172 177 183 179 183 180 179 172 155 134 145 90 22 2 0 3 0 0 0 0 0 0 0 0 0 0 0 0 0 0 0 0 0 0 0 0 0 0 0 0
62 : 151 157 172 161 175 173 175 184 174 173 176 174 179 184 181 183 182 181 174 157 135 147 88 21 3 0 4 0 0 0 0 0 0 0 0 0 0 0 0 0 0 0 0 0 0 0 0 0 0 0 0
63 : 149 155 169 158 171 171 173 182 171 170 173 172 176 181 177 180 180 178 171 156 132 145 82 20 4 0 2 0 0 0 0 0 0 0 0 0 0 0 0 0 0 0 0 0 0 0 0 0 0 0 0
64 : 148 156 170 159 170 172 175 183 172 171 174 172 178 183 178 182 180 180 172 156 134 145 80 18 3 0 4 0 0 0 0 0 0 0 0 0 0 0 0 0 0 0 0 0 0 0 0 0 0 0 0
65 : 152 157 172 160 172 173 176 185 173 173 176 173 179 184 180 183 182 181 175 156 136 146 80 19 3 0 3 0 0 0 0 0 0 0 0 0 0 0 0 0 0 0 0 0 0 0 0 0 0 0 0
66 : 154 155 170 159 170 172 176 184 172 172 175 173 178 183 178 181 180 179 174 154 137 144 75 20 2 0 3 0 0 0 0 0 0 0 0 0 0 0 0 0 0 0 0 0 0 0 0 0 0 0 0
67 : 153 158 172 160 172 172 176 185 173 172 175 173 179 184 180 182 182 181 175 156 145 145 74 20 3 0 3 0 0 0 0 0 0 0 0 0 0 0 0 0 0 0 0 0 0 0 0 0 0 0 0
68 : 150 157 170 159 170 170 174 185 172 172 175 173 177 183 178 180 179 180 176 153 143 144 72 20 3 0 2 0 0 0 0 0 0 0 0 0 0 0 0 0 0 0 0 0 0 0 0 0 0 0 0
69 : 151 159 171 159 171 170 175 185 173 173 175 173 178 183 179 181 179 182 175 154 139 143 72 20 1 2 1 0 0 0 0 0 0 0 0 0 0 0 0 0 0 0 0 0 0 0 0 0 0 0 0
70 : 152 161 172 160 171 170 177 185 174 173 176 174 179 184 180 181 177 184 176 155 141 145 72 22 1 3 0 0 0 0 0 0 0 0 0 0 0 0 0 0 0 0 0 0 0 0 0 0 0 0 0
71 : 151 161 172 160 171 170 176 186 175 173 177 175 179 184 180 181 177 185 178 156 143 145 72 22 1 2 1 0 0 0 0 0 0 0 0 0 0 0 0 0 0 0 0 0 0 0 0 0 0 0 0
72 : 151 158 172 160 171 168 175 187 174 173 176 175 180 184 180 182 176 183 177 156 144 145 72 23 1 2 2 0 0 0 0 0 0 0 0 0 0 0 0 0 0 0 0 0 0 0 0 0 0 0 0
73 : 151 157 172 160 171 167 175 185 175 172 175 174 178 183 179 182 176 181 176 158 143 146 72 23 1 0 2 0 0 0 0 0 0 0 0 0 0 0 0 0 0 0 0 0 0 0 0 0 0 0 0
74 : 149 155 171 159 169 166 173 183 176 171 174 172 177 182 178 181 174 180 175 160 140 149 71 23 3 0 2 0 0 0 0 0 0 0 0 0 0 0 0 0 0 0 0 0 0 0 0 0 0 0 0
75 : 151 157 173 161 171 167 174 183 177 173 177 174 179 184 179 182 175 181 176 163 141 148 72 24 2 0 2 0 0 0 0 0 0 0 0 0 0 0 0 0 0 0 0 0 0 0 0 0 0 0 0
76 : 151 157 173 160 171 167 174 182 178 174 176 174 179 185 180 182 175 181 177 160 141 147 72 23 2 0 1 0 0 0 0 0 0 0 0 0 0 0 0 0 0 0 0 0 0 0 0 0 0 0 0
77 : 151 156 171 161 171 167 174 181 176 174 176 174 179 184 180 183 176 181 177 159 144 146 72 23 2 0 0 0 0 0 0 0 0 0 0 0 0 0 0 0 0 0 0 0 0 0 0 0 0 0 0
78 : 150 156 171 159 170 167 173 179 174 173 174 173 178 183 179 182 174 179 176 159 146 144 72 23 1 0 0 1 0 0 0 0 0 0 0 0 0 0 0 0 0 0 0 0 0 0 0 0 0 0 0
79 : 150 156 171 160 170 167 173 179 175 174 175 174 178 182 179 182 173 180 176 160 146 143 70 23 1 0 0 1 0 0 0 0 0 0 0 0 0 0 0 0 0 0 0 0 0 0 0 0 0 0 0
80 : 152 157 174 161 173 169 175 181 176 177 177 175 180 185 181 184 176 182 177 164 148 145 72 23 1 0 0 1 0 0 0 0 0 0 0 0 0 0 0 0 0 0 0 0 0 0 0 0 0 0 0
81 : 149 155 171 159 170 166 172 178 174 173 175 172 178 183 178 182 173 178 174 158 146 142 72 23 1 0 0 0 0 0 0 0 0 0 0 0 0 0 0 0 0 0 0 0 0 0 0 0 0 0 0
82 : 152 157 172 161 171 168 173 180 175 174 177 174 179 184 180 182 174 179 175 159 147 143 74 23 1 0 0 0 0 0 0 0 0 0 0 0 0 0 0 0 0 0 0 0 0 0 0 0 0 0 0
83 : 152 157 172 161 170 167 174 180 175 174 177 174 179 184 180 183 174 180 175 159 146 143 72 23 1 0 0 0 0 0 0 0 0 0 0 0 0 0 0 0 0 0 0 0 0 0 0 0 0 0 0
84 : 151 155 171 160 170 167 173 179 174 173 176 173 178 183 180 182 173 179 174 158 146 142 71 22 1 0 1 0 0 0 0 0 0 0 0 0 0 0 0 0 0 0 0 0 0 0 0 0 0 0 0
85 : 153 158 174 163 173 169 176 182 176 175 178 175 180 185 182 184 175 181 177 159 148 144 72 23 1 0 1 0 0 0 0 0 0 0 0 0 0 0 0 0 0 0 0 0 0 0 0 0 0 0 0
86 : 151 157 172 162 171 168 175 181 175 174 177 175 179 184 180 184 174 179 176 158 146 143 70 22 1 0 1 0 0 0 0 0 0 0 0 0 0 0 0 0 0 0 0 0 0 0 0 0 0 0 0
87 : 151 157 173 162 172 168 175 181 175 174 178 175 180 185 181 183 175 179 176 159 147 144 71 23 1 0 2 0 0 0 0 0 0 0 0 0 0 0 0 0 0 0 0 0 0 0 0 0 0 0 0
88 : 151 156 172 162 172 167 173 181 175 175 178 174 179 184 181 183 174 178 176 158 147 143 70 22 1 0 0 0 0 0 0 0 0 0 0 0 0 0 0 0 0 0 0 0 0 0 0 0 0 0 0
89 : 150 156 171 160 172 167 173 180 175 173 178 173 178 183 179 182 174 177 175 157 146 142 70 22 1 1 0 0 0 0 0 0 0 0 0 0 0 0 0 0 0 0 0 0 0 0 0 0 0 0 0
90 : 153 158 174 162 174 168 175 181 176 175 180 175 180 185 181 184 176 179 177 160 147 143 71 22 1 1 0 0 0 0 0 0 0 0 0 0 0 0 0 0 0 0 0 0 0 0 0 0 0 0 0
91 : 151 157 172 160 173 168 174 180 175 174 180 174 179 185 181 183 174 178 175 158 147 143 70 22 1 0 0 0 0 0 0 0 0 0 0 0 0 0 0 0 0 0 0 0 0 0 0 0 0 0 0
92 : 152 158 173 161 173 169 175 181 176 174 182 175 180 184 181 183 175 178 177 159 147 143 71 23 2 0 0 0 0 0 0 0 0 0 0 0 0 0 0 0 0 0 0 0 0 0 0 0 0 0 0
93 : 151 157 173 160 174 169 174 180 175 174 182 174 179 184 181 183 175 178 175 158 147 143 70 22 1 0 0 0 0 0 0 0 0 0 0 0 0 0 0 0 0 0 0 0 0 0 0 0 0 0 0
94 : 149 156 171 160 171 169 173 180 175 173 180 174 178 184 180 182 174 178 175 158 146 142 70 22 1 0 0 0 0 0 0 0 0 0 0 0 0 0 0 0 0 0 0 0 0 0 0 0 0 0 0
95 : 151 156 172 160 171 171 173 180 175 173 179 175 179 184 180 183 174 177 175 158 146 143 71 23 1 0 0 0 0 0 0 0 0 0 0 0 0 0 0 0 0 0 0 0 0 0 0 0 0 0 0
96 : 150 156 171 159 170 168 174 179 174 173 177 175 178 182 178 182 173 176 175 157 145 142 69 22 1 0 0 0 0 0 0 0 0 0 0 0 0 0 0 0 0 0 0 0 0 0 0 0 0 0 0
97 : 152 157 172 160 171 169 176 180 175 174 178 177 179 184 180 183 175 178 177 158 147 143 70 23 1 0 0 0 0 0 0 0 0 0 0 0 0 0 0 0 0 0 0 0 0 0 0 0 0 0 0
98 : 150 156 172 160 171 167 177 180 175 173 176 176 180 184 180 183 174 178 176 158 147 143 70 22 1 0 0 0 0 0 0 0 0 0 0 0 0 0 0 0 0 0 0 0 0 0 0 0 0 0 0
99 : 150 156 171 160 171 166 175 180 175 173 176 175 180 184 180 182 174 177 175 157 145 143 70 22 1 0 0 0 0 0 0 0 0 0 0 0 0 0 0 0 0 0 0 0 0 0 0 0 0 0 0
100 : 151 158 173 161 173 169 176 182 176 175 178 175 182 185 181 184 176 179 177 159 147 144 71 23 1 0 0 0 0 0 0 0 0 0 0 0 0 0 0 0 0 0 0 0 0 0 0 0 0 0 0
101 : 151 157 172 160 171 168 175 182 176 173 176 174 180 184 179 182 174 177 175 158 146 143 71 24 1 0 0 0 0 0 0 0 0 0 0 0 0 0 0 0 0 0 0 0 0 0 0 0 0 0 0
