Brightness in each height
Heights/D : 39.2105 38.4316 37.6526 36.8737 36.0947 35.3158 34.5368 33.7579 32.9789 32.2 31.4211 30.6421 29.8632 29.0842 28.3053 27.5263 26.7474 25.9684 25.1895 24.4105 23.6316 22.8526 22.0737 21.2947 20.5158 19.7368 18.9579 18.1789 17.4 16.6211 15.8421 15.0632 14.2842 13.5053 12.7263 11.9474 11.1684 10.3895 9.61053 8.83158 8.05263 7.27368 6.49474 5.71579 4.93684 4.15789 3.37895 2.6 1.82105 1.04211 0.263158
1 : 168 168 169 175 174 173 179 178 179 180 183 183 184 188 183 187 191 191 191 185 163 77 4 0 0 0 0 0 0 0 0 0 0 0 0 0 0 0 0 0 0 0 0 0 0 0 0 0 0 0 0
2 : 169 169 170 176 175 174 180 179 180 181 184 184 186 189 185 188 193 193 191 187 166 79 5 0 0 0 0 0 0 0 0 0 0 0 0 0 0 0 0 0 0 0 0 0 0 0 0 0 0 0 0
3 : 168 168 169 176 174 173 179 178 179 181 183 184 185 189 184 188 192 192 191 187 166 78 5 0 0 0 0 0 0 0 0 0 0 0 0 0 0 0 0 0 0 0 0 0 0 0 0 0 0 0 0
4 : 169 170 171 177 175 174 180 179 181 181 184 184 186 190 185 188 193 193 191 187 166 79 5 0 0 0 0 0 0 0 0 0 0 0 0 0 0 0 0 0 0 0 0 0 0 0 0 0 0 0 0
5 : 169 170 170 176 174 175 180 179 180 182 184 185 186 190 185 188 193 193 192 188 166 79 5 0 0 0 0 0 0 0 0 0 0 0 0 0 0 0 0 0 0 0 0 0 0 0 0 0 0 0 0
6 : 169 169 170 176 174 174 180 178 179 182 184 184 186 190 185 188 192 193 191 187 166 78 5 0 0 0 0 0 0 0 0 0 0 0 0 0 0 0 0 0 0 0 0 0 0 0 0 0 0 0 0
7 : 169 169 170 177 175 174 180 179 180 181 184 184 186 190 185 188 192 193 191 187 166 78 5 0 0 0 0 0 0 0 0 0 0 0 0 0 0 0 0 0 0 0 0 0 0 0 0 0 0 0 0
8 : 168 169 170 176 175 173 180 178 179 181 184 183 185 189 185 188 192 192 191 187 166 78 5 0 0 0 0 0 0 0 0 0 0 0 0 0 0 0 0 0 0 0 0 0 0 0 0 0 0 0 0
9 : 170 170 171 177 175 175 180 179 180 182 185 184 187 190 186 189 194 193 191 188 166 79 5 0 0 0 0 0 0 0 0 0 0 0 0 0 0 0 0 0 0 0 0 0 0 0 0 0 0 0 0
10 : 169 170 170 176 175 174 180 178 180 181 185 184 186 190 185 188 193 193 191 188 166 79 5 0 0 0 0 0 0 0 0 0 0 0 0 0 0 0 0 0 0 0 0 0 0 0 0 0 0 0 0
11 : 168 169 170 175 174 173 179 178 180 180 183 183 185 189 184 187 192 192 189 187 165 78 5 0 0 0 0 0 0 0 0 0 0 0 0 0 0 0 0 0 0 0 0 0 0 0 0 0 0 0 0
12 : 169 169 170 176 175 174 180 178 180 182 184 184 185 190 184 188 192 193 190 188 165 79 5 0 0 0 0 0 0 0 0 0 0 0 0 0 0 0 0 0 0 0 0 0 0 0 0 0 0 0 0
13 : 168 168 169 175 174 173 179 177 179 181 183 183 185 189 184 187 191 192 188 188 165 78 5 0 0 0 0 0 0 0 0 0 0 0 0 0 0 0 0 0 0 0 0 0 0 0 0 0 0 0 0
14 : 170 169 171 177 175 175 180 179 180 181 184 184 186 190 185 188 193 193 189 188 166 79 5 0 0 0 0 0 0 0 0 0 0 0 0 0 0 0 0 0 0 0 0 0 0 0 0 0 0 0 0
15 : 168 167 170 175 174 173 179 178 179 181 183 183 185 188 184 188 192 192 188 187 165 79 5 0 0 0 0 0 0 0 0 0 0 0 0 0 0 0 0 0 0 0 0 0 0 0 0 0 0 0 0
16 : 167 166 170 175 173 172 178 177 179 180 183 182 185 189 183 186 191 191 188 187 165 78 5 0 0 0 0 0 0 0 0 0 0 0 0 0 0 0 0 0 0 0 0 0 0 0 0 0 0 0 0
17 : 169 168 172 176 175 174 180 178 181 181 184 184 185 190 185 188 192 192 189 189 166 79 5 0 0 0 0 0 0 0 0 0 0 0 0 0 0 0 0 0 0 0 0 0 0 0 0 0 0 0 0
18 : 168 168 171 176 174 173 179 178 180 181 184 184 185 189 184 188 192 192 189 189 166 79 5 0 0 0 0 0 0 0 0 0 0 0 0 0 0 0 0 0 0 0 0 0 0 0 0 0 0 0 0
19 : 169 168 172 177 175 174 180 179 180 181 184 184 185 190 185 188 192 192 189 189 166 79 5 0 0 0 0 0 0 0 0 0 0 0 0 0 0 0 0 0 0 0 0 0 0 0 0 0 0 0 0
20 : 168 167 171 176 174 173 179 178 179 180 183 183 185 189 184 187 192 192 189 188 166 79 5 0 0 0 0 0 0 0 0 0 0 0 0 0 0 0 0 0 0 0 0 0 0 0 0 0 0 0 0
21 : 167 166 170 175 173 172 179 177 178 180 182 183 185 189 184 187 191 191 187 187 165 78 5 0 0 0 0 0 0 0 0 0 0 0 0 0 0 0 0 0 0 0 0 0 0 0 0 0 0 0 0
22 : 169 167 172 177 175 174 180 178 180 182 184 184 186 190 184 188 193 193 189 188 166 79 5 0 0 0 0 0 0 0 0 0 0 0 0 0 0 0 0 0 0 0 0 0 0 0 0 0 0 0 0
23 : 168 167 171 176 174 173 180 178 180 181 184 184 185 189 185 188 192 192 189 187 166 79 5 0 0 0 0 0 0 0 0 0 0 0 0 0 0 0 0 0 0 0 0 0 0 0 0 0 0 0 0
24 : 170 167 172 177 176 175 180 179 181 182 185 185 186 190 186 189 193 193 189 189 167 79 5 0 0 0 0 0 0 0 0 0 0 0 0 0 0 0 0 0 0 0 0 0 0 0 0 0 0 0 0
25 : 168 166 170 176 174 173 178 177 179 180 183 183 185 189 184 187 191 191 188 188 165 78 5 0 0 0 0 0 0 0 0 0 0 0 0 0 0 0 0 0 0 0 0 0 0 0 0 0 0 0 0
26 : 168 165 170 175 174 173 179 177 179 180 183 183 185 189 184 187 192 192 188 187 166 78 5 0 0 0 0 0 0 0 0 0 0 0 0 0 0 0 0 0 0 0 0 0 0 0 0 0 0 0 0
27 : 170 168 173 177 176 175 181 180 181 183 185 185 187 191 186 189 194 194 190 189 168 80 5 0 0 0 0 0 0 0 0 0 0 0 0 0 0 0 0 0 0 0 0 0 0 0 0 0 0 0 0
28 : 168 166 171 176 175 174 179 178 180 181 184 183 185 189 184 188 192 193 189 188 167 79 5 0 0 0 0 0 0 0 0 0 0 0 0 0 0 0 0 0 0 0 0 0 0 0 0 0 0 0 0
29 : 169 167 172 177 175 175 180 179 180 181 184 184 186 189 184 188 193 192 189 188 168 79 5 0 0 0 0 0 0 0 0 0 0 0 0 0 0 0 0 0 0 0 0 0 0 0 0 0 0 0 0
30 : 168 166 173 177 175 175 180 179 181 182 184 185 186 190 185 188 193 192 190 188 168 80 5 0 0 0 0 0 0 0 0 0 0 0 0 0 0 0 0 0 0 0 0 0 0 0 0 0 0 0 0
31 : 167 165 170 175 174 173 178 177 178 180 182 183 184 188 183 187 192 190 188 187 167 78 5 0 0 0 0 0 0 0 0 0 0 0 0 0 0 0 0 0 0 0 0 0 0 0 0 0 0 0 0
32 : 169 166 171 176 175 174 179 178 180 181 183 184 185 190 184 188 193 191 190 188 169 79 5 0 0 0 0 0 0 0 0 0 0 0 0 0 0 0 0 0 0 0 0 0 0 0 0 0 0 0 0
33 : 168 165 171 176 174 174 179 178 179 181 183 184 185 189 184 187 192 190 189 188 169 79 5 0 0 0 0 0 0 0 0 0 0 0 0 0 0 0 0 0 0 0 0 0 0 0 0 0 0 0 0
34 : 170 168 173 178 176 175 181 179 181 182 185 185 186 191 186 189 193 192 191 188 171 80 5 0 0 0 0 0 0 0 0 0 0 0 0 0 0 0 0 0 0 0 0 0 0 0 0 0 0 0 0
35 : 169 166 172 176 175 175 180 179 181 182 184 184 185 190 185 188 193 192 191 188 171 80 5 0 0 0 0 0 0 0 0 0 0 0 0 0 0 0 0 0 0 0 0 0 0 0 0 0 0 0 0
36 : 169 166 172 176 174 174 180 179 180 181 184 184 186 190 184 188 193 192 191 187 171 80 5 0 0 0 0 0 0 0 0 0 0 0 0 0 0 0 0 0 0 0 0 0 0 0 0 0 0 0 0
37 : 169 166 172 176 174 174 179 178 180 181 184 184 185 189 184 188 192 191 190 186 172 80 5 0 0 0 0 0 0 0 0 0 0 0 0 0 0 0 0 0 0 0 0 0 0 0 0 0 0 0 0
38 : 167 165 171 175 174 173 179 178 179 180 183 184 184 189 184 187 192 191 190 185 173 80 5 0 0 0 0 0 0 0 0 0 0 0 0 0 0 0 0 0 0 0 0 0 0 0 0 0 0 0 0
39 : 170 168 173 178 175 175 181 180 181 182 185 186 187 190 186 189 194 194 192 186 177 81 5 0 0 0 0 0 0 0 0 0 0 0 0 0 0 0 0 0 0 0 0 0 0 0 0 0 0 0 0
40 : 170 167 172 177 174 174 179 179 180 181 184 184 186 189 185 189 193 192 190 185 178 81 5 0 0 0 0 0 0 0 0 0 0 0 0 0 0 0 0 0 0 0 0 0 0 0 0 0 0 0 0
41 : 168 165 171 175 173 173 179 178 179 180 183 183 185 188 184 187 191 190 189 183 177 81 5 0 0 0 0 0 0 0 0 0 0 0 0 0 0 0 0 0 0 0 0 0 0 0 0 0 0 0 0
42 : 169 166 172 176 174 174 179 179 180 181 184 184 185 189 185 188 193 191 190 184 179 82 5 0 0 0 0 0 0 0 0 0 0 0 0 0 0 0 0 0 0 0 0 0 0 0 0 0 0 0 0
43 : 167 165 171 175 173 173 178 178 180 180 183 183 185 189 184 188 192 191 189 183 180 83 5 0 0 0 0 0 0 0 0 0 0 0 0 0 0 0 0 0 0 0 0 0 0 0 0 0 0 0 0
44 : 168 166 173 176 174 174 180 179 180 180 184 184 186 189 184 188 192 192 190 183 179 86 6 0 0 0 0 0 0 0 0 0 0 0 0 0 0 0 0 0 0 0 0 0 0 0 0 0 0 0 0
45 : 169 166 172 176 174 175 180 179 180 181 184 185 186 189 184 189 193 192 190 184 178 92 5 0 0 0 0 0 0 0 0 0 0 0 0 0 0 0 0 0 0 0 0 0 0 0 0 0 0 0 0
46 : 167 165 171 174 173 173 178 177 179 179 183 183 184 188 183 188 192 190 189 182 177 99 6 0 0 0 0 0 0 0 0 0 0 0 0 0 0 0 0 0 0 0 0 0 0 0 0 0 0 0 0
47 : 168 166 172 176 174 174 179 179 180 180 183 184 185 189 184 188 192 191 190 183 177 105 6 0 0 0 0 0 0 0 0 0 0 0 0 0 0 0 0 0 0 0 0 0 0 0 0 0 0 0 0
48 : 167 166 171 175 173 173 179 178 179 180 183 183 185 188 183 188 191 191 190 183 177 102 6 0 0 0 0 0 0 0 0 0 0 0 0 0 0 0 0 0 0 0 0 0 0 0 0 0 0 0 0
49 : 169 168 174 178 174 175 181 180 181 182 185 185 186 190 186 190 194 192 192 186 179 103 6 0 0 0 0 0 0 0 0 0 0 0 0 0 0 0 0 0 0 0 0 0 0 0 0 0 0 0 0
50 : 166 166 172 176 172 173 178 179 179 179 182 183 184 188 183 188 191 190 190 183 176 99 6 0 0 0 0 0 0 0 0 0 0 0 0 0 0 0 0 0 0 0 0 0 0 0 0 0 0 0 0
51 : 166 166 172 176 172 173 179 178 179 179 183 183 184 187 184 187 191 190 189 184 176 96 6 0 0 0 0 0 0 0 0 0 0 0 0 0 0 0 0 0 0 0 0 0 0 0 0 0 0 0 0
52 : 168 168 173 176 173 174 180 179 181 181 184 185 185 189 185 189 193 192 190 185 177 94 6 0 0 0 0 0 0 0 0 0 0 0 0 0 0 0 0 0 0 0 0 0 0 0 0 0 0 0 0
53 : 165 169 171 175 172 173 178 178 179 180 182 183 184 188 183 187 192 191 189 184 177 91 6 0 0 0 0 0 0 0 0 0 0 0 0 0 0 0 0 0 0 0 0 0 0 0 0 0 0 0 0
54 : 168 171 173 176 173 174 179 179 180 180 183 184 185 189 184 188 192 192 190 185 177 92 6 0 0 0 0 0 0 0 0 0 0 0 0 0 0 0 0 0 0 0 0 0 0 0 0 0 0 0 0
55 : 166 170 172 175 172 173 179 179 179 179 183 183 184 188 183 187 192 191 190 184 177 93 6 0 0 0 0 0 0 0 0 0 0 0 0 0 0 0 0 0 0 0 0 0 0 0 0 0 0 0 0
56 : 166 169 171 175 172 173 178 177 179 179 182 183 183 188 183 186 191 190 189 183 176 94 7 0 0 0 0 0 0 0 0 0 0 0 0 0 0 0 0 0 0 0 0 0 0 0 0 0 0 0 0
57 : 167 171 174 177 174 175 180 180 181 181 183 184 185 189 185 189 193 192 191 185 178 95 7 0 0 0 0 0 0 0 0 0 0 0 0 0 0 0 0 0 0 0 0 0 0 0 0 0 0 0 0
58 : 165 170 173 175 172 173 179 178 179 180 183 183 184 188 183 187 192 191 189 184 177 94 7 0 0 0 0 0 0 0 0 0 0 0 0 0 0 0 0 0 0 0 0 0 0 0 0 0 0 0 0
59 : 167 171 174 177 174 174 180 179 180 181 184 184 186 189 185 188 193 192 190 185 178 96 7 0 0 0 0 0 0 0 0 0 0 0 0 0 0 0 0 0 0 0 0 0 0 0 0 0 0 0 0
60 : 166 170 173 176 172 173 179 179 179 180 182 184 184 188 183 187 192 191 190 184 177 95 7 0 0 0 0 0 0 0 0 0 0 0 0 0 0 0 0 0 0 0 0 0 0 0 0 0 0 0 0
61 : 166 169 172 175 172 173 179 178 179 180 182 184 184 188 183 187 191 191 190 185 178 95 7 0 0 0 0 0 0 0 0 0 0 0 0 0 0 0 0 0 0 0 0 0 0 0 0 0 0 0 0
62 : 166 170 174 176 173 174 179 179 180 181 184 185 185 188 184 189 193 192 191 185 178 97 7 0 0 0 0 0 0 0 0 0 0 0 0 0 0 0 0 0 0 0 0 0 0 0 0 0 0 0 0
63 : 166 170 173 176 173 173 179 179 180 180 183 184 184 188 185 188 192 191 190 185 178 97 7 0 0 0 0 0 0 0 0 0 0 0 0 0 0 0 0 0 0 0 0 0 0 0 0 0 0 0 0
64 : 167 170 174 176 173 173 179 179 180 180 183 184 185 188 184 188 193 191 190 186 178 97 7 0 0 0 0 0 0 0 0 0 0 0 0 0 0 0 0 0 0 0 0 0 0 0 0 0 0 0 0
65 : 165 168 173 175 172 173 179 178 179 179 182 183 184 187 183 188 192 191 189 185 178 97 7 0 0 0 0 0 0 0 0 0 0 0 0 0 0 0 0 0 0 0 0 0 0 0 0 0 0 0 0
66 : 166 169 173 175 172 173 179 178 179 179 182 183 184 188 183 187 192 191 190 185 178 98 7 0 0 0 0 0 0 0 0 0 0 0 0 0 0 0 0 0 0 0 0 0 0 0 0 0 0 0 0
67 : 167 170 174 176 173 174 180 180 180 181 183 185 185 189 184 188 193 192 191 186 179 100 8 0 0 0 0 0 0 0 0 0 0 0 0 0 0 0 0 0 0 0 0 0 0 0 0 0 0 0 0
68 : 166 169 173 175 172 173 179 179 180 180 182 184 185 187 184 188 192 191 190 186 178 99 8 0 0 0 0 0 0 0 0 0 0 0 0 0 0 0 0 0 0 0 0 0 0 0 0 0 0 0 0
69 : 167 170 174 176 172 174 180 179 180 180 182 184 185 188 184 188 192 191 190 186 179 100 8 0 0 0 0 0 0 0 0 0 0 0 0 0 0 0 0 0 0 0 0 0 0 0 0 0 0 0 0
70 : 165 169 173 175 171 173 179 178 179 179 181 183 184 187 184 187 192 191 189 185 178 100 8 0 0 0 0 0 0 0 0 0 0 0 0 0 0 0 0 0 0 0 0 0 0 0 0 0 0 0 0
71 : 166 168 173 175 171 173 179 179 179 179 182 184 184 187 183 187 192 191 190 186 178 100 8 0 0 0 0 0 0 0 0 0 0 0 0 0 0 0 0 0 0 0 0 0 0 0 0 0 0 0 0
72 : 167 169 174 176 173 174 180 179 180 180 182 184 185 188 184 188 192 191 190 186 179 101 8 0 0 0 0 0 0 0 0 0 0 0 0 0 0 0 0 0 0 0 0 0 0 0 0 0 0 0 0
73 : 167 169 173 175 172 173 179 179 179 180 182 184 184 187 183 188 192 191 189 185 179 100 8 0 0 0 0 0 0 0 0 0 0 0 0 0 0 0 0 0 0 0 0 0 0 0 0 0 0 0 0
74 : 170 169 173 175 172 174 179 179 179 180 182 184 184 187 184 188 192 191 189 186 179 101 8 0 0 0 0 0 0 0 0 0 0 0 0 0 0 0 0 0 0 0 0 0 0 0 0 0 0 0 0
75 : 169 169 173 175 172 173 179 179 179 180 182 184 184 187 183 187 192 191 189 186 179 101 8 0 0 0 0 0 0 0 0 0 0 0 0 0 0 0 0 0 0 0 0 0 0 0 0 0 0 0 0
76 : 169 169 172 174 171 173 178 179 179 179 182 183 183 187 183 188 192 190 189 184 179 101 8 0 0 0 0 0 0 0 0 0 0 0 0 0 0 0 0 0 0 0 0 0 0 0 0 0 0 0 0
77 : 169 171 174 176 172 174 180 180 180 180 183 184 185 188 184 189 193 191 190 185 180 102 8 0 0 0 0 0 0 0 0 0 0 0 0 0 0 0 0 0 0 0 0 0 0 0 0 0 0 0 0
78 : 168 170 173 175 172 173 179 179 179 180 181 184 185 187 184 188 192 191 190 184 180 103 8 0 0 0 0 0 0 0 0 0 0 0 0 0 0 0 0 0 0 0 0 0 0 0 0 0 0 0 0
79 : 170 172 174 176 172 174 180 180 180 181 183 185 185 188 184 189 193 192 190 186 182 108 9 0 0 0 0 0 0 0 0 0 0 0 0 0 0 0 0 0 0 0 0 0 0 0 0 0 0 0 0
80 : 168 171 173 175 171 173 178 179 179 180 181 184 184 187 183 188 192 190 190 185 180 110 9 0 0 0 0 0 0 0 0 0 0 0 0 0 0 0 0 0 0 0 0 0 0 0 0 0 0 0 0
81 : 168 171 173 175 171 173 179 178 179 180 181 184 183 187 183 188 193 191 189 186 180 113 9 0 0 0 0 0 0 0 0 0 0 0 0 0 0 0 0 0 0 0 0 0 0 0 0 0 0 0 0
82 : 169 173 174 176 171 174 180 180 180 181 181 185 184 188 183 189 193 190 191 189 182 119 10 0 0 0 0 0 0 0 0 0 0 0 0 0 0 0 0 0 0 0 0 0 0 0 0 0 0 0 0
83 : 167 172 174 176 170 173 180 179 180 180 181 184 183 187 184 189 192 191 190 189 181 125 11 0 0 0 0 0 0 0 0 0 0 0 0 0 0 0 0 0 0 0 0 0 0 0 0 0 0 0 0
84 : 167 173 173 175 171 173 180 179 179 181 180 184 182 187 184 189 191 191 190 192 181 134 13 0 0 0 0 0 0 0 0 0 0 0 0 0 0 0 0 0 0 0 0 0 0 0 0 0 0 0 0
85 : 165 172 173 174 170 172 179 179 180 180 181 184 182 187 185 191 191 191 188 192 179 147 16 0 0 0 0 0 0 0 0 0 0 0 0 0 0 0 0 0 0 0 0 0 0 0 0 0 0 0 0
86 : 163 170 171 173 168 171 177 176 177 177 180 182 180 186 184 189 189 188 185 192 179 159 21 0 0 0 0 0 0 0 0 0 0 0 0 0 0 0 0 0 0 0 0 0 0 0 0 0 0 0 0
87 : 162 171 173 173 169 172 179 178 179 179 182 184 181 186 186 190 187 188 187 193 182 172 30 0 0 0 0 0 0 0 0 0 0 0 0 0 0 0 0 0 0 0 0 0 0 0 0 0 0 0 0
88 : 160 170 171 172 168 171 177 177 177 178 182 183 179 184 186 188 185 184 186 189 184 173 47 0 0 0 0 0 0 0 0 0 0 0 0 0 0 0 0 0 0 0 0 0 0 0 0 0 0 0 0
89 : 160 170 172 173 169 174 178 179 179 180 183 184 180 185 189 188 185 183 190 190 185 181 65 0 0 0 0 0 0 0 0 0 0 0 0 0 0 0 0 0 0 0 0 0 0 0 0 0 0 0 0
90 : 158 165 170 169 167 173 174 178 176 180 179 181 176 181 188 185 186 184 190 187 180 183 90 0 0 0 0 0 0 0 0 0 0 0 0 0 0 0 0 0 0 0 0 0 0 0 0 0 0 0 0
91 : 157 162 167 166 167 175 174 176 177 180 178 179 176 180 188 184 186 185 194 185 178 182 115 4 0 0 0 0 0 0 0 0 0 0 0 0 0 0 0 0 0 0 0 0 0 0 0 0 0 0 0
92 : 161 156 167 163 168 177 174 176 176 179 180 181 180 180 189 185 185 189 193 185 177 180 149 10 0 0 0 0 0 0 0 0 0 0 0 0 0 0 0 0 0 0 0 0 0 0 0 0 0 0 0
93 : 160 150 162 156 169 173 176 175 173 175 177 181 180 177 188 185 183 190 190 187 182 179 166 20 0 0 0 0 0 0 0 0 0 0 0 0 0 0 0 0 0 0 0 0 0 0 0 0 0 0 0
94 : 163 147 151 155 170 172 180 180 175 177 178 183 181 175 183 182 187 186 193 193 188 188 173 53 0 0 0 0 0 0 0 0 0 0 0 0 0 0 0 0 0 0 0 0 0 0 0 0 0 0 0
95 : 161 145 142 140 159 165 176 177 173 173 179 181 181 175 178 189 185 183 189 193 188 183 182 115 0 0 0 0 0 0 0 0 0 0 0 0 0 0 0 0 0 0 0 0 0 0 0 0 0 0 0
96 : 162 148 139 128 138 162 171 177 170 173 182 181 180 181 183 192 184 185 184 190 186 184 182 157 10 0 0 0 0 0 0 0 0 0 0 0 0 0 0 0 0 0 0 0 0 0 0 0 0 0 0
97 : 164 152 139 116 117 156 170 177 172 177 178 180 185 184 184 192 187 188 188 185 189 189 183 183 51 0 0 0 0 0 0 0 0 0 0 0 0 0 0 0 0 0 0 0 0 0 0 0 0 0 0
98 : 163 151 138 114 89 126 166 171 172 172 177 181 187 178 183 184 188 186 185 185 187 189 189 181 133 1 0 0 0 0 0 0 0 0 0 0 0 0 0 0 0 0 0 0 0 0 0 0 0 0 0
99 : 165 153 138 111 83 110 141 170 175 173 175 183 177 184 190 182 188 188 191 188 189 190 192 189 178 26 0 0 0 0 0 0 0 0 0 0 0 0 0 0 0 0 0 0 0 0 0 0 0 0 0
100 : 167 152 138 109 79 94 118 155 172 172 173 176 177 183 187 184 188 184 190 190 192 191 190 190 187 146 0 0 0 0 0 0 0 0 0 0 0 0 0 0 0 0 0 0 0 0 0 0 0 0 0
101 : 165 154 141 107 73 77 90 133 160 169 167 175 178 182 184 189 181 194 189 191 188 193 192 192 193 186 46 0 0 0 0 0 0 0 0 0 0 0 0 0 0 0 0 0 0 0 0 0 0 0 0
1 : 164 153 139 106 71 75 88 131 160 169 167 176 179 182 184 189 181 195 190 192 188 193 192 193 193 186 46 0 0 0 0 0 0 0 0 0 0 0 0 0 0 0 0 0 0 0 0 0 0 0 0
2 : 164 157 143 106 74 64 68 99 135 157 173 170 173 186 187 181 186 183 194 192 193 191 191 190 190 189 158 5 0 0 0 0 0 0 0 0 0 0 0 0 0 0 0 0 0 0 0 0 0 0 0
3 : 167 155 149 107 71 60 65 69 114 146 157 167 175 178 184 188 181 182 195 192 190 193 194 194 196 191 186 102 0 0 0 0 0 0 0 0 0 0 0 0 0 0 0 0 0 0 0 0 0 0 0
4 : 175 159 151 109 72 58 61 57 86 128 147 154 164 169 181 183 184 178 186 193 193 188 190 192 197 196 193 190 55 0 0 0 0 0 0 0 0 0 0 0 0 0 0 0 0 0 0 0 0 0 0
5 : 177 166 153 108 73 56 55 49 70 91 138 135 147 164 167 178 181 182 176 184 190 197 192 192 192 193 196 194 183 22 0 0 0 0 0 0 0 0 0 0 0 0 0 0 0 0 0 0 0 0 0
6 : 178 174 160 108 82 61 51 46 59 82 110 129 122 151 168 159 172 177 187 179 185 184 192 194 195 190 196 196 189 179 16 0 0 0 0 0 0 0 0 0 0 0 0 0 0 0 0 0 0 0 0
7 : 168 177 170 123 89 67 48 43 58 71 92 114 118 125 147 169 161 176 182 188 181 187 192 194 196 192 199 199 200 188 175 9 0 0 0 0 0 0 0 0 0 0 0 0 0 0 0 0 0 0 0
8 : 166 176 173 155 101 71 47 39 54 59 71 93 112 107 126 159 158 146 169 179 184 184 187 193 197 190 190 195 202 197 185 178 7 0 0 0 0 0 0 0 0 0 0 0 0 0 0 0 0 0 0
9 : 123 173 174 174 131 83 49 37 46 48 64 82 106 93 106 134 146 155 145 157 176 179 185 188 189 198 194 189 191 199 196 190 175 8 0 0 0 0 0 0 0 0 0 0 0 0 0 0 0 0 0
10 : 90 156 173 177 168 120 56 39 42 42 61 76 90 85 86 109 121 136 154 126 159 164 180 185 186 188 193 191 195 196 201 196 195 178 13 0 0 0 0 0 0 0 0 0 0 0 0 0 0 0 0
11 : 88 117 165 179 176 168 93 45 37 37 57 66 75 72 85 85 106 135 128 149 115 147 151 172 181 186 188 191 191 191 197 203 200 192 186 20 0 0 0 0 0 0 0 0 0 0 0 0 0 0 0
12 : 86 88 137 171 182 183 156 58 40 35 57 60 69 59 82 76 100 125 131 135 128 118 141 143 172 174 186 184 193 192 196 199 197 203 199 188 33 0 0 0 0 0 0 0 0 0 0 0 0 0 0
13 : 75 59 103 154 183 177 176 136 51 31 51 51 60 51 62 64 77 100 132 115 130 109 119 129 140 155 169 178 178 188 182 195 199 196 203 195 192 63 0 0 0 0 0 0 0 0 0 0 0 0 0
14 : 65 48 67 118 169 180 181 173 110 39 44 48 57 49 52 53 63 92 114 113 110 120 106 111 121 122 160 175 166 176 176 183 189 202 200 197 199 197 129 0 0 0 0 0 0 0 0 0 0 0 0
15 : 72 46 52 72 118 173 175 179 174 102 44 46 54 43 47 46 51 78 97 103 100 105 118 96 94 123 102 145 161 164 178 173 177 178 194 198 200 193 201 174 7 0 0 0 0 0 0 0 0 0 0
16 : 84 46 49 62 79 119 167 182 182 171 112 53 53 44 41 38 43 57 82 92 101 100 112 85 96 102 121 118 127 146 155 171 161 162 174 190 198 195 200 197 193 45 0 0 0 0 0 0 0 0 0
17 : 89 48 44 55 62 76 143 183 185 186 165 114 54 44 38 38 42 47 75 96 90 92 108 76 88 86 98 91 123 121 147 152 159 155 149 175 178 192 194 198 193 195 136 1 0 0 0 0 0 0 0
18 : 89 49 38 39 42 60 79 154 180 183 185 177 116 45 37 34 38 38 68 89 72 89 90 76 78 82 84 111 78 113 120 137 150 144 157 141 145 174 182 187 199 191 190 185 25 0 0 0 0 0 0
19 : 106 52 31 34 33 51 46 99 162 187 189 193 175 106 42 34 35 36 55 69 58 74 76 88 67 75 77 73 77 97 99 113 120 148 128 143 146 139 167 174 175 190 190 196 190 141 0 0 0 0 0
20 : 113 53 22 30 26 46 37 62 91 169 187 193 190 178 101 39 34 35 45 57 54 61 60 74 66 73 63 60 63 90 105 93 111 130 140 145 143 137 133 136 167 169 175 186 191 185 176 25 0 0 0
21 : 93 57 21 29 23 39 27 34 66 114 176 187 194 190 175 97 38 36 44 51 48 58 56 57 62 56 63 54 51 65 79 97 84 102 119 126 110 137 129 119 119 160 157 164 166 178 179 184 137 2 0
22 : 98 58 22 27 21 32 25 31 51 66 126 182 192 188 192 180 86 45 44 50 45 57 49 54 64 53 61 54 45 61 82 78 93 100 103 111 123 109 123 105 104 111 149 148 163 138 168 175 186 177 43
23 : 102 54 24 24 18 27 21 33 40 61 55 142 182 192 195 196 177 95 53 48 45 52 48 50 57 41 51 47 43 52 68 55 82 89 77 110 107 115 111 123 107 105 101 132 150 148 123 145 178 180 177
24 : 111 57 28 23 19 22 17 28 30 43 53 82 164 188 190 199 194 175 109 63 49 45 51 49 53 40 41 42 43 50 49 71 61 79 79 96 95 101 108 117 108 97 97 84 124 142 133 129 137 147 177
25 : 104 61 31 21 18 21 13 22 20 30 50 50 91 165 191 192 198 195 176 128 52 38 52 41 50 37 33 36 33 42 38 55 52 60 68 79 83 91 97 93 119 107 101 83 78 97 123 137 105 102 136
26 : 109 68 32 21 19 21 14 21 20 24 37 43 60 108 180 189 193 197 197 178 118 46 53 38 42 29 26 32 32 38 36 31 43 54 70 67 62 86 89 93 94 114 75 92 78 68 90 108 123 110 102
27 : 115 87 34 23 18 19 13 20 18 22 29 39 49 68 125 189 193 199 200 195 186 103 78 37 34 23 25 31 30 34 34 24 39 48 66 52 62 69 81 68 82 109 101 102 71 95 64 98 105 112 122
28 : 127 82 36 20 15 19 14 16 13 19 26 30 32 48 74 145 188 193 197 198 192 174 117 44 33 19 24 29 27 29 31 24 33 45 59 42 60 57 73 72 69 79 111 93 91 76 73 65 96 107 108
29 : 134 91 39 24 19 16 15 13 17 17 21 25 25 38 52 70 177 195 200 201 197 199 182 75 42 19 27 31 24 23 28 22 27 41 45 37 48 49 68 78 62 76 78 93 80 69 55 58 71 93 111
30 : 144 99 42 21 22 14 11 9 15 15 18 22 21 30 35 61 94 187 195 196 199 199 196 173 78 28 25 31 22 18 25 20 25 32 36 31 41 41 50 76 52 65 68 109 79 68 63 67 57 69 80
31 : 141 110 44 24 20 14 11 8 13 15 14 18 19 24 29 53 52 136 191 193 197 198 201 194 163 62 26 30 21 17 22 20 23 28 32 26 36 36 48 73 53 54 61 73 78 53 52 57 69 48 71
32 : 139 116 47 28 15 12 15 10 14 17 14 14 19 18 27 44 40 85 173 198 190 197 197 203 192 144 53 28 22 18 23 20 22 29 28 23 32 31 41 61 55 42 57 60 82 60 58 59 42 50 64
33 : 150 112 55 21 17 9 11 13 13 15 14 16 17 17 22 29 38 56 94 181 198 195 198 197 203 186 135 34 21 19 24 17 20 27 26 22 28 26 34 48 35 34 49 57 79 55 48 41 38 46 60
34 : 154 112 61 18 14 9 8 14 14 13 15 17 14 14 18 21 33 47 65 146 193 196 199 199 201 197 184 91 26 19 24 18 22 25 24 19 27 25 33 49 30 30 47 48 55 53 40 37 47 39 41
35 : 159 120 57 24 9 13 8 13 16 12 15 18 12 13 18 17 31 31 58 71 170 193 199 201 202 197 199 177 55 22 21 19 25 24 23 20 24 24 25 42 33 27 39 40 43 47 35 42 35 33 34
36 : 165 130 59 28 9 11 11 11 17 13 12 18 12 12 15 15 29 24 47 57 113 185 193 199 198 199 199 194 163 40 23 17 23 23 21 21 22 27 25 39 30 24 31 35 35 38 29 41 22 27 28
37 : 166 134 67 23 14 6 11 13 14 12 10 19 10 12 16 12 23 21 39 47 63 152 191 195 200 201 198 200 187 112 34 20 28 22 23 25 19 27 31 37 26 21 31 34 29 34 31 38 15 21 31
38 : 168 133 78 19 12 10 11 17 10 14 8 15 9 12 17 12 21 19 35 45 48 92 179 188 197 198 197 200 199 176 93 31 28 20 20 29 18 27 25 33 26 20 29 32 29 33 30 31 16 21 27
39 : 168 136 82 22 7 15 11 13 11 14 10 12 7 11 16 13 21 20 30 34 43 61 124 183 194 200 199 200 200 189 174 50 33 20 19 28 20 26 23 30 24 21 29 29 28 35 24 26 17 21 26
40 : 163 142 95 15 10 13 15 9 13 9 13 10 8 13 16 15 20 20 23 32 34 41 88 148 188 196 198 197 198 197 182 160 35 27 22 20 21 24 22 24 24 23 28 22 32 32 24 23 15 24 22
41 : 159 146 90 16 12 12 10 10 12 8 12 8 12 13 13 16 21 20 19 26 26 30 63 92 166 195 200 197 201 202 188 188 123 31 31 20 21 24 26 22 22 27 26 18 33 29 20 20 16 20 21
42 : 159 153 93 19 13 14 11 11 10 10 9 7 13 11 14 17 19 19 18 24 19 25 48 74 111 186 200 202 194 198 196 187 177 100 37 21 22 22 30 24 20 27 29 19 29 27 19 18 17 15 21
43 : 159 161 99 26 13 10 8 11 7 10 9 9 11 11 14 21 18 19 18 20 15 18 40 71 78 148 193 197 196 197 200 185 192 164 79 23 26 19 27 24 27 22 31 24 26 23 18 17 17 15 18
44 : 162 166 101 20 11 11 9 12 6 8 7 12 11 12 15 18 17 17 20 20 13 16 30 63 66 99 177 197 197 201 197 190 193 183 109 44 26 27 24 22 29 19 25 29 29 23 21 18 20 14 14
45 : 162 164 121 28 13 9 12 7 9 11 7 13 12 13 19 18 18 15 23 21 15 17 23 48 55 69 147 187 199 195 201 199 184 198 167 87 28 28 26 25 22 22 22 26 28 23 19 17 15 14 13
46 : 161 159 117 28 8 10 11 6 8 7 8 11 13 13 20 17 17 12 22 18 18 16 21 37 45 59 101 165 195 198 197 200 180 194 193 141 52 27 25 23 17 33 22 30 25 21 17 16 14 16 8
47 : 162 162 130 35 13 18 6 9 10 6 9 12 14 16 17 14 17 13 17 14 15 17 20 33 36 52 70 135 192 199 197 196 191 194 197 181 107 40 21 25 21 28 24 32 26 21 17 19 16 16 11
48 : 161 162 129 35 19 9 6 9 7 8 13 11 15 15 18 13 16 19 14 10 14 18 19 31 28 46 53 110 175 199 195 193 195 187 197 196 164 63 25 20 32 25 25 27 22 23 16 15 17 13 12
49 : 164 162 143 39 11 7 10 12 6 10 14 13 14 17 15 15 14 21 20 12 15 19 20 30 27 42 46 84 142 195 194 196 198 186 199 197 189 132 34 20 33 27 29 25 22 23 19 14 20 13 12
50 : 163 161 135 52 9 7 9 6 8 17 10 10 19 18 18 16 19 14 16 14 16 14 21 26 30 34 45 69 123 160 194 200 193 195 203 198 196 179 73 31 22 33 34 22 22 17 16 19 18 16 14
51 : 163 162 152 61 7 10 10 7 14 11 12 13 17 15 17 21 21 15 9 12 15 15 24 22 31 26 43 57 98 126 182 195 198 199 194 205 196 194 142 42 27 28 24 20 21 15 15 16 13 15 14
52 : 165 161 160 69 11 10 7 9 15 13 11 14 21 17 16 16 15 20 10 13 19 14 28 19 32 27 39 50 84 94 168 195 200 200 188 198 201 200 188 107 35 27 23 23 19 19 17 14 16 16 20
53 : 164 160 152 53 11 6 7 11 11 10 17 23 14 13 14 20 12 14 14 18 13 16 27 20 31 30 35 46 71 75 129 186 196 196 183 194 200 198 198 138 58 28 21 23 17 15 15 15 17 18 22
54 : 165 160 154 66 15 8 9 10 12 17 15 23 15 20 18 14 17 12 14 20 13 23 21 21 29 34 33 45 64 64 99 155 196 194 194 195 201 199 204 182 140 27 23 18 19 13 16 20 14 19 19
55 : 165 158 153 83 16 11 9 13 14 14 23 16 12 18 17 14 11 17 14 11 15 26 21 21 24 35 30 43 61 56 75 125 193 193 195 192 202 195 201 194 154 40 22 18 15 18 15 15 15 20 20
56 : 164 158 155 97 19 11 11 10 16 10 18 11 12 17 9 20 12 15 18 12 17 28 20 20 21 34 29 39 52 43 60 104 173 197 200 185 199 200 199 200 177 88 24 19 13 17 15 17 20 21 25
57 : 165 159 152 114 16 10 10 18 12 19 14 15 21 15 13 13 18 15 13 16 24 18 17 20 25 30 32 38 44 40 52 81 140 192 202 180 196 200 196 200 194 153 37 21 19 17 16 19 25 23 21
58 : 165 158 153 121 20 11 23 12 13 14 13 15 14 11 18 16 14 18 13 17 24 23 21 22 22 29 37 44 38 35 46 70 122 177 196 187 197 198 199 204 200 179 109 21 15 13 19 25 20 21 18
59 : 166 160 156 132 19 16 17 12 19 13 13 16 11 21 15 14 13 11 13 17 20 18 26 24 26 27 39 42 39 28 42 64 99 154 190 195 195 197 202 206 202 189 155 36 24 17 18 18 18 21 34
60 : 165 159 158 136 31 18 11 14 14 11 20 12 16 13 13 10 13 11 23 19 19 22 23 22 28 28 39 36 34 26 37 57 78 126 175 197 188 198 196 198 204 196 175 72 23 20 21 20 21 26 19
61 : 165 159 160 135 53 12 10 15 12 15 11 15 15 13 10 18 10 14 16 22 19 22 22 24 27 35 37 35 27 25 34 52 61 94 151 193 183 198 193 202 203 202 191 142 39 21 22 27 22 25 20
62 : 166 160 159 138 52 11 18 12 18 15 12 22 13 11 16 13 13 20 20 19 17 23 20 21 29 37 34 39 25 25 36 47 56 77 124 182 187 198 196 201 205 201 196 176 79 21 32 29 31 20 30
63 : 165 159 160 141 62 19 16 16 19 10 14 12 10 13 17 14 17 19 23 21 23 17 25 29 30 37 30 32 19 30 39 40 51 61 98 147 189 182 198 199 205 200 194 197 138 37 20 29 29 29 18
64 : 167 160 162 154 77 21 17 17 15 8 13 14 10 18 14 12 20 21 22 22 20 21 30 33 28 30 35 25 20 32 45 36 47 59 80 117 173 181 200 200 203 202 197 202 183 65 26 26 21 22 21
65 : 166 159 160 156 84 18 19 18 10 12 14 11 20 14 11 22 18 20 23 23 19 26 24 31 33 25 40 25 24 30 43 35 42 56 66 102 139 177 197 199 202 203 198 198 193 143 34 23 23 15 18
66 : 165 158 161 153 95 28 20 11 15 14 11 23 11 12 15 14 19 21 16 15 21 25 25 31 24 31 28 24 29 34 37 38 41 53 64 85 107 163 195 198 202 206 197 198 196 174 82 27 15 32 16
67 : 167 160 161 163 105 38 17 28 12 11 21 14 16 13 21 19 20 22 23 30 27 30 30 37 23 38 25 26 27 40 34 43 47 49 58 76 93 147 193 198 205 202 199 201 200 187 118 25 34 17 16
68 : 167 160 160 157 126 36 32 12 13 22 13 15 12 23 16 24 28 21 22 30 27 29 28 25 25 30 25 25 29 41 29 39 44 45 50 66 76 126 178 196 208 202 202 201 204 197 161 57 23 23 21
69 : 167 161 161 157 133 50 9 20 21 12 14 8 14 15 19 29 21 21 25 24 34 22 33 21 34 24 25 26 36 38 33 39 40 41 42 65 66 106 161 191 202 201 203 201 204 198 179 119 26 21 18
70 : 167 159 159 164 138 37 21 20 15 14 10 11 16 24 17 23 21 28 19 26 25 24 32 26 33 25 27 23 44 31 36 43 38 36 42 61 64 89 128 185 200 197 198 198 198 200 192 152 49 18 18
71 : 167 159 157 166 139 45 20 16 18 10 15 20 23 15 25 22 29 18 25 29 24 36 31 25 23 23 29 37 35 31 33 40 41 36 41 56 58 83 94 165 203 200 197 201 197 201 198 186 74 20 14
72 : 168 160 158 167 152 56 16 16 13 18 15 21 19 22 14 24 15 19 26 31 27 25 25 25 26 26 28 46 34 34 38 35 38 34 39 53 51 68 82 137 197 200 201 203 199 202 197 197 148 28 12
73 : 166 159 156 164 158 66 14 13 25 20 21 19 31 20 21 12 23 23 30 24 23 29 28 24 26 30 35 33 26 35 30 30 27 36 37 49 47 59 64 107 183 194 199 201 197 199 199 200 175 55 14
74 : 168 160 158 163 159 98 18 19 16 23 16 31 28 26 13 23 22 28 35 28 37 31 24 30 25 27 39 31 28 39 34 32 27 46 43 48 51 54 53 85 166 189 201 202 199 201 199 201 196 104 22
75 : 167 160 158 157 163 94 26 15 21 18 22 30 24 16 19 21 34 32 25 36 30 33 30 24 26 31 32 31 33 33 31 26 30 44 45 42 56 51 52 73 148 186 199 199 200 201 197 199 198 158 54
76 : 167 160 158 156 163 108 30 16 15 18 28 15 13 17 26 26 29 18 34 26 28 28 28 23 20 25 29 24 33 31 29 20 42 43 53 39 62 46 55 63 124 163 192 200 198 199 196 197 200 178 75
77 : 168 162 158 158 166 125 36 10 22 26 20 18 20 29 24 26 25 34 26 21 33 25 21 31 21 36 32 29 38 32 25 30 48 37 55 36 58 41 55 55 102 137 190 198 198 198 199 199 204 193 133
78 : 167 161 157 157 167 129 41 20 23 17 20 24 24 17 28 23 31 28 24 32 24 22 29 19 29 38 24 28 30 38 21 38 41 42 43 38 47 39 49 44 89 112 174 192 199 196 197 198 204 202 173
79 : 168 163 158 157 166 148 67 25 23 21 25 21 21 18 19 33 35 36 26 18 21 26 27 25 40 26 28 32 33 29 27 49 33 44 37 45 39 43 48 44 81 97 148 188 203 196 195 200 202 202 187
80 : 166 159 157 154 167 137 62 22 17 26 24 20 18 25 32 34 31 22 24 18 24 33 25 33 28 26 24 29 41 23 27 41 33 45 36 45 35 43 43 42 72 83 118 171 201 193 194 198 199 198 197
81 : 168 159 159 156 165 144 79 16 25 22 19 20 24 30 29 32 21 33 19 23 35 24 30 43 21 22 25 33 25 24 43 34 35 40 36 45 38 39 39 45 64 80 98 141 195 197 195 197 204 201 200
82 : 169 160 162 158 168 157 103 30 19 23 23 23 24 24 47 19 33 19 21 31 28 24 42 23 26 35 30 28 22 37 37 37 38 40 43 40 43 36 36 52 60 74 78 120 180 197 193 200 204 204 201
83 : 168 159 161 158 167 153 112 26 18 20 14 23 25 43 18 30 20 21 27 29 17 30 27 23 31 40 25 22 32 39 33 40 37 35 36 35 47 38 36 50 55 67 63 100 157 194 197 197 199 202 197
84 : 170 161 162 161 169 160 131 28 23 15 23 32 48 19 42 26 23 24 36 20 24 26 22 27 43 26 18 28 37 32 43 30 38 41 41 38 44 38 38 38 56 58 59 84 122 181 199 198 200 204 202
85 : 168 159 159 160 165 169 121 41 21 19 33 41 21 29 24 19 24 34 19 24 25 22 30 35 32 19 24 26 46 37 32 33 40 43 38 44 36 42 36 36 54 52 54 80 99 151 193 190 199 208 202
86 : 168 158 158 162 161 170 135 53 19 30 25 26 22 24 19 23 36 19 22 29 22 25 28 36 24 28 36 44 29 36 34 33 36 35 38 44 35 34 32 37 51 50 52 73 83 112 174 193 197 207 199
87 : 168 159 158 159 162 172 138 52 36 18 28 23 24 19 20 38 23 20 38 26 22 32 33 31 25 41 26 34 36 32 35 36 35 34 40 38 36 28 40 36 47 46 46 66 64 90 137 193 195 203 201
88 : 168 159 159 158 163 171 156 92 28 28 29 24 20 17 36 26 17 34 27 19 39 30 26 19 32 26 30 28 29 26 34 22 44 33 51 37 40 27 36 43 46 47 41 56 57 64 103 179 191 201 204
89 : 170 161 161 160 162 175 160 116 45 27 19 30 19 30 30 19 40 26 17 33 33 23 17 25 38 29 30 43 20 38 26 40 38 34 41 36 40 40 35 45 45 50 43 48 54 52 85 142 187 203 204
90 : 171 160 160 161 159 174 167 133 39 26 30 20 29 28 17 40 20 20 26 29 28 15 22 42 34 22 40 26 33 24 29 40 36 46 36 39 32 40 47 37 46 39 48 45 45 40 67 100 156 189 202
91 : 170 160 159 163 153 169 173 144 55 32 23 21 26 16 35 21 24 35 31 26 18 18 31 34 26 34 25 32 36 27 50 44 32 39 29 40 38 36 37 33 54 35 48 43 38 38 53 66 116 156 196
92 : 171 162 161 160 154 162 176 151 91 37 23 26 16 35 24 23 34 32 23 26 15 25 27 30 29 34 23 32 31 45 41 36 46 36 33 27 46 41 34 37 56 35 46 43 33 42 48 51 93 125 162
93 : 172 162 161 161 157 158 175 159 88 38 23 15 33 25 26 32 27 23 30 21 24 29 30 24 37 25 35 33 33 31 35 41 45 30 26 42 31 35 33 47 42 36 36 42 30 38 46 48 67 97 124
94 : 171 163 161 162 159 150 172 178 132 32 19 28 25 32 35 28 28 28 24 22 29 35 24 33 25 40 35 29 40 37 33 39 34 32 28 43 36 29 37 48 31 41 31 40 30 35 42 40 50 70 90
95 : 171 163 161 160 155 149 166 185 145 47 23 24 31 32 31 29 26 24 20 27 27 23 27 29 44 34 28 41 36 31 37 36 32 27 36 30 27 26 48 45 24 41 37 35 29 34 33 36 43 48 88
96 : 171 162 160 160 154 143 159 183 158 65 25 29 25 32 30 28 24 19 31 31 25 21 28 38 32 26 41 41 32 40 42 37 28 27 31 41 21 32 43 33 27 28 45 38 25 36 28 36 41 39 63
97 : 172 163 163 162 155 149 148 181 174 117 49 28 29 31 25 23 19 28 33 34 24 25 40 35 23 26 35 32 38 49 35 36 36 35 31 32 27 32 54 25 37 30 39 37 25 41 27 34 36 31 46
98 : 171 161 162 160 153 141 136 175 176 142 45 25 35 23 22 20 29 26 40 20 26 43 38 28 24 35 27 35 44 30 29 32 26 33 39 25 29 47 35 27 32 38 37 35 29 37 27 34 31 29 32
99 : 173 164 165 162 155 137 127 162 180 155 84 33 24 24 20 28 32 42 20 24 41 47 26 27 40 26 35 36 33 27 27 24 38 29 30 29 32 58 26 39 21 36 29 27 37 29 27 33 29 26 28
100 : 171 162 162 162 154 140 125 136 176 171 122 37 26 23 22 27 43 21 25 42 40 25 29 32 26 33 37 39 27 32 26 42 28 42 33 25 50 34 25 37 31 30 29 23 45 25 30 32 29 24 25
101 : 173 165 163 168 156 143 125 117 170 183 164 56 31 22 24 40 21 27 33 29 30 26 30 31 33 42 41 31 28 36 32 33 31 33 26 35 50 31 31 32 34 27 33 24 40 23 34 37 26 24 20
1 : 174 166 164 169 157 148 134 123 169 180 164 63 38 27 29 47 26 34 40 36 38 32 37 40 42 51 49 40 36 45 41 42 38 40 34 44 59 40 39 40 43 35 42 30 51 30 43 46 33 31 25
2 : 174 166 164 167 160 150 139 110 150 176 167 121 30 30 46 30 36 41 35 37 34 52 42 42 53 41 42 36 47 31 49 38 36 40 32 64 42 28 44 36 41 42 33 45 38 27 40 41 34 28 26
3 : 173 165 159 166 159 149 138 93 116 164 180 157 69 42 26 35 43 40 33 37 47 37 35 49 43 37 36 45 30 49 42 30 44 30 48 50 38 38 42 45 36 42 30 49 36 35 40 35 33 24 29
4 : 174 166 159 170 160 153 143 90 92 144 176 175 108 34 33 40 48 35 33 41 34 34 48 39 33 35 49 34 38 39 29 44 28 44 54 48 35 45 43 35 38 36 42 45 30 43 43 38 32 23 33
5 : 173 166 158 170 161 145 140 86 84 122 168 181 140 57 40 51 42 39 40 36 34 54 43 30 33 54 33 33 34 26 41 36 44 55 50 35 56 39 42 37 40 35 49 35 30 38 37 33 29 24 30
6 : 172 166 157 166 165 145 141 87 77 112 150 177 170 99 54 34 32 33 32 45 45 47 33 40 52 42 36 33 22 41 28 42 52 45 45 44 42 30 38 38 42 46 46 33 31 37 37 26 27 22 22
7 : 174 168 159 167 166 154 143 90 73 94 126 176 175 159 65 39 44 33 47 39 45 37 39 51 44 51 34 26 38 27 41 39 40 50 36 43 35 43 35 30 41 39 31 32 29 42 29 25 26 31 21
8 : 172 166 157 162 165 156 142 99 71 78 98 163 182 170 120 49 31 41 34 37 33 44 41 39 49 32 32 32 33 36 53 44 46 38 38 47 40 44 33 35 36 45 33 31 37 35 24 26 29 28 18
9 : 174 167 160 163 170 161 148 104 76 68 89 144 182 179 154 73 38 36 31 37 50 35 33 48 32 33 35 41 44 51 44 45 37 37 54 31 47 37 40 35 39 29 31 30 44 29 28 34 34 23 18
10 : 173 164 159 163 166 162 151 104 80 63 75 116 167 184 181 111 54 42 38 51 41 43 49 27 32 34 40 36 45 45 34 40 39 44 34 37 35 34 33 33 29 28 29 37 39 25 32 32 30 18 26
11 : 172 164 160 162 161 155 159 112 97 59 80 86 155 182 181 148 79 37 43 42 39 50 29 28 32 38 31 47 48 32 37 36 44 41 41 44 29 40 33 34 32 30 32 37 32 26 26 32 26 23 24
12 : 173 165 160 165 160 151 168 114 97 63 79 75 137 179 190 169 126 52 35 40 45 37 32 30 30 43 45 40 33 40 33 36 47 42 47 24 40 35 41 34 34 29 39 40 29 26 27 34 25 27 23
13 : 172 163 157 163 157 152 160 117 99 72 72 62 116 164 187 180 160 56 33 43 38 28 38 30 35 42 40 38 36 41 38 51 35 47 26 38 39 33 42 35 30 35 39 27 24 22 35 25 24 26 24
14 : 173 164 159 164 159 151 158 134 98 75 65 59 105 133 183 184 166 103 55 40 26 32 25 37 35 39 33 41 39 46 52 45 39 30 35 40 36 45 36 30 26 30 37 25 24 32 27 24 20 24 29
15 : 172 164 158 164 155 154 150 149 108 74 59 53 87 100 174 188 176 133 58 39 25 25 30 43 40 37 38 38 37 56 40 38 26 38 42 40 51 30 43 26 36 53 20 25 29 47 26 20 26 23 24
16 : 172 164 158 163 157 151 143 143 125 82 56 50 72 78 156 188 186 159 86 28 27 37 47 47 34 39 34 38 55 33 35 27 34 33 37 43 35 40 30 24 34 27 23 21 37 29 25 25 23 28 25
17 : 173 165 159 163 158 150 144 150 134 87 57 44 60 66 133 190 190 175 113 39 42 41 48 31 34 32 42 58 31 50 29 29 32 42 28 39 34 28 33 32 41 29 30 23 42 23 27 30 23 26 28
18 : 171 164 157 162 155 150 148 145 122 94 57 35 54 66 97 179 186 185 152 65 32 39 39 33 42 54 44 29 45 35 24 29 38 34 32 35 34 34 27 36 27 35 28 47 23 27 29 24 22 25 17
19 : 171 164 157 163 155 151 149 146 116 115 55 40 45 55 68 159 188 189 168 88 41 40 31 47 48 40 34 43 35 26 28 37 39 32 43 34 38 34 36 29 39 34 30 37 27 26 24 28 23 25 21
20 : 171 162 157 164 155 153 150 146 124 120 60 46 39 47 54 124 185 189 183 130 47 31 37 35 46 32 41 35 30 25 28 38 27 41 30 28 32 37 34 34 39 24 41 24 28 21 27 22 23 18 20
21 : 171 162 158 163 155 152 152 147 130 116 57 50 41 50 51 90 184 187 192 160 72 33 36 44 28 36 46 27 29 25 37 24 43 43 30 29 42 37 21 39 21 31 22 25 29 36 24 23 21 14 23
22 : 171 162 158 164 155 152 154 148 134 118 53 52 45 53 46 77 179 187 192 175 117 49 42 28 44 43 40 32 21 32 25 32 36 35 29 43 29 18 29 25 32 30 22 27 35 28 27 22 15 23 16
23 : 170 161 156 163 154 152 151 149 137 118 64 50 42 47 45 64 157 186 187 188 148 62 39 43 38 38 34 20 44 27 34 34 27 32 42 28 24 33 31 29 28 28 36 25 29 32 25 19 18 21 20
24 : 171 162 157 165 155 155 150 153 144 120 70 46 38 41 43 50 125 184 186 192 173 93 49 40 37 27 39 42 38 49 29 19 32 44 25 31 41 37 33 31 33 39 29 33 27 32 19 19 22 23 21
25 : 169 161 155 163 153 154 149 155 146 118 68 48 47 45 40 43 94 175 187 194 185 130 67 43 19 38 32 33 44 29 23 28 44 23 28 35 41 28 27 27 39 29 30 28 30 18 20 19 16 22 26
26 : 168 160 154 162 153 153 148 157 152 123 81 45 43 46 37 42 77 164 189 191 194 166 82 21 43 33 42 36 29 31 35 45 38 21 21 49 29 24 29 34 33 31 27 28 19 18 16 17 22 28 21
27 : 170 161 156 162 156 153 151 155 159 128 82 42 41 36 34 44 70 155 185 193 195 178 111 48 34 47 44 24 28 28 47 31 24 23 45 31 21 39 30 36 29 31 24 23 17 18 21 19 24 24 27
28 : 168 159 154 160 154 151 151 152 160 130 83 55 41 30 31 39 56 133 169 192 193 185 149 35 47 45 26 28 25 36 32 28 22 31 23 20 30 32 35 31 30 21 31 18 24 23 16 25 27 17 20
29 : 170 162 157 162 156 153 155 157 164 142 83 61 49 27 34 35 58 112 153 192 193 189 175 103 51 41 40 31 39 25 31 26 28 32 23 32 31 29 29 27 19 37 15 20 23 21 18 30 19 22 23
30 : 170 161 156 162 155 152 156 159 163 142 88 58 41 26 31 36 55 99 133 186 191 192 190 116 52 45 31 41 29 40 24 24 34 28 27 22 20 39 20 29 41 18 19 22 27 18 25 22 23 20 17
31 : 171 160 157 162 155 153 157 158 164 145 97 67 33 26 27 37 50 91 112 168 190 190 188 154 60 32 35 24 42 26 20 33 28 22 26 27 37 22 30 29 21 22 22 23 17 33 27 22 24 15 17
32 : 171 161 157 162 155 153 160 158 165 147 106 84 28 30 28 34 49 79 104 147 186 191 189 183 88 40 22 37 36 29 22 32 22 25 23 33 23 26 27 19 18 25 29 22 29 23 18 27 12 21 20
33 : 170 160 156 162 154 152 161 158 165 150 108 71 30 25 29 34 44 72 89 125 179 187 189 185 137 41 28 42 26 25 30 20 25 20 29 25 30 31 17 20 29 30 24 21 21 16 20 11 19 23 22
34 : 170 161 157 162 155 153 162 160 167 156 125 60 28 28 27 35 42 72 76 113 165 189 188 193 169 68 34 32 29 29 32 30 18 29 21 33 31 18 25 29 30 25 19 22 19 17 18 16 22 17 16
35 : 169 160 156 161 154 152 161 159 166 160 135 68 28 31 28 36 44 63 66 105 144 185 188 192 186 111 36 33 29 45 29 20 27 15 40 23 19 21 23 26 26 23 20 22 22 25 19 19 17 16 15
36 : 169 160 155 161 153 152 162 160 167 159 130 83 27 29 29 36 50 58 60 100 128 169 188 189 187 149 66 35 45 27 14 24 22 37 17 23 20 21 20 29 28 26 25 22 26 18 18 20 18 16 23
37 : 171 162 157 163 155 154 163 162 169 164 138 84 32 23 34 35 52 60 59 97 122 143 186 189 196 168 95 46 27 20 20 27 35 24 25 22 20 17 32 24 23 29 20 22 23 22 22 19 19 24 22
38 : 169 160 156 161 154 152 162 162 167 167 138 89 36 22 33 38 43 52 51 89 96 120 180 191 196 186 151 49 24 20 34 36 30 26 24 20 20 29 22 18 30 18 16 24 26 20 25 22 19 20 21
39 : 169 160 155 161 154 152 161 162 167 167 144 82 29 26 31 43 41 50 48 76 84 106 167 191 194 190 162 74 32 37 29 32 25 28 30 23 33 21 23 33 17 16 27 28 19 24 22 14 28 15 16
40 : 168 159 155 160 153 151 162 161 165 168 150 88 33 30 30 37 41 41 49 68 71 91 139 189 191 191 177 114 36 32 37 31 19 27 20 32 20 27 24 17 15 22 28 21 18 19 16 33 13 12 18
41 : 170 160 155 161 153 152 162 162 165 170 152 114 41 31 36 36 39 40 57 62 63 81 92 181 193 190 193 145 67 30 30 28 29 23 41 16 27 20 19 16 20 25 27 13 23 16 31 15 12 22 11
42 : 170 161 157 162 155 153 164 164 167 173 158 106 39 31 32 45 34 44 58 55 61 69 78 167 193 194 191 174 70 41 24 23 29 47 15 27 18 21 20 21 26 26 20 23 17 28 20 14 25 13 11
43 : 169 161 156 162 154 153 162 163 167 172 168 111 43 36 36 41 43 46 52 55 58 57 62 140 190 196 192 188 107 31 25 18 34 14 32 14 20 21 19 32 17 19 27 15 25 23 17 26 15 13 21
44 : 171 161 156 163 155 153 163 164 168 171 167 127 53 32 41 43 40 59 50 60 59 46 56 110 189 195 197 191 160 51 23 27 25 28 17 21 21 20 38 14 21 25 17 22 31 15 19 12 14 19 25
45 : 169 159 155 161 153 152 162 162 167 168 164 133 57 36 41 44 37 61 54 58 58 39 49 83 177 193 195 191 171 86 27 36 24 19 22 21 19 27 19 22 31 17 20 21 13 21 11 13 16 27 11
46 : 170 160 156 161 154 152 162 162 167 167 168 137 57 43 27 47 42 48 47 48 51 45 40 72 148 192 191 192 184 125 40 22 22 23 24 24 26 24 16 31 18 18 23 16 25 12 16 16 27 12 28
47 : 169 160 156 162 153 153 162 162 166 166 169 145 55 39 42 34 52 42 45 51 45 43 38 66 122 186 187 194 193 152 44 22 26 33 22 22 26 20 34 26 21 21 19 24 13 22 16 26 16 26 17
48 : 169 159 155 160 153 152 161 161 166 165 167 155 69 36 42 39 48 43 44 54 33 41 38 61 104 174 188 192 197 172 95 48 24 29 15 27 17 35 23 19 19 24 22 16 21 15 19 20 23 17 11
49 : 170 161 157 163 154 153 163 163 167 166 166 159 83 42 38 50 39 42 43 57 37 36 36 61 91 156 184 190 195 188 162 44 25 15 25 18 24 30 20 18 26 24 17 19 11 18 24 20 14 14 30
50 : 170 160 156 161 153 153 162 162 167 165 165 168 98 54 44 48 38 38 45 47 34 31 36 63 83 131 171 193 189 189 176 64 19 27 23 24 29 20 23 33 24 23 21 17 14 24 18 12 12 29 14
51 : 169 159 155 161 153 152 162 161 165 165 163 169 125 46 52 40 40 34 46 36 37 32 34 62 73 110 158 186 192 192 182 102 33 25 29 15 28 30 34 29 21 24 28 15 25 23 10 14 28 12 16
52 : 170 160 156 162 154 153 162 162 167 165 162 178 135 58 38 43 40 41 39 37 32 33 42 62 69 104 150 170 192 193 194 143 45 34 16 20 33 29 23 41 17 39 18 23 28 11 25 29 12 16 15
53 : 168 159 155 161 153 152 162 161 166 164 159 177 151 78 40 41 40 43 34 39 31 28 49 64 64 92 133 142 187 188 193 171 75 22 15 26 22 18 30 24 24 22 26 26 11 20 31 12 20 12 15
54 : 170 161 156 163 154 153 163 163 168 166 159 181 155 72 40 40 37 33 37 38 26 27 43 60 64 78 121 121 183 186 194 185 134 48 20 28 14 36 23 22 17 30 29 13 22 27 16 21 12 18 12
55 : 170 161 156 162 153 153 163 163 167 166 160 179 162 95 49 38 45 32 41 40 29 35 45 53 64 74 109 107 163 188 194 198 164 69 32 20 30 28 22 19 30 29 15 15 20 16 20 16 18 15 18
56 : 169 160 155 162 153 153 162 162 166 166 160 177 164 114 45 41 35 35 41 37 29 43 59 47 64 69 101 90 138 182 193 197 180 96 35 26 20 27 18 28 24 14 22 15 13 24 16 15 14 18 24
57 : 169 160 156 162 153 153 163 162 166 167 161 175 166 133 41 31 34 38 41 27 34 30 58 59 64 65 98 75 114 172 196 195 189 146 37 18 27 27 28 15 17 25 8 12 25 15 11 18 26 21 9
58 : 168 159 154 161 152 152 162 161 166 167 160 174 167 142 53 30 38 33 29 25 34 40 53 53 62 65 90 64 96 155 194 196 192 164 69 28 37 22 14 20 21 8 21 17 16 9 23 28 18 9 22
59 : 169 160 156 161 153 153 162 162 166 169 161 174 169 154 52 35 32 34 27 32 27 53 46 52 58 69 78 68 86 132 192 193 196 176 110 34 22 20 30 26 11 36 12 17 10 22 26 14 13 15 15
60 : 170 160 155 161 153 153 163 162 166 169 162 174 171 163 66 41 30 38 32 31 34 51 46 49 46 67 68 63 74 103 179 192 196 190 137 45 33 27 24 13 27 14 13 13 19 25 11 16 18 15 23
61 : 169 159 155 161 153 152 163 162 166 167 163 173 170 161 76 40 34 23 34 31 34 40 40 47 41 71 62 47 66 78 162 190 193 196 164 69 46 19 20 21 14 17 24 16 28 11 17 19 18 21 19
62 : 170 160 156 162 153 153 163 163 167 168 163 174 167 169 110 36 26 32 32 35 41 37 42 47 53 68 66 41 57 66 138 188 193 198 177 97 35 26 18 23 18 25 20 23 7 17 17 28 20 16 15
63 : 169 160 156 162 153 153 163 163 167 167 163 175 166 175 129 37 30 31 37 41 38 41 37 48 51 63 64 47 50 61 102 187 194 196 196 132 42 25 21 16 25 23 19 10 24 17 26 14 14 13 17
64 : 170 160 156 162 154 153 163 163 166 167 163 175 167 169 143 40 33 38 38 39 39 39 42 52 54 61 51 39 49 50 94 178 194 197 194 173 56 50 21 20 14 19 19 29 19 26 11 18 11 24 8
65 : 168 159 155 161 152 152 162 162 166 166 164 174 166 173 151 44 33 32 31 38 32 35 41 41 58 59 40 36 41 48 86 154 193 203 196 175 129 41 26 18 17 17 33 21 17 10 14 13 20 12 8
66 : 169 159 155 161 153 152 162 162 166 166 164 175 167 174 153 59 31 39 42 28 30 38 39 46 61 57 35 40 34 49 74 121 188 201 196 193 150 49 24 16 19 21 25 13 13 13 12 15 13 12 16
67 : 169 160 155 161 153 152 163 162 166 166 165 175 168 170 160 83 37 31 36 36 31 44 39 48 46 46 31 39 37 51 61 100 166 197 197 199 173 75 18 23 23 35 13 14 12 16 14 19 13 14 8
68 : 168 158 155 161 152 152 162 161 165 165 163 173 166 168 166 106 39 38 32 27 39 41 47 53 46 34 33 41 33 48 50 79 133 194 196 200 182 117 26 25 29 16 26 19 21 15 15 15 5 20 4
69 : 169 159 155 161 153 152 163 162 165 166 163 172 165 170 172 120 35 37 38 29 49 36 53 52 57 37 30 38 32 43 49 69 111 188 196 198 191 135 55 22 20 27 19 27 13 11 11 8 19 5 9
70 : 169 159 155 161 153 152 163 162 166 166 161 173 165 177 174 133 49 35 30 38 35 36 47 39 39 32 28 32 34 44 50 61 95 174 198 201 193 174 116 18 24 22 18 9 9 9 24 12 5 5 7
71 : 168 158 154 160 151 151 161 161 164 165 160 172 163 174 173 144 42 32 33 41 40 47 47 53 29 30 36 29 36 43 45 56 75 144 192 196 192 190 124 26 26 17 9 7 14 17 7 8 6 6 5
72 : 170 160 156 162 154 152 163 163 166 166 162 173 166 173 178 151 51 33 41 34 37 46 43 45 31 29 40 32 39 41 40 51 56 116 185 193 196 192 159 66 12 10 7 12 9 8 8 8 5 8 4
73 : 168 159 154 160 152 151 162 161 166 165 161 172 165 170 174 159 70 38 29 36 44 42 52 36 37 35 28 31 42 36 34 44 43 96 156 193 194 198 175 66 12 17 12 15 7 6 7 6 8 13 1
74 : 169 160 155 162 153 152 163 162 166 166 162 173 166 172 180 171 85 35 37 43 38 53 44 37 32 37 34 31 41 37 40 44 42 85 132 185 197 198 193 110 24 13 15 8 6 6 14 9 15 5 4
75 : 168 159 154 161 152 151 161 161 165 166 161 172 165 170 181 169 94 44 38 41 41 51 43 35 35 30 32 39 34 37 45 41 47 80 98 173 195 197 196 134 58 16 6 10 5 10 9 8 13 2 2
76 : 167 158 154 160 152 151 161 161 165 165 161 171 165 170 179 172 126 47 31 37 44 36 42 30 33 32 36 32 31 35 43 41 50 77 82 146 187 198 198 180 76 19 13 14 7 10 3 7 2 1 3
77 : 169 160 157 162 153 153 163 162 166 167 163 173 166 171 179 173 148 45 31 45 44 48 35 32 30 44 40 29 34 38 41 45 56 81 63 121 172 198 199 188 106 29 37 10 7 7 3 1 1 2 2
78 : 168 158 154 161 152 151 162 161 165 166 161 172 165 169 175 174 152 68 38 36 37 37 35 29 42 40 30 32 38 38 36 35 49 77 56 90 137 188 196 192 167 53 39 3 8 2 1 3 1 2 5
79 : 170 161 156 163 154 153 163 163 167 167 163 174 167 171 176 173 165 86 36 29 44 36 28 43 35 36 29 31 35 35 43 33 50 70 55 64 116 170 190 196 178 117 15 3 0 0 4 1 1 5 0
80 : 170 160 156 162 154 152 163 163 168 167 162 174 167 171 177 170 162 114 42 42 44 32 38 35 39 25 30 28 34 33 43 39 54 55 51 52 98 133 180 198 200 146 30 2 1 2 1 5 1 2 0
81 : 169 159 155 161 153 152 163 162 166 166 162 173 166 170 177 170 172 136 49 44 36 32 40 28 29 32 25 26 32 32 30 37 53 41 46 49 80 92 158 196 195 180 71 8 1 8 5 1 2 1 4
82 : 171 161 157 163 154 153 164 163 168 168 163 174 168 172 179 172 173 135 50 37 29 41 24 29 31 29 27 28 28 35 31 36 46 36 43 47 66 73 144 157 197 198 152 24 15 2 0 4 5 1 0
83 : 168 159 155 161 152 152 162 162 165 166 162 172 165 170 178 167 167 152 80 29 36 26 27 35 37 29 33 27 29 41 29 38 49 36 35 43 60 60 95 126 162 191 189 77 15 3 3 9 0 0 0
84 : 170 161 157 163 154 154 164 164 168 168 164 174 168 173 179 167 174 164 88 42 37 24 34 34 34 37 32 33 34 35 37 46 49 41 35 43 59 47 73 105 131 164 193 173 38 10 3 0 0 0 0
85 : 169 160 156 162 154 153 164 165 168 167 163 174 167 172 178 170 172 159 106 46 28 21 29 30 29 27 27 38 43 29 34 49 36 38 38 35 54 39 64 86 98 128 172 195 133 10 4 0 0 0 0
86 : 169 160 156 161 152 152 162 165 168 166 163 173 166 170 180 170 169 171 134 33 18 33 28 20 33 27 38 35 38 25 39 45 34 36 30 32 50 33 61 73 73 95 117 179 182 65 2 9 1 1 0
87 : 170 162 157 164 154 154 164 166 172 168 164 175 169 170 183 167 170 176 152 38 30 38 21 45 29 34 40 44 26 30 46 42 37 34 30 40 43 33 58 65 67 81 100 140 183 180 54 3 4 0 0
88 : 170 160 156 162 153 153 161 165 170 167 163 173 167 168 180 165 170 176 163 60 37 19 35 29 20 33 36 29 31 41 38 36 42 30 32 43 34 32 49 58 55 67 86 84 131 182 139 21 2 1 0
89 : 170 161 156 163 154 153 160 164 169 169 164 174 168 168 180 169 161 176 166 71 29 27 33 18 27 31 32 29 30 39 43 33 33 27 30 40 29 34 44 53 48 56 69 67 90 148 174 101 6 2 0
90 : 170 159 156 162 153 153 157 161 168 169 166 173 167 168 180 167 156 174 169 93 24 38 20 21 38 29 27 31 46 39 44 33 30 27 33 39 32 33 41 47 36 41 64 57 60 100 158 166 70 2 5
91 : 169 159 156 161 152 152 156 159 167 166 169 174 167 167 178 167 160 173 175 114 49 36 18 44 30 28 28 30 35 45 34 33 36 29 35 33 27 30 38 43 34 35 53 51 45 77 115 147 131 65 1
92 : 171 162 157 163 155 154 157 160 167 166 175 176 169 169 177 169 163 173 173 139 58 13 34 30 29 25 30 41 35 34 29 29 37 29 35 32 32 40 35 39 33 33 42 43 37 68 79 129 134 87 40
93 : 170 160 156 162 153 153 155 159 163 162 174 177 169 168 176 169 159 168 170 161 44 24 27 25 23 32 29 31 38 41 30 28 40 30 32 35 33 41 32 31 29 27 36 37 25 53 68 94 121 121 63
94 : 170 160 156 163 154 154 155 163 160 158 172 180 171 169 176 171 167 167 176 161 81 31 35 33 35 32 33 43 39 38 32 37 34 33 37 34 33 32 37 29 34 25 26 33 19 42 67 68 109 121 86
95 : 170 160 156 163 153 153 155 161 159 158 169 181 172 171 175 171 155 168 178 164 88 37 23 32 32 31 35 32 36 21 28 44 27 32 36 33 35 30 38 28 34 25 23 27 19 31 55 47 89 92 99
96 : 169 159 155 162 153 153 154 159 161 149 162 182 172 177 174 165 160 170 173 167 97 33 20 30 33 32 42 37 36 25 31 35 34 30 30 32 28 33 34 30 28 24 22 22 17 25 40 38 67 77 76
97 : 170 160 156 162 154 153 155 159 163 151 157 179 172 179 177 167 163 171 175 169 107 47 32 30 35 36 38 39 24 33 32 33 27 31 34 29 27 34 33 26 29 27 23 19 17 26 28 36 55 72 73
98 : 169 160 155 162 153 152 154 159 163 146 145 173 174 181 181 169 170 171 177 174 142 47 25 33 30 39 33 28 33 35 34 37 27 31 32 34 27 35 30 26 23 27 26 16 19 28 23 32 48 62 54
99 : 171 161 157 163 154 154 156 159 161 149 129 167 177 184 185 172 171 174 176 175 128 45 36 23 40 32 36 32 35 37 34 25 24 35 29 33 31 32 25 28 24 24 23 16 23 28 27 28 38 56 51
100 : 170 160 156 163 153 153 156 158 161 154 123 155 177 186 185 181 173 178 175 171 149 53 28 24 28 31 37 32 25 31 34 28 34 34 31 29 31 26 29 25 28 26 19 14 22 25 23 22 34 43 48
101 : 169 160 156 162 153 153 155 158 160 154 125 142 170 182 184 184 176 179 177 172 141 47 27 30 33 31 29 24 24 40 35 30 31 30 34 39 27 35 31 25 28 28 22 15 22 25 23 24 39 37 39
1 : 168 159 155 161 152 151 154 156 159 153 124 141 170 183 185 185 175 178 176 172 142 45 25 29 32 29 27 22 23 38 33 29 29 27 32 37 25 33 28 23 25 26 19 13 20 22 21 21 36 35 37
2 : 169 159 156 162 153 152 154 158 159 152 130 134 164 179 186 186 178 180 177 177 153 51 27 35 26 23 29 26 34 26 40 27 28 30 33 36 34 31 23 22 25 21 19 20 19 22 21 24 33 35 36
3 : 167 158 153 160 151 150 152 155 157 149 129 128 152 173 184 185 179 182 175 182 165 62 29 25 37 29 18 42 27 39 23 29 26 24 42 27 36 25 21 23 29 19 13 23 20 21 22 26 33 33 26
4 : 168 159 155 161 152 152 155 157 159 151 137 130 148 167 184 186 181 187 179 185 164 81 26 36 28 18 36 28 31 37 31 28 26 34 33 36 32 22 21 27 23 26 12 22 22 20 22 25 33 31 21
5 : 168 159 155 161 152 152 154 156 158 150 140 132 140 156 178 184 179 185 181 188 167 96 34 29 24 33 36 30 33 27 31 21 30 31 29 32 22 18 28 26 23 23 18 21 22 20 21 22 22 23 24
6 : 167 158 154 160 151 151 153 156 157 150 135 138 138 150 171 183 178 187 187 189 181 125 33 29 28 41 25 37 24 27 22 27 27 31 35 23 19 24 24 30 31 14 22 23 25 24 20 23 23 22 24
7 : 168 159 155 161 152 151 154 156 158 151 140 142 135 144 169 186 179 187 188 189 181 140 33 30 36 30 47 27 26 31 27 32 36 29 21 23 18 21 31 29 25 22 20 20 20 24 18 26 26 18 21
8 : 167 158 154 159 151 151 152 156 156 150 141 143 135 139 162 186 182 186 188 186 184 157 58 27 29 33 29 18 32 22 29 23 35 31 18 23 28 23 30 23 16 25 23 23 17 21 19 23 22 19 23
9 : 168 159 155 161 152 153 154 157 158 153 142 147 139 130 154 177 183 186 191 187 189 171 84 29 28 22 22 28 23 37 20 31 39 20 29 23 20 29 22 24 19 19 19 19 25 23 23 26 18 21 17
10 : 168 159 155 160 152 153 154 157 158 153 143 146 139 127 141 163 180 183 189 185 191 183 114 33 21 22 22 26 33 23 29 36 22 27 31 20 25 21 26 17 19 22 27 22 24 22 26 25 16 23 15
11 : 167 157 154 160 151 151 154 156 158 152 144 146 137 127 135 145 175 180 186 184 191 185 149 43 23 14 35 29 24 29 31 23 21 31 28 24 21 20 31 24 17 24 25 28 26 28 24 20 22 20 15
12 : 168 160 155 161 152 152 154 157 158 153 146 147 140 128 131 128 167 181 188 187 189 187 158 67 18 31 29 27 28 33 30 18 25 27 19 25 21 29 20 18 21 23 26 26 28 20 25 20 22 16 18
13 : 167 157 153 160 151 150 153 155 156 151 145 147 141 129 124 114 158 171 186 184 189 186 174 102 33 30 33 28 27 27 20 21 26 18 21 22 27 27 24 21 19 19 23 29 25 31 23 18 19 16 15
14 : 168 159 156 161 152 152 154 157 158 153 145 150 147 132 126 102 158 156 183 190 191 191 186 146 41 43 24 23 22 24 29 26 21 29 25 23 24 26 25 23 23 33 26 21 33 28 21 21 20 15 9
15 : 167 158 153 160 151 151 153 156 157 152 145 153 150 132 129 95 148 139 172 190 186 191 189 178 80 28 25 21 24 28 31 23 29 25 27 23 26 18 24 24 21 22 23 23 30 24 18 21 19 13 7
16 : 166 156 153 159 150 150 152 155 156 151 143 152 153 133 130 94 138 124 150 183 180 188 187 187 124 37 30 25 22 28 30 27 29 24 22 26 15 21 24 21 24 30 19 33 30 21 20 21 12 9 9
17 : 168 159 154 161 152 152 154 157 158 153 146 154 158 139 133 97 129 118 121 176 182 188 190 191 153 72 21 20 27 31 23 34 18 28 20 16 18 26 29 24 30 18 26 37 25 23 22 21 13 11 3
18 : 167 157 153 159 151 151 153 155 156 152 148 154 160 141 133 99 117 115 102 151 181 182 191 192 179 119 31 24 32 16 29 13 28 14 20 15 19 26 20 24 26 24 30 20 15 24 20 11 8 6 7
19 : 168 159 155 161 152 152 154 158 158 154 151 157 162 144 137 111 113 108 96 127 178 181 188 194 190 150 45 30 14 32 19 25 17 30 13 16 19 28 17 31 22 32 28 19 23 22 16 13 10 5 7
20 : 167 158 154 160 151 150 152 156 157 152 151 157 162 144 136 120 109 100 93 110 160 181 187 191 188 169 100 25 30 19 25 24 25 15 15 19 28 24 25 22 31 24 21 20 23 26 14 11 6 6 7
21 : 166 157 153 160 150 150 152 155 156 152 149 158 162 145 134 128 110 98 87 94 126 173 187 189 189 185 144 69 23 32 28 29 12 16 18 21 23 27 23 30 21 15 21 16 19 11 12 8 5 6 3
22 : 169 159 155 161 152 153 154 157 158 154 150 161 165 148 137 134 115 93 83 71 101 163 185 188 194 191 174 97 30 24 23 17 18 20 23 30 27 23 30 28 19 19 19 19 18 17 11 5 7 7 1
23 : 167 158 154 160 151 151 153 156 157 153 149 161 164 149 142 138 113 86 74 59 81 141 172 186 196 192 181 148 37 23 23 17 16 19 27 30 20 26 30 20 22 23 19 26 12 16 6 6 8 1 4
24 : 167 158 154 160 152 151 154 156 157 153 149 162 165 152 146 138 114 81 66 59 73 114 149 184 192 189 192 174 88 24 19 12 17 34 27 20 19 30 20 27 25 22 21 13 15 9 7 6 2 1 2
25 : 166 157 153 160 151 150 152 156 156 153 149 163 164 154 151 145 116 76 60 56 68 89 131 162 185 191 195 187 120 34 14 19 25 30 22 23 30 24 32 23 18 21 20 10 12 9 7 3 1 1 1
26 : 166 157 153 159 150 150 152 156 156 153 148 163 163 155 153 151 123 77 59 53 63 80 107 114 185 191 192 188 173 59 24 24 36 22 31 25 22 36 20 22 19 23 9 13 8 6 5 1 1 1 0
27 : 168 158 155 161 152 151 154 157 157 154 150 166 165 157 155 157 126 84 64 47 54 82 92 80 176 188 197 192 183 137 37 36 25 28 21 21 26 20 20 24 21 15 15 8 6 5 8 1 4 0 1
28 : 167 158 154 159 151 151 152 156 156 153 149 165 164 156 156 159 126 88 66 43 53 76 83 68 136 185 194 194 185 165 98 26 20 19 20 20 25 20 22 22 20 14 8 9 7 9 1 4 1 0 2
29 : 167 158 154 161 151 151 153 157 157 154 149 167 164 158 159 159 132 92 62 43 53 59 65 57 100 167 186 193 192 187 152 35 23 27 18 22 20 21 22 20 20 10 11 8 10 3 2 2 0 1 0
30 : 167 157 154 160 151 151 153 156 157 153 149 166 163 157 159 162 135 97 53 50 47 57 56 48 77 140 188 188 194 190 174 84 21 28 16 21 21 21 17 25 12 15 8 6 9 1 2 2 0 2 3
31 : 167 157 153 159 150 150 152 156 156 153 148 165 164 157 165 164 136 102 52 56 44 57 47 44 56 94 179 187 193 190 185 145 41 24 20 13 17 17 22 15 11 7 7 13 2 1 2 0 4 1 3
32 : 168 160 155 161 152 152 155 158 158 155 150 168 165 159 171 167 137 106 61 55 44 54 45 44 46 64 141 188 195 194 192 169 78 34 16 20 19 24 18 12 11 12 7 2 2 1 0 2 1 2 1
33 : 167 158 153 160 151 151 153 156 157 153 149 166 164 158 170 166 136 103 68 54 43 41 38 44 43 45 107 181 193 191 191 189 127 38 19 15 18 15 15 8 11 4 3 2 3 0 0 2 1 1 2
34 : 167 158 154 160 151 151 154 157 157 154 149 166 164 160 170 167 140 109 70 51 52 35 38 39 36 37 78 158 187 191 193 190 170 61 36 24 19 14 7 8 4 5 3 5 2 0 2 0 3 2 0
35 : 167 158 154 160 151 151 153 157 157 154 149 167 164 160 170 168 143 121 67 49 50 35 37 34 27 33 58 113 185 192 193 191 183 121 34 15 16 8 6 5 8 2 4 2 0 2 0 2 2 0 0
36 : 166 157 153 160 150 150 152 156 156 154 148 166 164 159 170 170 146 127 68 47 43 35 30 32 22 31 49 97 173 194 194 194 184 156 62 18 7 6 5 7 1 2 1 0 1 1 0 4 0 0 0
37 : 167 158 154 160 151 151 154 156 157 155 149 166 164 160 171 170 152 135 75 61 36 36 29 35 21 32 43 84 142 192 193 194 186 181 90 18 8 9 9 3 1 1 0 2 1 0 5 0 0 0 0
38 : 166 157 152 159 150 150 152 156 155 153 148 165 163 158 169 169 160 140 86 63 35 38 28 31 24 32 38 76 104 182 192 194 188 184 124 27 13 9 3 0 2 0 2 2 0 3 1 0 0 0 0
39 : 167 158 153 160 151 151 153 156 156 154 149 166 165 160 171 172 167 148 99 62 38 35 27 27 26 32 34 65 76 159 191 196 193 188 168 54 20 5 1 2 0 1 3 0 1 2 0 0 0 0 0
40 : 168 159 155 161 152 152 155 157 158 155 150 168 165 161 172 172 171 152 116 66 42 26 26 25 29 35 33 59 62 120 181 193 194 194 184 89 16 8 1 1 0 2 1 1 2 1 0 0 0 0 0
41 : 167 158 154 161 152 151 154 157 157 154 149 166 165 160 172 172 175 151 119 66 37 27 31 25 30 37 32 52 52 92 142 186 193 192 188 133 29 11 1 0 1 1 1 1 2 0 0 0 0 0 0
42 : 169 160 155 162 153 153 156 158 159 157 151 168 166 162 173 173 177 160 131 70 36 34 26 21 30 36 35 43 49 68 101 172 191 193 191 182 80 9 0 3 0 1 1 2 0 0 0 0 0 0 0
43 : 168 159 155 161 152 152 155 157 158 155 149 168 166 161 173 173 175 167 126 78 35 31 21 24 32 36 39 42 40 55 72 144 171 191 192 196 162 28 7 0 1 3 1 0 0 0 0 0 0 0 0
44 : 169 160 155 161 152 152 154 158 158 155 150 167 166 161 172 173 175 173 142 89 38 28 22 25 32 33 41 42 35 45 54 109 130 183 187 192 189 99 2 1 4 2 0 0 0 0 0 0 0 0 0
45 : 169 160 155 163 152 153 155 159 159 156 151 168 166 161 171 173 176 178 159 81 30 25 20 29 31 30 36 37 38 40 49 84 95 149 182 187 195 173 37 4 5 0 0 0 0 0 0 0 0 0 0
46 : 169 160 155 162 152 152 155 158 159 156 150 168 166 161 169 174 175 176 166 73 36 19 25 31 34 37 28 30 43 32 41 69 74 110 150 173 186 191 139 17 0 0 0 0 0 0 0 0 0 0 0
47 : 170 161 156 162 153 152 156 159 159 157 151 168 166 161 171 171 177 174 175 78 38 22 25 30 28 38 27 27 45 28 41 61 54 81 119 144 167 186 188 89 5 0 0 0 0 0 0 0 0 0 0
48 : 168 159 155 161 152 152 154 157 158 155 150 167 164 160 168 166 176 174 173 112 39 30 24 35 26 29 26 28 40 25 37 52 46 69 74 125 130 167 188 178 49 2 0 0 0 0 0 0 0 0 0
49 : 170 161 157 163 154 153 156 159 160 157 151 169 166 162 167 167 176 177 175 137 42 28 35 29 30 20 24 27 33 23 35 45 43 58 60 95 130 132 161 183 173 32 2 0 0 0 0 0 0 0 0
50 : 169 160 156 162 153 153 156 159 159 157 151 169 166 162 167 162 173 180 177 148 57 27 33 23 32 26 29 38 30 29 37 40 41 46 52 82 132 117 121 155 174 164 27 2 0 0 0 0 0 0 0
51 : 169 160 154 162 152 152 155 158 159 156 151 168 165 159 168 158 164 176 178 150 68 25 29 33 21 27 29 39 26 33 34 39 40 39 45 61 100 93 100 124 150 168 142 13 1 0 0 0 0 0 0
52 : 170 161 157 163 154 155 157 160 160 157 152 169 169 161 169 160 160 160 184 169 107 37 26 32 34 23 30 34 24 29 28 37 35 33 37 48 88 83 106 110 122 148 164 126 12 0 0 0 0 0 0
53 : 169 160 156 162 153 152 156 158 159 156 151 169 167 160 164 158 148 136 177 176 145 48 26 31 27 31 32 28 26 27 28 31 29 34 36 36 79 81 89 95 93 112 143 157 108 11 0 0 0 0 0
54 : 170 160 156 162 153 153 156 159 159 156 150 169 167 161 162 162 136 119 154 177 169 58 22 35 29 26 33 26 35 31 36 27 28 32 30 29 67 75 75 82 77 82 99 138 141 87 10 0 0 0 0
55 : 169 160 156 162 153 153 156 159 159 157 151 168 166 162 159 164 137 115 140 167 171 127 29 27 24 31 38 27 31 31 42 28 25 29 30 26 55 70 66 70 72 81 104 100 117 121 67 8 0 0 0
56 : 169 160 155 162 152 152 155 158 160 156 150 168 165 161 159 166 137 111 123 155 170 168 48 27 31 29 33 35 27 23 38 28 23 24 28 24 47 65 58 47 72 69 73 92 121 101 87 43 4 0 0
57 : 169 160 156 162 153 153 155 159 161 157 150 168 166 160 161 168 144 112 107 141 168 168 100 27 27 33 26 41 31 30 30 27 21 24 24 23 42 60 54 43 71 59 62 82 71 92 84 76 31 1 0
58 : 168 159 155 160 152 152 154 159 160 156 149 168 165 159 159 162 145 114 98 121 148 167 150 59 23 39 33 29 26 33 23 22 22 29 20 23 40 53 41 40 70 39 58 63 69 73 81 64 71 16 0
59 : 169 161 156 162 153 153 155 159 159 157 151 168 166 160 160 162 149 118 91 107 140 153 166 102 39 29 38 29 26 31 23 21 22 26 17 26 38 46 34 39 63 31 45 46 50 61 64 58 49 54 4
60 : 170 160 156 163 153 154 156 159 159 158 151 169 166 160 160 161 157 115 86 94 121 152 167 140 52 26 25 26 36 22 26 20 22 24 17 30 37 42 30 35 51 27 38 40 45 46 45 51 53 39 24
61 : 168 160 155 161 152 153 155 159 158 157 150 168 165 159 160 161 156 119 88 89 107 134 162 166 71 38 30 26 26 24 22 26 21 22 21 27 37 36 28 31 46 27 34 31 37 41 56 59 41 40 35
62 : 171 161 157 163 154 155 157 160 160 159 151 170 167 161 162 160 160 119 94 93 98 118 158 168 109 47 21 30 25 29 18 29 21 18 24 29 36 37 31 27 43 27 33 28 34 37 61 45 37 36 29
63 : 170 160 156 163 153 154 156 159 159 157 151 170 166 160 161 157 159 119 85 104 87 94 153 161 135 58 32 25 28 24 25 24 26 21 23 33 37 34 31 28 37 24 34 28 30 32 48 31 34 34 30
64 : 170 161 157 163 153 155 156 159 159 156 152 172 167 161 161 157 159 122 91 113 91 89 146 155 147 88 45 23 30 22 26 20 20 27 26 36 39 30 30 33 31 25 35 27 27 21 31 29 30 26 23
65 : 170 160 156 162 153 154 156 159 158 156 151 169 166 160 161 155 158 127 98 121 88 93 143 147 162 93 52 29 29 28 24 23 21 28 27 34 35 29 27 32 27 24 33 25 23 21 26 23 28 23 15
66 : 169 159 156 161 153 153 155 158 158 155 150 166 166 159 160 156 157 130 104 108 85 89 137 140 161 106 52 45 32 27 24 21 30 33 30 32 34 24 31 29 24 23 29 24 20 20 23 17 26 18 15
67 : 171 161 157 163 154 155 156 160 160 157 152 168 167 161 162 156 160 135 115 120 86 87 127 132 146 120 81 31 26 16 20 26 31 26 35 36 30 27 30 32 25 21 28 23 22 21 24 16 21 18 12
68 : 170 160 156 162 153 154 155 159 159 156 151 167 167 162 161 155 160 132 121 116 91 92 118 130 150 140 69 26 28 20 19 26 31 28 35 38 30 28 31 28 27 20 26 23 28 20 24 14 17 18 11
69 : 170 161 157 163 153 155 156 160 160 157 151 167 168 163 162 156 161 135 131 107 93 97 110 124 139 132 70 38 29 21 24 26 29 31 31 30 23 28 29 26 26 24 24 23 29 17 21 13 17 19 10
70 : 169 160 156 162 152 154 156 159 159 156 151 167 168 163 161 156 161 139 135 111 95 98 104 134 136 153 79 37 27 17 29 30 28 29 38 26 25 26 27 28 28 28 24 20 27 15 19 13 16 20 9
71 : 168 160 155 162 153 153 155 159 158 156 150 166 168 163 161 156 161 140 140 122 82 102 101 132 120 146 70 34 26 31 21 28 33 27 34 26 28 26 30 26 24 28 20 21 26 12 16 16 15 15 6
72 : 169 160 156 162 153 154 155 159 159 156 151 165 167 164 162 157 163 142 149 127 80 113 98 137 128 131 73 30 25 19 29 33 24 40 32 30 27 22 33 26 29 24 19 24 22 14 14 19 13 14 7
73 : 168 159 154 161 151 153 154 158 157 155 149 164 166 166 163 156 163 146 151 130 93 114 96 127 134 128 61 31 25 30 33 37 29 40 30 31 25 28 27 23 26 22 22 21 19 15 12 16 11 9 10
74 : 169 160 156 162 153 154 155 159 159 156 151 165 167 166 162 159 165 157 154 127 109 103 109 125 142 126 67 44 29 31 35 30 36 32 30 29 22 30 26 28 26 20 27 22 17 16 14 16 10 7 9
75 : 168 159 155 161 152 153 155 158 158 155 151 165 166 161 162 159 166 162 160 128 123 103 121 126 144 106 60 40 35 32 38 29 33 30 32 30 21 23 25 28 21 24 24 25 16 15 16 17 11 6 11
76 : 168 158 155 161 151 152 154 157 157 154 150 164 165 159 166 162 169 167 164 130 132 112 136 130 136 100 60 40 28 28 22 39 31 40 29 25 23 27 27 26 19 29 21 22 17 13 16 12 10 6 11
77 : 169 160 156 163 153 154 156 159 159 156 151 166 167 161 167 163 174 173 168 143 141 127 137 130 133 94 69 28 19 23 28 37 41 27 29 29 23 27 26 24 25 27 26 17 17 15 17 9 9 5 6
78 : 168 159 155 161 152 153 154 157 158 155 150 165 165 159 163 162 175 176 167 152 144 138 126 136 137 86 53 32 28 24 39 38 34 28 28 31 26 24 24 22 29 26 20 15 15 15 15 9 7 8 5
79 : 168 159 155 161 152 153 154 158 158 155 150 165 165 160 163 161 177 177 173 161 158 151 127 138 132 78 35 30 17 43 35 43 25 25 31 25 24 24 19 24 28 30 19 18 14 20 11 9 5 8 6
80 : 168 159 154 161 152 153 154 157 157 154 149 165 164 159 162 162 180 178 175 168 164 153 137 135 121 60 32 17 34 39 44 34 23 30 30 26 23 25 18 28 22 18 16 17 15 14 12 7 6 5 2
81 : 167 158 154 160 151 152 154 157 157 154 149 165 164 159 160 165 180 180 178 179 175 155 139 144 115 57 20 25 37 36 37 26 33 31 31 32 26 16 25 23 25 15 21 14 18 17 8 5 8 5 2
82 : 169 160 156 162 153 154 156 159 158 156 151 167 166 161 160 169 180 181 182 184 185 165 146 157 95 37 23 40 35 42 25 31 21 30 28 25 19 28 30 30 26 15 19 20 17 16 7 5 8 5 2
83 : 169 159 155 161 152 153 154 157 157 155 150 166 165 160 158 168 177 181 181 184 190 178 157 139 75 22 36 31 43 28 33 22 31 29 22 20 31 24 34 30 12 20 16 22 12 9 5 7 6 2 3
84 : 169 160 155 161 152 153 155 158 158 156 150 166 165 160 158 165 176 181 178 184 190 180 168 144 49 35 31 50 35 26 27 34 28 27 23 26 23 30 28 15 17 21 17 13 13 6 5 4 4 2 2
85 : 168 158 154 161 152 153 154 157 157 154 150 166 164 160 158 162 176 181 178 183 189 187 179 137 40 27 33 41 25 29 26 33 22 20 16 26 25 26 18 19 15 20 16 11 8 5 8 5 3 2 3
86 : 168 158 154 160 151 152 154 157 157 154 149 166 164 159 158 161 175 178 178 181 191 188 179 142 42 34 31 28 24 28 27 23 22 21 32 28 35 28 22 16 22 15 11 14 6 6 6 4 3 2 3
87 : 168 159 155 161 151 153 154 157 158 155 150 166 165 160 158 161 176 178 178 181 192 189 184 157 45 32 26 21 32 31 26 24 23 35 27 34 43 19 18 19 18 10 13 6 6 5 8 2 2 2 3
88 : 167 157 153 160 150 152 153 156 156 154 149 165 163 159 156 160 175 178 176 179 189 189 185 167 56 29 22 34 24 27 19 27 34 23 36 32 13 16 19 15 12 14 7 6 8 6 3 3 1 2 1
89 : 168 159 156 161 152 153 155 158 158 155 150 166 165 160 159 161 177 179 176 180 189 192 186 181 77 23 39 31 26 24 31 30 22 33 33 16 23 16 25 18 10 20 6 8 3 6 4 2 2 1 1
90 : 168 159 155 161 151 152 154 157 157 155 149 166 164 160 158 161 177 179 175 179 187 192 186 185 90 38 35 29 22 26 32 25 41 32 21 20 15 24 21 8 19 6 8 6 7 3 3 2 2 1 2
91 : 166 157 152 159 150 150 152 156 156 154 148 164 163 158 157 158 175 176 172 176 182 191 184 184 126 40 27 21 19 29 25 39 32 20 16 15 20 16 8 22 9 6 8 5 4 2 1 3 1 1 1
92 : 168 159 155 161 152 152 155 157 158 155 150 166 165 159 158 161 177 178 173 177 182 191 187 191 153 37 19 23 29 28 31 27 27 21 16 17 18 10 22 13 6 9 4 9 2 3 1 3 1 1 1
93 : 167 158 153 160 151 151 154 156 157 154 149 164 163 159 157 159 177 178 172 174 178 183 187 192 160 61 29 28 30 29 25 21 21 19 17 24 15 21 16 10 7 5 7 2 5 1 3 1 1 2 1
94 : 168 158 154 161 152 152 154 157 157 155 149 166 165 160 158 160 177 179 173 172 178 178 189 192 176 104 39 37 37 24 19 21 21 20 24 17 13 19 13 8 5 8 3 4 2 3 2 1 1 0 1
95 : 167 157 154 159 150 151 153 156 156 154 148 164 163 158 157 159 175 178 171 169 179 169 187 192 183 135 57 34 24 22 33 21 20 22 18 11 18 13 10 7 11 4 3 3 1 3 1 1 0 1 1
96 : 166 157 153 159 150 150 152 156 156 154 148 164 162 158 157 159 175 178 170 169 174 163 183 193 187 162 41 25 25 24 26 20 22 22 11 16 14 10 7 9 5 2 3 1 3 1 1 1 0 0 0
97 : 168 159 155 161 152 153 155 158 158 155 150 165 165 160 158 160 176 180 172 172 174 160 178 193 190 172 74 30 24 29 24 23 19 14 14 16 10 12 7 4 3 4 1 2 2 0 1 0 1 0 0
98 : 167 158 154 160 150 151 153 156 156 154 148 165 164 159 157 159 175 177 171 170 167 161 163 188 190 173 125 35 27 30 20 14 9 10 17 13 10 4 3 4 5 2 2 3 1 1 0 1 0 0 0
99 : 167 158 154 160 151 151 154 157 157 154 149 165 164 160 158 160 176 177 172 170 166 162 152 178 191 189 151 48 27 19 16 12 15 11 13 11 6 4 4 4 3 1 4 1 1 1 1 0 0 0 0
100 : 167 158 153 161 151 151 154 156 157 155 149 165 164 159 157 160 176 178 172 171 167 164 139 166 186 193 163 73 17 22 13 16 10 15 9 10 4 4 4 3 1 4 3 1 2 0 0 1 0 0 0
101 : 167 158 154 160 151 152 153 157 156 154 149 165 164 159 158 160 175 178 171 176 169 158 130 155 181 193 180 112 35 15 17 15 20 11 12 4 3 4 3 1 2 4 1 2 0 0 0 0 0 0 0
1 : 167 157 153 160 150 150 153 156 156 153 148 164 163 157 156 159 174 178 171 175 168 157 129 153 182 195 183 112 34 13 15 14 19 10 12 3 3 3 3 1 2 4 1 2 0 0 0 0 0 0 0
2 : 168 159 154 161 152 152 154 157 157 155 149 165 164 159 158 160 175 179 172 175 172 163 130 140 176 191 189 145 40 18 17 20 8 13 4 4 2 3 1 3 3 1 1 0 1 0 0 0 0 0 0
3 : 168 159 154 160 151 151 154 157 157 154 149 165 164 159 158 159 175 178 172 173 177 164 126 126 155 187 189 167 90 13 15 10 15 5 4 3 3 1 3 2 0 3 0 1 0 0 0 0 0 0 0
4 : 168 159 154 160 151 152 154 157 157 155 149 165 164 159 158 160 175 178 175 169 175 165 129 111 127 181 190 185 104 21 13 17 4 5 5 2 1 2 1 1 4 0 1 0 1 0 0 0 0 0 0
5 : 167 158 154 160 151 151 153 157 156 154 149 165 164 158 157 159 174 180 173 167 175 166 127 109 103 168 190 193 156 24 14 5 6 4 2 1 2 1 1 4 1 1 0 1 0 0 0 0 0 0 0
6 : 167 158 154 160 150 151 153 156 157 154 148 165 164 158 157 159 174 177 170 166 176 168 131 107 83 143 186 192 177 75 5 5 4 3 1 4 2 1 3 1 2 0 0 1 0 0 0 0 0 0 0
7 : 169 160 156 161 152 153 155 158 158 156 151 166 165 160 159 161 175 179 174 170 177 164 137 107 77 118 165 189 187 107 15 5 4 2 4 3 1 3 1 1 0 0 1 0 0 0 0 1 0 0 0
8 : 168 158 154 161 151 151 154 157 157 155 149 165 164 159 158 160 175 178 170 173 173 165 147 110 69 93 131 179 187 155 60 5 2 4 3 1 2 1 0 0 0 0 0 0 0 0 3 0 0 0 0
9 : 168 159 154 161 152 152 154 157 157 155 149 165 164 159 158 160 174 177 171 174 171 167 150 108 66 88 113 152 184 177 87 18 4 2 1 1 1 1 0 0 1 0 0 0 0 3 0 0 0 0 0
10 : 168 158 154 160 152 152 154 157 157 155 149 166 164 159 158 160 174 177 168 168 176 163 154 110 68 73 89 122 168 178 133 58 6 1 1 1 1 0 0 3 0 0 0 0 1 1 0 0 0 0 0
11 : 167 158 153 159 150 151 154 156 157 154 149 165 164 158 157 159 173 177 165 164 170 165 155 117 74 60 68 97 134 169 173 72 16 1 0 1 0 0 4 0 0 0 0 0 2 0 0 0 0 0 0
12 : 169 159 155 162 153 153 156 158 158 156 151 167 165 161 159 162 175 179 167 169 171 175 159 122 82 60 62 71 112 167 172 142 28 3 1 0 0 5 0 0 0 0 0 1 0 0 0 0 0 0 0
13 : 168 159 154 160 151 151 154 157 157 155 149 165 164 159 158 160 174 178 166 167 171 172 163 121 98 61 59 62 89 121 150 171 84 10 0 0 2 0 0 0 0 0 2 0 0 0 0 0 0 0 0
14 : 168 158 154 160 151 151 154 157 157 155 149 165 163 158 157 159 174 177 166 163 171 171 161 125 86 62 54 56 77 87 127 161 139 35 3 1 0 0 0 0 0 4 0 0 0 0 0 0 0 0 0
15 : 167 158 154 161 151 152 154 156 157 155 149 165 164 159 158 160 175 177 167 160 173 167 161 133 92 66 48 47 58 73 103 147 153 85 4 0 0 0 0 0 4 0 0 0 0 0 0 0 0 0 0
16 : 169 159 155 161 152 153 154 158 157 155 150 166 165 159 158 162 175 178 167 161 173 167 161 136 108 61 46 46 51 53 69 122 145 133 33 2 0 0 0 5 0 0 0 0 0 0 0 0 0 0 0
17 : 169 159 156 162 152 153 156 158 158 156 151 166 165 160 160 163 175 179 168 162 168 174 166 138 121 65 51 46 52 43 56 87 121 124 76 17 1 0 3 0 0 0 0 0 0 0 0 0 0 0 0
18 : 168 158 154 161 151 152 154 157 157 154 149 165 164 159 158 159 174 177 167 162 166 162 168 142 120 74 51 45 48 39 51 69 104 113 103 34 6 1 0 0 0 0 0 0 0 0 0 0 0 0 0
19 : 169 159 155 161 152 153 155 158 158 156 150 166 165 160 159 159 175 179 168 164 167 168 171 154 128 83 46 44 43 39 46 56 79 112 94 56 19 2 0 0 0 0 0 0 0 0 0 0 0 0 0
20 : 168 158 154 160 150 151 154 157 156 154 149 165 163 158 158 157 172 179 167 164 167 161 169 162 130 82 46 40 38 36 40 50 66 86 86 68 20 6 0 0 0 0 0 0 0 0 0 0 0 0 0
21 : 168 159 154 161 151 152 154 157 157 155 149 165 164 159 158 158 171 181 168 164 167 161 170 166 132 87 48 45 36 33 38 42 57 63 66 46 57 8 0 0 0 0 0 0 0 0 0 0 0 0 0
22 : 169 160 155 161 152 153 155 159 158 156 150 166 165 160 159 159 170 180 172 165 168 162 170 167 135 89 52 33 37 32 37 38 55 52 58 59 40 28 0 0 0 0 0 0 0 0 0 0 0 0 0
23 : 168 158 154 161 151 151 153 158 157 155 149 165 164 158 159 158 168 176 175 164 167 162 167 163 143 91 51 31 29 28 35 34 48 42 42 55 35 30 5 0 0 0 0 0 0 0 0 0 0 0 0
24 : 169 159 155 161 152 152 155 159 158 156 150 166 164 160 159 159 169 176 178 171 168 163 168 165 144 103 58 32 30 29 39 33 40 35 34 43 35 25 12 1 0 0 0 0 0 0 0 0 0 0 0
25 : 168 158 154 160 151 152 154 157 157 155 149 165 163 159 158 158 168 172 178 161 169 163 165 162 151 108 67 32 27 36 38 38 33 31 26 36 31 26 16 4 0 0 0 0 0 0 0 0 0 0 0
26 : 167 158 153 160 151 151 153 156 156 154 148 165 163 159 158 157 168 172 173 163 167 165 162 163 154 120 63 30 26 36 31 39 31 28 22 28 29 21 13 4 1 0 0 0 0 0 0 0 0 0 0
27 : 169 159 155 162 152 153 155 158 158 156 150 167 165 160 159 160 170 174 166 173 170 167 165 169 159 116 65 33 30 41 31 34 29 33 19 21 31 22 11 2 3 0 0 0 0 0 0 0 0 0 0
28 : 168 159 154 160 151 151 154 157 156 155 149 166 164 159 158 158 169 174 159 170 172 166 165 173 164 112 78 32 32 39 38 27 31 37 18 20 22 14 17 2 3 0 0 0 0 0 0 0 0 0 0
29 : 169 159 155 162 152 153 155 158 158 156 150 166 165 160 159 159 170 173 157 169 181 167 166 175 162 115 85 41 36 32 38 27 32 27 17 20 25 10 11 3 2 0 0 0 0 0 0 0 0 0 0
30 : 168 158 154 160 151 152 154 157 157 155 149 165 164 159 158 159 168 171 159 171 180 167 163 176 166 120 83 49 41 35 28 30 29 20 15 19 20 10 10 3 2 1 0 0 0 0 0 0 0 0 0
31 : 167 158 153 160 150 150 153 156 156 154 148 165 163 158 158 158 168 171 157 168 176 171 165 177 168 128 90 39 45 46 28 32 25 19 11 17 20 6 14 2 4 1 0 0 0 0 0 0 0 0 0
32 : 169 159 155 161 152 152 156 158 158 156 150 166 165 161 159 159 170 172 158 168 176 177 167 181 172 133 108 47 42 39 26 34 25 17 13 19 14 5 14 4 3 2 0 0 0 0 0 0 0 0 0
33 : 168 158 154 161 151 151 153 157 156 154 149 166 164 159 158 158 169 171 155 165 176 179 164 182 173 145 117 58 45 24 28 25 23 15 14 20 10 4 11 6 4 2 0 0 0 0 0 0 0 0 0
34 : 169 159 156 162 152 153 155 158 158 156 150 166 165 160 159 160 170 172 158 168 175 174 168 182 177 152 126 59 34 35 27 25 21 14 13 15 10 5 7 5 3 2 0 0 0 0 0 0 0 0 0
35 : 169 158 154 161 151 152 154 157 157 155 149 166 164 159 158 158 169 171 156 168 171 171 177 180 177 160 131 68 29 33 31 27 19 11 17 12 7 4 4 3 3 0 0 0 0 0 0 0 0 0 0
36 : 167 157 153 159 151 151 153 156 156 154 148 164 163 158 157 157 168 170 155 165 167 170 174 184 176 177 127 72 32 34 25 24 16 17 19 7 4 9 4 2 3 1 0 0 0 0 0 0 0 0 0
37 : 169 160 156 162 153 153 155 159 158 156 151 167 166 160 160 159 170 172 157 164 170 174 177 185 183 185 120 59 43 28 25 22 13 15 13 7 3 9 2 2 2 1 0 0 0 0 0 0 0 0 0
38 : 168 159 154 160 151 151 154 156 157 155 149 165 164 159 158 158 169 171 156 161 170 169 178 184 185 187 140 61 32 26 29 17 17 13 8 10 3 10 3 2 0 1 0 0 0 0 0 0 0 0 0
39 : 168 158 154 160 151 151 154 157 157 155 149 165 164 159 158 158 168 171 155 161 170 167 177 181 184 186 157 60 29 28 22 14 14 15 6 5 3 8 2 1 0 1 0 0 0 0 0 0 0 0 0
40 : 168 158 154 160 151 151 154 156 156 154 149 165 164 158 158 158 169 171 155 160 172 161 177 181 184 186 159 73 27 24 16 20 10 12 7 4 2 4 2 2 0 2 0 0 0 0 0 0 0 0 0
41 : 167 157 153 159 151 150 153 156 156 154 148 165 163 158 158 158 168 170 155 160 173 161 173 181 182 189 167 79 26 26 18 17 12 9 6 6 3 2 2 2 0 2 0 0 0 0 0 0 0 0 0
42 : 169 160 156 162 152 153 156 158 158 157 151 167 166 160 160 160 170 173 157 162 173 164 174 182 183 189 178 75 40 21 15 10 11 6 2 2 5 2 2 1 0 1 0 0 0 0 0 0 0 0 0
43 : 169 159 154 160 151 152 154 157 156 155 149 166 164 159 158 158 169 172 155 159 171 163 170 177 181 187 179 94 28 19 13 14 9 8 2 1 5 5 1 1 0 1 0 0 0 0 0 0 0 0 0
44 : 168 158 154 161 151 151 154 157 156 155 149 165 164 159 158 158 169 171 155 160 170 163 167 176 180 185 182 119 27 21 9 10 8 4 3 4 2 5 1 0 1 1 0 0 0 0 0 0 0 0 0
45 : 167 158 153 160 151 151 154 156 157 155 149 166 163 158 158 158 168 171 154 159 169 162 167 171 178 182 188 137 40 15 13 6 6 3 1 10 2 2 1 0 2 0 0 0 0 0 0 0 0 0 0
46 : 167 158 153 160 150 151 153 156 156 154 148 164 163 158 157 157 169 170 154 159 168 162 165 170 180 182 186 166 46 9 8 7 2 3 1 2 3 0 0 0 1 0 0 0 0 0 0 0 0 0 0
47 : 169 159 156 162 153 153 155 159 158 156 150 167 165 160 160 159 171 173 157 160 170 165 166 171 181 180 187 166 46 9 7 5 1 1 2 1 2 2 0 0 1 0 0 0 0 0 0 0 0 0 0
48 : 168 159 154 160 151 151 154 157 157 155 149 165 164 159 158 159 169 171 155 159 170 164 165 168 180 178 186 169 61 10 5 3 4 1 4 2 0 2 0 2 0 0 0 0 0 0 0 0 0 0 0
49 : 168 158 154 161 151 152 155 157 157 155 149 165 164 159 158 159 169 171 155 159 169 164 165 168 179 176 181 169 94 11 4 5 1 2 3 3 1 0 0 1 0 0 0 0 0 0 0 0 0 0 0
50 : 167 158 154 160 150 151 153 156 156 155 148 165 163 159 158 158 169 170 156 159 169 165 164 167 177 169 173 173 111 9 8 3 0 8 2 1 1 0 1 0 0 0 0 0 0 0 0 0 0 0 0
51 : 167 158 153 160 150 151 153 156 156 154 149 164 164 158 157 157 169 170 154 159 169 165 164 167 176 169 171 165 145 12 5 1 1 4 1 1 0 0 2 0 0 0 0 0 0 0 0 0 0 0 0
52 : 169 159 155 161 152 152 155 158 158 156 150 166 165 160 159 159 170 172 156 160 170 166 165 169 178 171 174 162 147 22 3 0 9 1 1 2 0 1 1 0 0 0 0 0 0 0 0 0 0 0 0
53 : 168 159 154 160 151 151 154 157 156 155 149 165 164 159 158 158 168 171 155 159 169 165 164 168 176 166 171 156 137 49 0 4 2 2 1 0 0 1 0 0 0 0 0 0 0 0 0 0 0 0 0
54 : 168 159 154 161 151 151 154 157 157 155 149 166 164 159 158 158 169 171 155 159 169 165 164 168 175 162 171 155 131 92 2 8 1 1 1 0 0 0 0 0 0 0 0 0 0 0 0 0 0 0 0
55 : 167 158 154 160 151 152 155 157 158 155 149 166 164 159 159 159 169 171 156 160 169 165 165 168 173 159 168 162 116 73 11 1 0 1 0 0 3 0 0 0 0 0 0 0 0 0 0 0 0 0 0
56 : 168 158 153 160 150 151 153 156 156 154 148 164 163 158 157 158 168 170 155 159 169 165 164 168 173 158 170 151 112 68 22 1 3 1 0 1 0 0 0 0 0 0 0 0 0 0 0 0 0 0 0
57 : 169 159 155 161 152 152 155 157 158 156 150 166 164 160 159 159 170 172 156 160 170 166 165 169 175 160 179 147 124 54 20 1 1 0 0 1 0 0 0 0 0 0 0 0 0 0 0 0 0 0 0
58 : 167 158 154 160 151 151 154 156 156 155 148 165 163 159 158 158 169 170 155 159 169 165 164 167 175 160 180 145 116 59 17 3 0 0 2 0 0 0 0 0 0 0 0 0 0 0 0 0 0 0 0
59 : 168 159 154 161 151 151 154 157 157 155 149 165 164 159 159 158 169 171 155 159 169 165 164 168 175 161 177 149 122 53 20 1 0 1 1 0 0 0 0 0 0 0 0 0 0 0 0 0 0 0 0
60 : 167 158 154 160 150 151 154 157 156 154 149 165 163 159 158 158 168 171 155 158 168 165 164 168 175 160 175 150 133 40 25 0 0 3 0 0 0 0 0 0 0 0 0 0 0 0 0 0 0 0 0
61 : 167 158 154 160 150 151 153 156 156 154 148 165 163 159 158 158 168 171 155 159 169 165 164 167 176 160 174 152 123 46 17 0 2 0 0 0 0 0 0 0 0 0 0 0 0 0 0 0 0 0 0
62 : 170 160 156 162 153 153 156 158 158 156 151 167 165 161 160 160 171 173 157 161 170 166 166 170 177 162 176 158 115 55 6 0 0 0 0 0 0 0 0 0 0 0 0 0 0 0 0 0 0 0 0
63 : 168 158 154 161 152 151 154 157 156 156 149 166 164 159 159 158 169 171 156 160 169 166 165 168 176 160 174 157 111 52 3 1 0 0 0 0 0 0 0 0 0 0 0 0 0 0 0 0 0 0 0
64 : 167 158 154 160 151 151 154 156 157 154 148 165 164 159 158 158 168 170 155 159 169 164 164 168 175 160 172 149 122 42 5 0 0 0 0 0 0 0 0 0 0 0 0 0 0 0 0 0 0 0 0
65 : 169 159 154 161 151 152 154 157 157 156 150 166 164 159 159 158 169 171 156 159 170 165 165 168 176 162 172 149 131 40 0 0 0 0 0 0 0 0 0 0 0 0 0 0 0 0 0 0 0 0 0
66 : 167 157 153 160 150 151 154 156 156 154 149 165 163 158 157 158 169 171 155 158 169 164 164 168 176 161 171 149 143 30 1 0 0 0 0 0 0 0 0 0 0 0 0 0 0 0 0 0 0 0 0
67 : 168 159 155 161 152 152 154 157 157 156 149 166 164 159 159 158 169 172 156 160 169 165 165 169 176 161 173 152 143 32 2 0 0 0 0 0 0 0 0 0 0 0 0 0 0 0 0 0 0 0 0
68 : 168 158 154 161 151 152 154 157 157 155 149 166 164 160 158 158 169 171 156 159 170 166 164 168 176 162 173 151 135 26 3 0 0 0 0 0 0 0 0 0 0 0 0 0 0 0 0 0 0 0 0
69 : 168 158 154 160 151 151 154 157 157 155 149 166 164 159 158 158 169 171 156 159 170 165 165 168 176 162 172 152 123 27 3 0 0 0 0 0 0 0 0 0 0 0 0 0 0 0 0 0 0 0 0
70 : 168 158 154 160 151 151 154 157 157 155 149 165 164 159 158 158 169 171 155 159 169 164 164 167 176 162 172 153 120 20 1 0 0 0 0 0 0 0 0 0 0 0 0 0 0 0 0 0 0 0 0
71 : 167 158 153 160 151 151 154 156 156 154 149 165 163 159 158 157 168 171 155 159 169 164 164 167 175 162 172 156 118 20 0 0 0 0 0 0 0 0 0 0 0 0 0 0 0 0 0 0 0 0 0
72 : 168 159 154 160 151 152 154 157 157 155 149 165 164 159 158 158 169 170 155 159 169 166 165 168 176 163 172 161 122 20 0 0 0 0 0 0 0 0 0 0 0 0 0 0 0 0 0 0 0 0 0
73 : 166 157 153 159 150 150 153 156 156 154 148 165 163 158 157 157 168 170 154 158 168 164 164 168 174 162 171 160 120 12 0 0 0 0 0 0 0 0 0 0 0 0 0 0 0 0 0 0 0 0 0
74 : 168 158 154 161 151 151 154 157 157 155 150 166 164 159 159 158 169 171 155 159 170 165 165 168 177 164 173 159 118 12 0 0 0 0 0 0 0 0 0 0 0 0 0 0 0 0 0 0 0 0 0
75 : 167 158 153 160 151 152 153 156 156 154 149 165 164 159 158 158 169 171 155 159 169 165 165 168 176 164 172 158 116 13 0 0 0 0 0 0 0 0 0 0 0 0 0 0 0 0 0 0 0 0 0
76 : 167 157 153 159 150 151 153 156 156 154 148 165 163 158 158 158 169 171 154 159 169 165 164 168 176 163 172 157 114 15 0 0 0 0 0 0 0 0 0 0 0 0 0 0 0 0 0 0 0 0 0
77 : 169 160 155 162 152 152 155 158 158 156 151 167 165 160 159 160 170 172 156 161 170 166 166 169 177 165 173 159 114 17 0 0 0 0 0 0 0 0 0 0 0 0 0 0 0 0 0 0 0 0 0
78 : 168 158 154 160 151 151 154 157 157 155 149 165 163 159 158 158 169 171 155 160 169 165 165 168 176 163 173 158 110 16 0 0 0 0 0 0 0 0 0 0 0 0 0 0 0 0 0 0 0 0 0
79 : 168 159 155 160 151 152 155 157 157 156 150 166 164 159 158 158 169 171 155 159 169 165 164 168 176 164 173 157 107 16 0 0 0 0 0 0 0 0 0 0 0 0 0 0 0 0 0 0 0 0 0
80 : 168 158 154 160 151 152 154 157 157 155 149 165 164 159 158 158 169 171 155 160 169 165 165 168 177 164 173 157 106 13 0 0 0 0 0 0 0 0 0 0 0 0 0 0 0 0 0 0 0 0 0
81 : 167 157 153 160 150 151 154 156 156 154 148 165 163 158 157 157 168 170 154 159 169 164 165 167 176 163 172 157 106 11 0 0 0 0 0 0 0 0 0 0 0 0 0 0 0 0 0 0 0 0 0
82 : 168 159 154 161 151 152 154 157 157 155 150 166 164 160 159 159 169 171 156 159 170 165 165 169 176 164 173 158 107 11 0 0 0 0 0 0 0 0 0 0 0 0 0 0 0 0 0 0 0 0 0
83 : 167 157 153 160 150 151 154 156 155 154 148 165 163 159 158 157 168 170 155 158 168 165 164 167 176 164 172 156 106 10 0 0 0 0 0 0 0 0 0 0 0 0 0 0 0 0 0 0 0 0 0
84 : 168 158 154 161 151 152 154 157 157 155 149 165 164 159 159 159 169 171 156 159 169 166 165 168 176 164 172 157 107 10 0 0 0 0 0 0 0 0 0 0 0 0 0 0 0 0 0 0 0 0 0
85 : 167 158 154 160 151 151 153 157 156 155 149 165 163 159 158 158 169 171 155 159 169 164 165 168 176 164 172 156 108 10 0 0 0 0 0 0 0 0 0 0 0 0 0 0 0 0 0 0 0 0 0
86 : 167 158 153 159 149 150 153 156 156 155 149 165 163 158 158 157 167 170 155 158 169 164 164 167 176 163 172 156 107 10 0 0 0 0 0 0 0 0 0 0 0 0 0 0 0 0 0 0 0 0 0
87 : 168 159 154 161 151 152 155 157 157 155 149 166 164 159 159 158 169 171 155 160 169 165 165 168 177 164 173 156 108 10 0 0 0 0 0 0 0 0 0 0 0 0 0 0 0 0 0 0 0 0 0
88 : 167 157 153 159 150 150 153 156 156 154 148 165 163 158 157 157 168 170 154 158 169 164 164 167 175 162 172 155 107 9 0 0 0 0 0 0 0 0 0 0 0 0 0 0 0 0 0 0 0 0 0
89 : 167 158 154 161 150 152 153 156 157 155 148 165 163 159 159 158 169 171 155 159 169 165 165 168 176 164 172 155 107 9 0 0 0 0 0 0 0 0 0 0 0 0 0 0 0 0 0 0 0 0 0
90 : 168 158 154 160 151 151 154 157 156 154 149 165 164 159 158 158 169 171 156 159 169 165 165 168 176 163 172 155 107 9 0 0 0 0 0 0 0 0 0 0 0 0 0 0 0 0 0 0 0 0 0
91 : 167 157 154 159 150 151 154 156 156 154 148 165 163 159 158 158 168 171 154 159 168 164 164 168 176 163 171 156 107 9 0 0 0 0 0 0 0 0 0 0 0 0 0 0 0 0 0 0 0 0 0
92 : 167 158 154 160 150 151 154 157 156 155 149 165 164 159 158 158 169 171 155 159 169 165 165 168 176 164 172 156 108 9 0 0 0 0 0 0 0 0 0 0 0 0 0 0 0 0 0 0 0 0 0
93 : 168 158 153 160 151 152 154 157 156 154 149 165 164 158 158 158 168 171 156 159 169 165 165 168 177 164 173 155 107 9 0 0 0 0 0 0 0 0 0 0 0 0 0 0 0 0 0 0 0 0 0
94 : 168 158 154 160 151 151 154 157 157 155 149 166 164 159 158 159 169 171 155 159 170 165 165 168 177 164 172 154 107 9 0 0 0 0 0 0 0 0 0 0 0 0 0 0 0 0 0 0 0 0 0
95 : 167 158 154 160 151 151 154 156 156 155 148 165 164 159 158 158 169 171 155 159 169 164 165 167 176 164 172 155 107 9 0 0 0 0 0 0 0 0 0 0 0 0 0 0 0 0 0 0 0 0 0
96 : 167 157 153 159 150 151 153 156 156 154 148 164 163 158 157 158 168 171 155 158 169 164 164 168 176 164 171 154 107 9 0 0 0 0 0 0 0 0 0 0 0 0 0 0 0 0 0 0 0 0 0
97 : 168 158 154 160 151 152 154 157 157 155 149 165 164 159 158 158 169 170 155 159 169 165 164 168 176 164 172 154 107 9 0 0 0 0 0 0 0 0 0 0 0 0 0 0 0 0 0 0 0 0 0
98 : 166 157 152 159 150 150 153 155 156 154 148 164 163 158 157 157 168 170 154 159 168 164 163 167 176 163 171 153 107 9 0 0 0 0 0 0 0 0 0 0 0 0 0 0 0 0 0 0 0 0 0
99 : 167 158 154 161 150 151 154 156 157 155 148 165 163 158 158 158 169 171 155 159 169 165 164 167 176 163 172 154 107 9 0 0 0 0 0 0 0 0 0 0 0 0 0 0 0 0 0 0 0 0 0
100 : 167 158 153 159 150 151 153 156 156 154 148 165 163 158 157 157 168 170 154 158 169 164 163 167 175 163 171 154 107 9 0 0 0 0 0 0 0 0 0 0 0 0 0 0 0 0 0 0 0 0 0
101 : 168 158 154 160 151 152 155 157 157 155 150 165 165 159 159 159 170 172 156 159 170 166 166 169 177 165 173 156 109 10 0 0 0 0 0 0 0 0 0 0 0 0 0 0 0 0 0 0 0 0 0
