Brightness in each height
Heights/D : 22.9231 22.4677 22.0123 21.5569 21.1015 20.6462 20.1908 19.7354 19.28 18.8246 18.3692 17.9138 17.4585 17.0031 16.5477 16.0923 15.6369 15.1815 14.7262 14.2708 13.8154 13.36 12.9046 12.4492 11.9938 11.5385 11.0831 10.6277 10.1723 9.71692 9.26154 8.80615 8.35077 7.89538 7.44 6.98462 6.52923 6.07385 5.61846 5.16308 4.70769 4.25231 3.79692 3.34154 2.88615 2.43077 1.97538 1.52 1.06462 0.609231 0.153846
1 : 119 127 122 124 124 131 135 135 136 140 140 142 143 144 146 153 155 150 155 158 149 20 0 0 0 0 0 0 0 0 0 0 0 0 0 0 0 0 0 0 0 0 0 0 0 0 0 0 0 0 0
2 : 121 129 123 124 125 132 136 136 137 141 141 142 143 145 147 153 155 150 156 159 151 20 0 0 0 0 0 0 0 0 0 0 0 0 0 0 0 0 0 0 0 0 0 0 0 0 0 0 0 0 0
3 : 120 127 121 123 125 131 134 135 136 140 139 142 142 144 146 152 155 150 155 158 154 20 0 0 0 0 0 0 0 0 0 0 0 0 0 0 0 0 0 0 0 0 0 0 0 0 0 0 0 0 0
4 : 120 128 122 124 124 131 134 136 136 140 140 141 142 143 146 152 154 150 155 158 153 20 0 0 0 0 0 0 0 0 0 0 0 0 0 0 0 0 0 0 0 0 0 0 0 0 0 0 0 0 0
5 : 120 127 122 123 124 131 135 135 136 140 140 142 142 144 146 153 155 150 155 158 153 20 0 0 0 0 0 0 0 0 0 0 0 0 0 0 0 0 0 0 0 0 0 0 0 0 0 0 0 0 0
6 : 120 127 121 123 124 130 134 134 135 139 139 141 142 144 146 152 154 149 154 157 151 20 0 0 0 0 0 0 0 0 0 0 0 0 0 0 0 0 0 0 0 0 0 0 0 0 0 0 0 0 0
7 : 121 129 123 125 126 133 136 136 137 141 141 143 144 146 147 153 155 151 156 159 154 20 0 0 0 0 0 0 0 0 0 0 0 0 0 0 0 0 0 0 0 0 0 0 0 0 0 0 0 0 0
8 : 120 127 121 123 124 131 134 135 136 140 140 142 142 144 146 153 154 150 155 158 152 19 0 0 0 0 0 0 0 0 0 0 0 0 0 0 0 0 0 0 0 0 0 0 0 0 0 0 0 0 0
9 : 120 128 122 124 125 132 135 135 136 140 141 142 143 145 147 153 155 151 156 158 150 19 0 0 0 0 0 0 0 0 0 0 0 0 0 0 0 0 0 0 0 0 0 0 0 0 0 0 0 0 0
10 : 120 128 122 124 125 133 135 136 137 141 140 142 143 145 147 153 155 150 156 158 151 20 0 0 0 0 0 0 0 0 0 0 0 0 0 0 0 0 0 0 0 0 0 0 0 0 0 0 0 0 0
11 : 120 127 122 123 124 131 134 135 136 140 140 141 142 144 146 152 154 150 155 157 152 20 0 0 0 0 0 0 0 0 0 0 0 0 0 0 0 0 0 0 0 0 0 0 0 0 0 0 0 0 0
12 : 120 129 124 125 125 132 135 136 137 141 141 142 144 145 147 153 155 151 156 158 154 20 0 0 0 0 0 0 0 0 0 0 0 0 0 0 0 0 0 0 0 0 0 0 0 0 0 0 0 0 0
13 : 119 127 121 123 123 131 134 135 135 139 140 141 141 144 146 152 154 149 154 157 153 21 0 0 0 0 0 0 0 0 0 0 0 0 0 0 0 0 0 0 0 0 0 0 0 0 0 0 0 0 0
14 : 120 128 122 124 125 132 136 135 136 140 141 142 143 145 147 153 155 151 156 158 157 22 0 0 0 0 0 0 0 0 0 0 0 0 0 0 0 0 0 0 0 0 0 0 0 0 0 0 0 0 0
15 : 121 129 123 124 125 132 135 136 137 140 141 142 143 145 147 153 155 151 156 159 154 23 0 0 0 0 0 0 0 0 0 0 0 0 0 0 0 0 0 0 0 0 0 0 0 0 0 0 0 0 0
16 : 119 127 122 123 123 130 134 135 135 139 140 141 141 144 146 152 154 149 155 158 154 23 0 0 0 0 0 0 0 0 0 0 0 0 0 0 0 0 0 0 0 0 0 0 0 0 0 0 0 0 0
17 : 121 129 124 125 126 133 136 137 138 141 141 143 143 146 148 154 155 151 156 159 156 24 0 0 0 0 0 0 0 0 0 0 0 0 0 0 0 0 0 0 0 0 0 0 0 0 0 0 0 0 0
18 : 119 128 122 123 124 131 135 135 136 140 139 142 142 145 146 152 154 149 155 158 153 22 0 0 0 0 0 0 0 0 0 0 0 0 0 0 0 0 0 0 0 0 0 0 0 0 0 0 0 0 0
19 : 120 129 123 124 124 132 135 135 136 140 140 143 144 146 147 153 155 151 156 158 156 21 0 0 0 0 0 0 0 0 0 0 0 0 0 0 0 0 0 0 0 0 0 0 0 0 0 0 0 0 0
20 : 120 128 123 124 125 132 135 136 136 141 140 142 143 146 147 153 155 150 156 159 160 23 0 0 0 0 0 0 0 0 0 0 0 0 0 0 0 0 0 0 0 0 0 0 0 0 0 0 0 0 0
21 : 120 129 122 124 124 131 135 135 136 141 140 143 143 146 147 153 155 150 156 159 156 26 0 0 0 0 0 0 0 0 0 0 0 0 0 0 0 0 0 0 0 0 0 0 0 0 0 0 0 0 0
22 : 120 130 124 125 125 133 136 137 137 141 141 144 144 147 148 154 155 151 157 160 157 28 0 0 0 0 0 0 0 0 0 0 0 0 0 0 0 0 0 0 0 0 0 0 0 0 0 0 0 0 0
23 : 119 128 123 124 124 132 135 135 136 141 140 142 144 146 147 153 155 151 156 159 153 27 0 0 0 0 0 0 0 0 0 0 0 0 0 0 0 0 0 0 0 0 0 0 0 0 0 0 0 0 0
24 : 120 129 123 125 125 133 136 136 137 141 141 143 143 146 148 153 156 151 156 159 153 47 0 0 0 0 0 0 0 0 0 0 0 0 0 0 0 0 0 0 0 0 0 0 0 0 0 0 0 0 0
25 : 120 129 123 124 125 132 136 136 137 141 141 143 142 146 147 153 155 151 156 159 153 46 0 0 0 0 0 0 0 0 0 0 0 0 0 0 0 0 0 0 0 0 0 0 0 0 0 0 0 0 0
26 : 119 128 122 123 124 131 135 135 136 140 140 142 142 145 147 152 154 151 155 158 152 36 0 0 0 0 0 0 0 0 0 0 0 0 0 0 0 0 0 0 0 0 0 0 0 0 0 0 0 0 0
27 : 120 129 124 125 125 133 136 136 137 140 141 142 143 146 148 153 155 151 156 159 155 28 0 0 0 0 0 0 0 0 0 0 0 0 0 0 0 0 0 0 0 0 0 0 0 0 0 0 0 0 0
28 : 119 128 122 123 123 132 135 135 135 139 140 141 141 144 146 152 154 150 155 158 155 24 0 0 0 0 0 0 0 0 0 0 0 0 0 0 0 0 0 0 0 0 0 0 0 0 0 0 0 0 0
29 : 119 128 122 124 124 132 135 136 137 140 141 142 142 146 147 153 155 151 156 159 154 45 0 0 0 0 0 0 0 0 0 0 0 0 0 0 0 0 0 0 0 0 0 0 0 0 0 0 0 0 0
30 : 119 128 122 123 124 132 135 135 136 139 139 141 142 144 146 152 155 150 155 158 148 43 0 0 0 0 0 0 0 0 0 0 0 0 0 0 0 0 0 0 0 0 0 0 0 0 0 0 0 0 0
31 : 119 128 122 124 124 131 135 136 136 140 140 142 142 144 146 152 154 150 155 158 148 34 1 0 0 0 0 0 0 0 0 0 0 0 0 0 0 0 0 0 0 0 0 0 0 0 0 0 0 0 0
32 : 120 130 124 125 125 133 136 137 137 142 141 143 143 146 147 153 156 151 156 159 153 34 2 0 0 0 0 0 0 0 0 0 0 0 0 0 0 0 0 0 0 0 0 0 0 0 0 0 0 0 0
33 : 119 128 122 123 123 131 135 135 136 139 140 142 142 145 146 152 155 149 155 158 152 40 1 0 0 0 0 0 0 0 0 0 0 0 0 0 0 0 0 0 0 0 0 0 0 0 0 0 0 0 0
34 : 120 129 123 125 125 133 136 136 137 141 141 143 143 146 147 153 156 151 156 159 154 40 0 0 0 0 0 0 0 0 0 0 0 0 0 0 0 0 0 0 0 0 0 0 0 0 0 0 0 0 0
35 : 120 129 123 124 124 132 135 136 137 141 141 143 143 146 147 153 155 151 156 158 155 60 0 0 0 0 0 0 0 0 0 0 0 0 0 0 0 0 0 0 0 0 0 0 0 0 0 0 0 0 0
36 : 119 127 122 124 124 131 135 135 135 140 140 142 142 145 147 153 155 150 156 159 153 45 1 0 0 0 0 0 0 0 0 0 0 0 0 0 0 0 0 0 0 0 0 0 0 0 0 0 0 0 0
37 : 121 129 123 124 125 133 136 136 137 141 141 143 143 146 147 153 155 151 156 159 154 29 6 0 0 0 0 0 0 0 0 0 0 0 0 0 0 0 0 0 0 0 0 0 0 0 0 0 0 0 0
38 : 119 127 121 123 124 131 135 135 136 139 139 141 141 145 146 152 154 150 155 158 154 23 13 0 0 0 0 0 0 0 0 0 0 0 0 0 0 0 0 0 0 0 0 0 0 0 0 0 0 0 0
39 : 120 129 122 124 124 132 136 136 137 140 141 142 142 145 147 152 155 151 156 159 154 22 10 0 0 0 0 0 0 0 0 0 0 0 0 0 0 0 0 0 0 0 0 0 0 0 0 0 0 0 0
40 : 120 128 122 124 124 132 135 136 136 140 140 142 143 145 147 153 155 151 156 159 154 23 1 0 0 0 0 0 0 0 0 0 0 0 0 0 0 0 0 0 0 0 0 0 0 0 0 0 0 0 0
41 : 118 127 121 123 123 132 135 135 136 139 140 141 141 144 146 152 155 150 155 158 154 23 0 0 0 0 0 0 0 0 0 0 0 0 0 0 0 0 0 0 0 0 0 0 0 0 0 0 0 0 0
42 : 121 130 123 125 125 133 136 137 138 141 141 143 143 146 148 154 156 152 156 160 155 24 0 0 0 0 0 0 0 0 0 0 0 0 0 0 0 0 0 0 0 0 0 0 0 0 0 0 0 0 0
43 : 118 127 121 122 123 131 135 135 136 139 140 141 141 144 146 151 154 150 154 158 152 34 0 0 0 0 0 0 0 0 0 0 0 0 0 0 0 0 0 0 0 0 0 0 0 0 0 0 0 0 0
44 : 120 128 122 124 124 132 136 135 137 140 140 142 142 145 146 153 155 151 156 159 151 31 0 0 0 0 0 0 0 0 0 0 0 0 0 0 0 0 0 0 0 0 0 0 0 0 0 0 0 0 0
45 : 120 128 122 124 125 133 136 136 137 141 141 143 143 145 147 154 155 151 156 159 153 25 1 0 0 0 0 0 0 0 0 0 0 0 0 0 0 0 0 0 0 0 0 0 0 0 0 0 0 0 0
46 : 119 128 121 124 124 132 135 135 135 140 140 142 143 145 146 153 155 150 155 159 151 24 1 0 0 0 0 0 0 0 0 0 0 0 0 0 0 0 0 0 0 0 0 0 0 0 0 0 0 0 0
47 : 121 130 124 125 126 134 137 137 138 142 142 144 144 147 149 155 156 152 157 160 153 23 2 0 0 0 0 0 0 0 0 0 0 0 0 0 0 0 0 0 0 0 0 0 0 0 0 0 0 0 0
48 : 119 128 123 124 124 132 135 135 137 140 141 142 143 146 147 153 155 150 155 159 150 21 2 0 0 0 0 0 0 0 0 0 0 0 0 0 0 0 0 0 0 0 0 0 0 0 0 0 0 0 0
49 : 120 128 123 124 125 132 136 136 137 140 140 143 143 146 147 153 155 151 156 159 149 22 1 0 0 0 0 0 0 0 0 0 0 0 0 0 0 0 0 0 0 0 0 0 0 0 0 0 0 0 0
50 : 119 128 123 124 124 132 136 135 137 141 141 143 143 146 147 154 155 151 156 159 149 33 1 0 0 0 0 0 0 0 0 0 0 0 0 0 0 0 0 0 0 0 0 0 0 0 0 0 0 0 0
51 : 119 128 121 123 124 132 135 135 137 140 140 142 142 145 147 153 155 150 155 159 150 42 0 0 0 0 0 0 0 0 0 0 0 0 0 0 0 0 0 0 0 0 0 0 0 0 0 0 0 0 0
52 : 121 130 123 125 126 133 136 136 137 141 141 143 144 146 148 154 156 151 157 160 152 38 0 0 0 0 0 0 0 0 0 0 0 0 0 0 0 0 0 0 0 0 0 0 0 0 0 0 0 0 0
53 : 119 129 123 124 124 132 135 135 136 140 141 142 143 146 147 154 155 151 156 159 152 27 0 0 0 0 0 0 0 0 0 0 0 0 0 0 0 0 0 0 0 0 0 0 0 0 0 0 0 0 0
54 : 119 128 122 123 124 132 135 135 136 140 140 142 142 145 146 153 155 150 155 158 151 27 0 0 0 0 0 0 0 0 0 0 0 0 0 0 0 0 0 0 0 0 0 0 0 0 0 0 0 0 0
55 : 119 129 123 124 124 133 136 136 137 141 140 142 143 146 148 154 156 151 156 159 152 26 0 0 0 0 0 0 0 0 0 0 0 0 0 0 0 0 0 0 0 0 0 0 0 0 0 0 0 0 0
56 : 119 129 122 123 123 131 135 135 136 140 140 142 142 145 146 153 154 150 156 158 150 25 0 0 0 0 0 0 0 0 0 0 0 0 0 0 0 0 0 0 0 0 0 0 0 0 0 0 0 0 0
57 : 121 130 124 125 125 134 137 137 138 141 142 143 143 147 148 154 156 151 156 160 151 25 0 0 0 0 0 0 0 0 0 0 0 0 0 0 0 0 0 0 0 0 0 0 0 0 0 0 0 0 0
58 : 119 128 122 123 123 132 134 135 135 140 140 141 142 145 147 152 154 150 155 158 149 24 0 0 0 0 0 0 0 0 0 0 0 0 0 0 0 0 0 0 0 0 0 0 0 0 0 0 0 0 0
59 : 120 130 124 124 125 133 136 136 137 141 141 143 144 147 148 154 156 151 156 160 151 25 0 0 0 0 0 0 0 0 0 0 0 0 0 0 0 0 0 0 0 0 0 0 0 0 0 0 0 0 0
60 : 119 128 122 123 124 132 134 135 136 140 139 142 142 145 146 153 155 149 155 158 151 24 0 0 0 0 0 0 0 0 0 0 0 0 0 0 0 0 0 0 0 0 0 0 0 0 0 0 0 0 0
61 : 118 128 122 123 124 132 135 135 136 140 140 142 143 145 147 153 154 150 155 159 151 24 0 0 0 0 0 0 0 0 0 0 0 0 0 0 0 0 0 0 0 0 0 0 0 0 0 0 0 0 0
62 : 120 130 123 125 125 133 136 137 137 141 141 143 144 147 148 154 156 151 156 159 153 25 0 0 0 0 0 0 0 0 0 0 0 0 0 0 0 0 0 0 0 0 0 0 0 0 0 0 0 0 0
63 : 119 128 122 123 123 131 135 135 136 139 139 141 142 145 146 152 155 149 155 158 152 24 0 0 0 0 0 0 0 0 0 0 0 0 0 0 0 0 0 0 0 0 0 0 0 0 0 0 0 0 0
64 : 119 128 123 123 124 132 135 136 136 140 140 142 142 146 146 153 155 150 155 159 152 24 0 0 0 0 0 0 0 0 0 0 0 0 0 0 0 0 0 0 0 0 0 0 0 0 0 0 0 0 0
65 : 119 128 123 123 123 132 135 135 135 139 140 142 142 145 147 153 155 150 155 158 152 25 0 0 0 0 0 0 0 0 0 0 0 0 0 0 0 0 0 0 0 0 0 0 0 0 0 0 0 0 0
66 : 119 128 122 123 123 131 135 135 136 140 140 142 142 145 146 153 155 150 155 158 152 25 0 0 0 0 0 0 0 0 0 0 0 0 0 0 0 0 0 0 0 0 0 0 0 0 0 0 0 0 0
67 : 120 129 123 124 124 132 136 136 137 141 141 142 142 145 148 154 155 150 155 159 152 25 0 0 0 0 0 0 0 0 0 0 0 0 0 0 0 0 0 0 0 0 0 0 0 0 0 0 0 0 0
68 : 118 127 122 123 123 131 134 135 135 139 140 141 141 144 146 152 154 150 155 159 150 24 0 0 0 0 0 0 0 0 0 0 0 0 0 0 0 0 0 0 0 0 0 0 0 0 0 0 0 0 0
69 : 120 128 123 123 124 133 135 136 137 140 141 142 142 145 147 153 154 150 155 159 151 24 0 0 0 0 0 0 0 0 0 0 0 0 0 0 0 0 0 0 0 0 0 0 0 0 0 0 0 0 0
70 : 118 127 122 123 124 132 135 135 136 139 140 141 142 145 146 152 155 150 155 158 151 24 0 0 0 0 0 0 0 0 0 0 0 0 0 0 0 0 0 0 0 0 0 0 0 0 0 0 0 0 0
71 : 119 128 122 123 123 132 135 135 136 140 140 142 142 145 147 153 154 150 155 159 152 24 0 0 0 0 0 0 0 0 0 0 0 0 0 0 0 0 0 0 0 0 0 0 0 0 0 0 0 0 0
72 : 120 129 123 124 125 133 136 136 137 141 141 142 143 146 147 153 155 151 156 159 152 24 0 0 0 0 0 0 0 0 0 0 0 0 0 0 0 0 0 0 0 0 0 0 0 0 0 0 0 0 0
73 : 119 129 122 124 124 132 135 136 136 140 141 142 143 145 147 153 155 150 155 159 151 24 0 0 0 0 0 0 0 0 0 0 0 0 0 0 0 0 0 0 0 0 0 0 0 0 0 0 0 0 0
74 : 120 129 123 123 124 132 135 136 136 141 140 142 142 145 147 153 155 151 156 159 151 24 0 0 0 0 0 0 0 0 0 0 0 0 0 0 0 0 0 0 0 0 0 0 0 0 0 0 0 0 0
75 : 119 128 122 124 124 133 135 136 137 141 141 142 143 145 147 153 155 150 156 159 154 27 0 0 0 0 0 0 0 0 0 0 0 0 0 0 0 0 0 0 0 0 0 0 0 0 0 0 0 0 0
76 : 119 128 122 123 123 132 135 135 136 140 140 141 142 144 146 153 155 150 155 159 150 40 0 0 0 0 0 0 0 0 0 0 0 0 0 0 0 0 0 0 0 0 0 0 0 0 0 0 0 0 0
77 : 119 128 122 124 124 133 136 136 136 141 141 142 143 146 147 153 155 151 156 159 152 44 0 0 0 0 0 0 0 0 0 0 0 0 0 0 0 0 0 0 0 0 0 0 0 0 0 0 0 0 0
78 : 119 128 122 123 123 132 135 135 136 139 139 141 142 145 146 153 154 150 155 158 151 35 0 0 0 0 0 0 0 0 0 0 0 0 0 0 0 0 0 0 0 0 0 0 0 0 0 0 0 0 0
79 : 119 128 122 124 124 132 135 135 136 139 140 141 142 145 147 153 155 150 155 158 151 30 0 0 0 0 0 0 0 0 0 0 0 0 0 0 0 0 0 0 0 0 0 0 0 0 0 0 0 0 0
80 : 119 129 122 124 125 133 136 136 136 140 141 142 142 145 147 153 155 151 156 159 152 34 0 0 0 0 0 0 0 0 0 0 0 0 0 0 0 0 0 0 0 0 0 0 0 0 0 0 0 0 0
81 : 119 128 121 123 124 132 136 135 136 140 141 142 142 144 147 153 155 150 155 159 152 30 0 0 0 0 0 0 0 0 0 0 0 0 0 0 0 0 0 0 0 0 0 0 0 0 0 0 0 0 0
82 : 120 129 123 124 125 133 136 136 138 141 142 142 143 146 148 154 156 151 156 160 152 24 0 0 0 0 0 0 0 0 0 0 0 0 0 0 0 0 0 0 0 0 0 0 0 0 0 0 0 0 0
83 : 118 128 121 123 123 132 134 135 136 139 140 141 141 145 146 153 155 150 155 158 151 26 0 0 0 0 0 0 0 0 0 0 0 0 0 0 0 0 0 0 0 0 0 0 0 0 0 0 0 0 0
84 : 119 129 123 124 124 133 136 136 136 140 140 142 142 146 147 153 155 150 156 159 152 24 0 0 0 0 0 0 0 0 0 0 0 0 0 0 0 0 0 0 0 0 0 0 0 0 0 0 0 0 0
85 : 119 129 122 123 124 132 135 136 136 141 140 142 142 146 147 154 155 150 156 159 153 25 0 0 0 0 0 0 0 0 0 0 0 0 0 0 0 0 0 0 0 0 0 0 0 0 0 0 0 0 0
86 : 118 128 122 122 122 131 134 134 135 139 139 140 141 145 146 152 154 149 155 158 150 37 0 0 0 0 0 0 0 0 0 0 0 0 0 0 0 0 0 0 0 0 0 0 0 0 0 0 0 0 0
87 : 120 129 123 124 124 133 136 136 137 141 141 143 143 146 148 154 156 150 156 159 151 34 0 0 0 0 0 0 0 0 0 0 0 0 0 0 0 0 0 0 0 0 0 0 0 0 0 0 0 0 0
88 : 119 128 121 123 123 131 134 134 136 139 139 141 142 145 146 152 154 149 155 159 151 20 5 0 0 0 0 0 0 0 0 0 0 0 0 0 0 0 0 0 0 0 0 0 0 0 0 0 0 0 0
89 : 119 129 122 124 124 132 135 136 136 140 140 142 142 146 147 153 155 150 156 159 152 24 9 0 0 0 0 0 0 0 0 0 0 0 0 0 0 0 0 0 0 0 0 0 0 0 0 0 0 0 0
90 : 118 128 122 123 124 131 135 135 135 140 140 141 142 145 146 152 154 149 155 158 153 27 5 1 0 0 0 0 0 0 0 0 0 0 0 0 0 0 0 0 0 0 0 0 0 0 0 0 0 0 0
91 : 118 129 121 123 123 131 135 135 136 139 140 141 141 145 146 153 155 150 155 159 151 42 1 6 0 0 0 0 0 0 0 0 0 0 0 0 0 0 0 0 0 0 0 0 0 0 0 0 0 0 0
92 : 119 130 123 125 125 133 137 136 137 141 141 142 144 147 148 154 156 150 156 160 153 28 1 14 0 0 0 0 0 0 0 0 0 0 0 0 0 0 0 0 0 0 0 0 0 0 0 0 0 0 0
93 : 118 128 121 122 124 132 135 135 135 139 139 141 141 145 146 152 155 150 155 158 149 25 7 20 0 0 0 0 0 0 0 0 0 0 0 0 0 0 0 0 0 0 0 0 0 0 0 0 0 0 0
94 : 119 130 123 124 125 133 136 137 137 141 142 143 144 146 148 154 157 151 156 160 153 26 2 20 0 0 0 0 0 0 0 0 0 0 0 0 0 0 0 0 0 0 0 0 0 0 0 0 0 0 0
95 : 118 129 123 124 125 132 136 136 136 140 140 142 142 146 147 154 156 150 156 159 151 38 0 28 0 0 0 0 0 0 0 0 0 0 0 0 0 0 0 0 0 0 0 0 0 0 0 0 0 0 0
96 : 118 129 121 123 123 132 135 135 135 140 139 141 142 145 147 153 155 150 155 159 148 60 1 11 0 0 0 0 0 0 0 0 0 0 0 0 0 0 0 0 0 0 0 0 0 0 0 0 0 0 0
97 : 119 129 123 125 125 133 136 136 137 142 141 142 143 147 148 154 156 150 156 159 150 40 9 1 0 0 0 0 0 0 0 0 0 0 0 0 0 0 0 0 0 0 0 0 0 0 0 0 0 0 0
98 : 119 129 122 124 124 132 136 136 136 141 140 142 143 147 147 154 156 149 156 159 151 46 33 0 0 0 0 0 0 0 0 0 0 0 0 0 0 0 0 0 0 0 0 0 0 0 0 0 0 0 0
99 : 119 129 122 124 124 133 136 136 137 141 140 142 143 147 148 154 156 149 155 159 148 46 28 0 0 0 0 0 0 0 0 0 0 0 0 0 0 0 0 0 0 0 0 0 0 0 0 0 0 0 0
100 : 119 129 122 124 124 132 135 135 136 141 141 142 142 147 147 154 156 149 155 159 149 65 17 0 0 0 0 0 0 0 0 0 0 0 0 0 0 0 0 0 0 0 0 0 0 0 0 0 0 0 0
101 : 118 129 121 123 123 131 135 135 136 140 140 141 142 145 147 153 155 148 155 158 148 62 16 0 0 0 0 0 0 0 0 0 0 0 0 0 0 0 0 0 0 0 0 0 0 0 0 0 0 0 0
